Files/BOM data/2019071620190716.grid
ncols 839
nrows 679
xllcenter 112.0500
yllcenter -43.9500
cellsize 0.0500
nodata_value 99999.90
[rows 272 to 305 of 679, columns 616 to 692 of 839]
16.37 16.38 16.37 16.37 16.32 16.39 16.41 16.37 16.30 16.26 16.33 16.37 16.37 16.37 16.36 16.35 16.18 16.24 16.27 16.24 16.22 16.24 16.22 16.10 16.04 16.07 16.07 16.16 16.27 16.37 16.26 16.44 16.44 16.43 16.43 16.42 16.42 16.38 16.45 16.39 16.42 16.37 16.34 16.42 16.47 16.46 16.47 16.48 16.46 16.44 16.41 16.46 16.43 16.45 16.41 16.45 16.43 16.43 16.47 16.42 16.38 16.42 16.43 16.43 16.44 16.45 16.44 16.45 16.42 16.37 16.43 16.44 16.43 16.45 16.45 16.46 16.43
16.37 16.39 16.36 16.37 16.33 16.30 16.40 16.35 16.28 16.32 16.32 16.30 16.32 16.32 16.35 16.28 16.15 16.29 16.30 16.10 16.16 16.25 16.18 16.22 16.02 16.08 16.10 16.21 16.32 16.34 16.28 16.39 16.34 16.27 16.25 16.39 16.32 16.34 16.35 16.28 16.23 16.38 16.40 16.39 16.44 16.46 16.44 16.44 16.43 16.39 16.41 16.46 16.40 16.41 16.43 16.41 16.40 16.42 16.42 16.40 16.38 16.38 16.39 16.39 16.42 16.42 16.41 16.43 16.43 16.35 16.36 16.41 16.43 16.45 16.44 16.41 16.40
16.35 16.36 16.36 16.40 16.22 16.21 16.33 16.30 16.18 16.26 16.31 16.29 16.30 16.27 16.33 16.14 16.15 16.19 16.08 16.17 16.11 16.23 16.28 16.16 16.06 16.23 16.16 16.21 16.28 16.35 16.36 16.18 16.17 16.11 16.11 16.32 16.29 16.29 16.31 16.27 16.22 16.27 16.31 16.38 16.39 16.41 16.42 16.41 16.41 16.40 16.40 16.43 16.42 16.42 16.40 16.37 16.36 16.41 16.39 16.39 16.36 16.37 16.35 16.40 16.39 16.39 16.39 16.41 16.42 16.37 16.33 16.32 16.40 16.42 16.39 16.40 16.40
16.34 16.38 16.33 16.33 16.29 16.24 16.25 16.33 16.11 16.16 16.26 16.26 16.30 16.28 16.24 16.12 16.01 16.12 15.99 16.19 16.19 16.18 16.13 16.12 16.06 16.18 16.21 16.17 16.10 16.27 16.15 16.13 16.08 16.16 16.01 16.07 16.34 16.32 16.27 16.28 16.27 16.34 16.32 16.31 16.36 16.38 16.39 16.39 16.40 16.38 16.38 16.39 16.40 16.35 16.36 16.32 16.30 16.37 16.33 16.33 16.36 16.32 16.33 16.36 16.37 16.38 16.37 16.36 16.36 16.34 16.31 16.29 16.31 16.35 16.35 16.36 16.34
16.28 16.27 16.26 16.32 16.32 16.26 16.22 16.26 16.13 16.22 16.21 16.20 16.27 16.08 16.03 16.08 15.96 15.97 15.98 16.05 16.14 16.15 16.17 16.17 16.08 16.11 16.03 16.16 16.00 16.10 16.14 16.25 16.28 15.82 15.83 16.20 16.26 16.21 16.22 16.21 16.20 16.20 16.22 16.15 16.20 16.24 16.33 16.33 16.32 16.27 16.34 16.35 16.38 16.36 16.30 16.27 16.27 16.34 16.32 16.30 16.31 16.28 16.29 16.31 16.34 16.35 16.35 16.27 16.22 16.31 16.29 16.28 16.28 16.31 16.32 16.34 16.33
16.17 16.18 16.19 16.26 16.26 16.23 16.20 16.24 16.21 16.21 16.21 16.12 16.11 16.15 16.05 15.94 15.96 16.03 16.12 16.08 16.05 16.07 16.02 16.08 15.96 15.92 15.99 16.16 16.02 16.03 16.31 16.31 16.08 15.95 15.95 16.12 16.27 16.23 16.22 16.25 16.24 16.23 16.18 16.18 16.17 16.20 16.21 16.29 16.28 16.25 16.28 16.32 16.33 16.33 16.28 16.30 16.25 16.31 16.30 16.28 16.31 16.25 16.26 16.26 16.28 16.29 16.28 16.29 16.26 16.27 16.29 16.26 16.25 16.29 16.30 16.29 16.27
16.21 16.21 16.09 16.18 16.23 16.19 16.10 16.20 16.20 16.16 16.23 16.12 15.98 15.86 15.88 15.86 15.98 16.01 15.92 16.06 15.98 16.00 15.80 15.93 15.97 16.00 15.93 16.02 15.98 15.92 16.11 16.07 16.18 16.15 16.26 16.24 16.21 16.10 16.12 16.25 16.29 16.23 16.21 16.15 16.22 16.24 16.25 16.32 16.34 16.29 16.29 16.27 16.31 16.32 16.32 16.29 16.28 16.25 16.26 16.29 16.30 16.28 16.25 16.25 16.24 16.24 16.26 16.24 16.23 16.24 16.25 16.26 16.23 16.26 16.26 16.28 16.24
16.22 16.13 16.07 16.14 16.19 16.14 16.05 16.21 16.16 16.18 16.08 16.06 15.83 15.76 15.78 15.69 15.68 16.07 16.03 16.06 15.99 15.84 15.72 15.86 15.99 15.86 15.86 15.92 15.87 15.86 15.93 16.16 16.26 16.17 16.11 16.16 16.22 16.17 16.20 16.18 16.18 16.20 16.15 16.20 16.26 16.27 16.33 16.29 16.19 16.24 16.28 16.30 16.30 16.29 16.31 16.28 16.26 16.23 16.24 16.25 16.26 16.28 16.25 16.23 16.22 16.14 16.22 16.23 16.24 16.18 16.23 16.22 16.21 16.22 16.23 16.24 16.23
16.03 16.00 16.13 16.20 16.19 16.15 16.15 16.18 16.14 16.14 15.81 15.92 15.73 15.83 15.63 15.51 15.80 15.97 15.92 16.05 16.14 15.87 15.77 15.89 15.81 15.73 15.66 15.86 15.75 15.79 15.81 15.95 16.11 16.15 16.14 16.11 16.17 16.12 16.19 16.17 16.13 16.14 16.21 16.21 16.28 16.30 16.27 16.17 16.05 16.11 16.17 16.19 16.25 16.27 16.27 16.29 16.24 16.18 16.20 16.26 16.23 16.20 16.21 16.23 16.18 16.20 16.18 16.14 16.20 16.18 16.15 16.23 16.17 16.19 16.20 16.21 16.19
15.77 16.11 16.12 16.18 16.14 16.12 16.13 16.18 16.13 16.07 15.78 15.88 15.60 15.62 15.65 15.60 15.63 15.82 15.82 15.78 15.79 15.84 15.81 15.95 15.87 15.70 15.74 15.76 15.79 15.98 15.96 15.95 16.04 16.14 16.01 16.03 16.00 16.06 16.09 16.11 16.02 16.04 16.12 16.13 16.18 16.11 16.16 16.18 16.17 16.13 16.14 16.15 16.23 16.13 16.15 16.26 16.26 16.23 16.22 16.18 16.18 16.20 16.20 16.19 16.17 16.17 16.17 16.16 16.16 16.11 16.17 16.16 16.19 16.18 16.16 16.15 16.17
15.94 16.04 16.17 16.17 16.14 16.08 16.04 16.15 16.09 15.98 15.80 15.83 15.67 15.62 15.71 15.67 15.71 15.69 15.71 15.81 15.92 15.91 15.92 15.84 15.83 15.73 15.85 15.81 15.80 15.96 15.95 16.03 16.03 16.04 15.87 15.99 15.97 16.08 16.19 16.20 16.06 15.90 16.03 16.13 16.09 16.05 16.00 16.14 16.13 16.08 16.14 16.15 16.21 16.18 16.06 16.11 16.23 16.21 16.21 16.12 16.16 16.16 16.15 16.15 16.10 16.16 16.15 16.14 16.08 16.08 16.10 16.10 16.15 16.16 16.13 16.09 16.07
15.88 15.94 16.10 16.12 16.06 16.07 16.08 16.02 16.06 15.97 15.71 15.69 15.61 15.70 15.77 15.82 15.85 15.75 15.71 15.92 16.04 15.86 15.80 15.63 15.83 15.96 15.88 15.93 15.99 16.04 15.96 15.92 16.07 16.07 16.04 15.98 16.01 16.15 16.20 16.18 16.02 15.89 15.85 16.03 16.06 16.11 16.09 16.10 16.05 16.04 16.03 16.11 16.13 16.05 16.03 16.00 16.09 16.10 16.10 16.06 16.13 16.16 16.15 16.14 16.12 16.11 16.13 16.11 16.12 16.12 16.10 16.08 16.15 16.15 16.11 16.11 16.12
15.87 15.98 16.09 16.06 16.09 16.07 16.08 16.02 15.96 15.62 15.61 15.75 15.73 15.70 15.75 15.91 15.85 15.79 15.71 15.90 15.86 15.97 15.53 15.72 15.83 15.97 16.00 15.99 16.07 15.97 15.88 16.00 15.98 15.97 15.96 15.83 15.89 16.12 16.18 16.11 16.06 15.92 15.84 15.98 16.05 16.13 16.13 16.05 15.98 16.06 16.03 15.96 16.04 16.04 16.05 16.00 16.13 16.16 16.01 16.01 16.06 16.15 16.13 16.13 16.11 16.09 16.11 16.10 16.10 16.10 16.09 16.06 16.10 16.12 16.02 15.98 16.00
15.83 15.87 15.95 16.02 16.06 16.05 16.04 16.01 15.93 15.69 15.66 15.75 15.72 15.76 15.77 15.80 15.53 15.72 15.68 15.71 15.95 15.85 15.54 15.68 15.85 15.92 15.87 15.90 15.91 15.80 15.97 15.96 15.94 16.09 16.10 16.03 15.95 16.01 16.10 15.99 16.07 15.94 15.86 15.88 16.06 16.08 16.04 15.99 16.00 16.08 16.12 16.02 16.04 15.98 16.03 16.12 16.07 15.95 15.93 15.99 15.99 16.11 16.09 16.11 16.09 16.07 16.05 16.02 16.08 16.09 16.07 16.07 16.01 16.02 16.00 15.95 15.85
15.70 15.84 16.03 16.06 16.05 16.04 16.01 15.95 15.75 15.76 16.02 15.90 15.82 15.73 15.67 15.83 15.69 15.63 15.81 15.84 16.00 15.89 15.80 15.72 15.67 15.83 15.91 15.85 15.80 15.90 15.95 16.00 15.95 16.06 16.02 15.90 16.01 16.02 16.00 15.91 16.05 15.95 15.86 15.84 15.93 16.08 16.02 15.96 16.02 15.98 16.04 15.99 15.93 15.97 16.12 16.17 16.07 16.00 15.99 15.97 15.92 15.95 16.02 16.00 16.02 16.03 15.99 16.08 16.04 15.95 16.06 16.06 15.92 15.86 15.93 15.99 15.89
15.45 15.69 16.02 16.01 16.01 16.04 16.02 15.93 15.69 16.01 16.09 16.03 16.01 15.85 15.82 15.76 15.60 15.67 15.70 16.01 16.05 15.79 15.64 15.58 15.89 15.83 15.83 15.96 16.00 16.01 15.96 15.99 15.85 15.89 15.88 15.89 15.89 15.87 15.92 15.97 16.06 15.97 15.95 15.93 15.82 15.96 15.98 16.06 16.01 15.93 15.98 16.02 15.89 16.05 16.10 15.99 16.04 15.92 15.74 15.86 15.85 15.87 15.93 15.96 15.98 16.02 16.02 16.04 16.01 15.89 15.91 16.05 16.03 16.04 16.01 15.93 15.92
15.41 15.67 16.00 16.03 16.04 16.04 16.03 15.90 15.73 16.04 16.05 16.03 15.96 15.90 15.81 15.68 15.56 15.66 15.67 15.85 15.96 15.77 15.50 15.81 15.93 15.83 16.00 16.00 15.93 15.97 15.97 15.98 15.72 15.69 15.83 15.89 15.98 15.86 15.79 15.94 16.07 15.86 15.75 15.75 15.83 15.97 15.98 16.07 16.06 15.99 15.92 16.03 16.05 16.07 16.02 15.96 15.96 15.87 15.76 15.81 15.86 15.82 15.82 16.04 15.99 16.00 16.03 15.95 16.01 15.84 15.91 16.02 16.02 16.02 16.03 16.02 16.02
15.54 15.76 15.98 15.99 15.98 16.01 15.99 15.87 15.91 15.97 16.04 16.02 15.97 15.91 15.73 15.56 15.63 15.90 15.92 15.76 15.90 15.77 15.68 15.83 15.82 15.74 15.98 15.88 15.83 15.92 15.83 15.88 15.82 15.70 15.65 15.66 15.61 15.61 15.74 15.93 15.97 15.83 15.85 15.82 15.81 15.94 15.92 15.93 15.97 15.98 15.99 16.01 16.03 15.96 16.02 15.95 15.83 15.83 15.82 15.80 15.93 15.87 15.82 15.88 15.92 15.99 16.02 16.01 16.00 16.00 15.93 15.99 16.00 16.01 16.00 16.01 16.00
15.62 15.91 15.96 15.95 15.97 15.95 15.89 15.76 15.91 15.96 15.99 15.97 15.94 15.85 15.79 15.71 15.80 15.91 15.86 15.68 15.91 15.82 15.85 15.91 15.73 15.90 15.87 15.89 15.71 15.73 15.65 15.86 15.92 15.84 15.87 15.65 15.49 15.63 15.83 15.78 15.89 15.80 15.82 15.79 15.89 15.91 15.85 15.87 15.99 16.01 16.04 15.99 15.95 16.00 15.95 15.98 15.84 15.89 15.83 15.87 15.80 15.76 15.79 15.88 15.90 15.87 15.90 15.95 15.97 15.97 15.89 15.84 15.86 15.90 15.96 15.96 15.96
15.73 15.96 15.93 15.93 15.94 15.84 15.85 15.76 15.97 15.94 15.96 15.92 15.95 15.89 15.93 15.89 15.62 15.76 15.71 15.85 15.92 15.84 15.87 15.89 15.66 15.84 15.97 15.96 15.84 15.78 15.62 15.83 15.85 15.75 15.87 15.77 15.80 15.63 15.78 15.84 15.85 15.83 15.61 15.65 15.80 15.87 15.83 15.90 15.92 15.99 16.00 15.95 15.72 15.87 15.71 15.77 15.81 15.84 15.84 15.85 15.84 15.88 15.86 15.90 15.94 15.96 15.95 15.93 15.95 15.92 15.92 15.72 15.64 15.50 15.74 15.89 15.94
15.80 15.95 15.91 15.87 15.88 15.82 15.73 15.85 15.96 15.86 15.89 15.89 15.92 15.91 15.95 15.93 15.91 15.80 15.79 15.78 15.85 15.85 15.82 15.75 15.74 15.92 15.93 15.91 15.88 15.91 15.81 15.74 15.87 15.85 15.85 15.85 15.90 15.80 15.88 15.81 15.86 15.89 15.65 15.59 15.86 15.85 15.88 15.94 15.98 16.00 15.99 15.97 15.75 15.82 15.64 15.63 15.67 15.78 15.68 15.71 15.70 15.71 15.64 15.77 15.87 15.91 15.84 15.91 15.94 15.91 15.92 15.79 15.78 15.77 15.81 15.80 15.93
15.88 15.90 15.84 15.85 15.80 15.69 15.69 15.79 15.79 15.85 15.89 15.92 15.87 15.90 15.93 15.90 15.90 15.76 15.71 15.76 15.80 15.80 15.80 15.88 15.67 15.81 15.86 15.82 15.87 15.82 15.80 15.82 15.82 15.53 15.73 15.89 15.93 15.93 15.89 15.77 15.73 15.62 15.58 15.75 15.93 15.78 15.82 15.86 15.90 15.97 15.99 15.97 15.83 15.87 15.66 15.66 15.65 15.74 15.66 15.58 15.59 15.65 15.55 15.55 15.65 15.70 15.59 15.72 15.67 15.86 15.86 15.82 15.88 15.88 15.85 15.85 15.87
15.89 15.87 15.82 15.70 15.68 15.63 15.73 15.76 15.86 15.85 15.89 15.89 15.90 15.89 15.88 15.88 15.83 15.76 15.56 15.63 15.85 15.70 15.82 15.84 15.68 15.70 15.83 15.78 15.79 15.80 15.85 15.89 15.83 15.67 15.78 15.90 15.91 15.89 15.89 15.76 15.59 15.52 15.76 15.87 15.86 15.72 15.80 15.71 15.82 15.87 15.93 15.95 15.94 15.81 15.57 15.61 15.60 15.54 15.53 15.52 15.67 15.64 15.54 15.50 15.40 15.71 15.83 15.80 15.71 15.83 15.81 15.80 15.64 15.83 15.80 15.70 15.79
15.88 15.84 15.69 15.60 15.56 15.59 15.65 15.83 15.84 15.81 15.88 15.83 15.82 15.84 15.86 15.82 15.67 15.67 15.67 15.66 15.75 15.76 15.67 15.75 15.67 15.66 15.67 15.84 15.65 15.69 15.74 15.84 15.78 15.80 15.73 15.90 15.88 15.87 15.89 15.87 15.62 15.64 15.72 15.63 15.79 15.84 15.67 15.70 15.83 15.76 15.82 15.93 15.92 15.84 15.69 15.71 15.62 15.60 15.57 15.77 15.74 15.51 15.55 15.47 15.32 15.57 15.61 15.75 15.74 15.67 15.66 15.68 15.61 15.60 15.71 15.78 15.78
15.84 15.76 15.70 15.58 15.58 15.69 15.74 15.83 15.79 15.80 15.86 15.84 15.83 15.84 15.85 15.79 15.61 15.61 15.75 15.61 15.74 15.75 15.66 15.62 15.67 15.53 15.70 15.82 15.63 15.73 15.84 15.78 15.68 15.69 15.88 15.85 15.86 15.86 15.87 15.87 15.84 15.70 15.78 15.77 15.81 15.72 15.50 15.77 15.88 15.77 15.79 15.82 15.87 15.77 15.70 15.76 15.63 15.56 15.71 15.81 15.71 15.52 15.45 15.37 15.26 15.31 15.33 15.63 15.69 15.62 15.39 15.48 15.55 15.60 15.51 15.54 15.63
15.76 15.37 15.41 15.62 15.60 15.73 15.77 15.83 15.80 15.77 15.82 15.81 15.81 15.82 15.84 15.69 15.65 15.65 15.72 15.42 15.41 15.71 15.68 15.60 15.57 15.72 15.69 15.71 15.83 15.84 15.84 15.82 15.82 15.81 15.85 15.83 15.83 15.83 15.83 15.86 15.84 15.79 15.67 15.76 15.77 15.69 15.64 15.63 15.86 15.77 15.85 15.73 15.73 15.80 15.82 15.85 15.71 15.52 15.70 15.72 15.74 15.61 15.45 15.32 15.22 15.18 15.21 15.35 15.42 15.54 15.42 15.47 15.44 15.42 15.44 15.46 15.75
15.67 15.45 15.49 15.61 15.56 15.65 15.71 15.76 15.76 15.81 15.81 15.79 15.78 15.81 15.80 15.74 15.66 15.71 15.64 15.49 15.53 15.66 15.65 15.59 15.62 15.77 15.66 15.55 15.81 15.81 15.81 15.78 15.73 15.81 15.81 15.81 15.82 15.80 15.81 15.83 15.81 15.77 15.68 15.69 15.75 15.67 15.68 15.59 15.73 15.74 15.79 15.70 15.70 15.57 15.78 15.69 15.68 15.65 15.76 15.77 15.73 15.68 15.50 15.49 15.43 15.21 15.24 15.31 15.28 15.35 15.25 15.19 15.22 15.27 15.50 15.53 15.45
15.53 15.48 15.53 15.62 15.51 15.71 15.77 15.78 15.76 15.73 15.73 15.75 15.73 15.77 15.77 15.71 15.70 15.65 15.72 15.72 15.65 15.60 15.54 15.60 15.59 15.69 15.58 15.76 15.79 15.79 15.79 15.76 15.78 15.77 15.80 15.80 15.78 15.78 15.79 15.80 15.78 15.76 15.67 15.71 15.68 15.68 15.74 15.71 15.70 15.69 15.67 15.61 15.69 15.60 15.72 15.73 15.69 15.67 15.71 15.64 15.64 15.47 15.47 15.47 15.38 15.23 15.25 15.26 15.31 15.34 15.22 15.13 15.25 15.24 15.36 15.38 15.65
15.43 15.51 15.50 15.57 15.59 15.75 15.77 15.77 15.74 15.70 15.70 15.71 15.71 15.69 15.66 15.54 15.47 15.39 15.63 15.68 15.74 15.60 15.62 15.59 15.58 15.57 15.72 15.76 15.74 15.78 15.75 15.77 15.80 15.81 15.78 15.77 15.77 15.77 15.77 15.77 15.76 15.76 15.71 15.74 15.71 15.73 15.74 15.63 15.69 15.61 15.57 15.54 15.63 15.61 15.69 15.64 15.70 15.76 15.70 15.67 15.55 15.39 15.44 15.40 15.30 15.29 15.31 15.17 15.27 15.24 15.18 15.25 15.15 15.10 15.27 15.41 15.63
15.46 15.49 15.43 15.58 15.78 15.75 15.73 15.71 15.59 15.64 15.70 15.69 15.59 15.47 15.35 15.41 15.55 15.45 15.53 15.52 15.60 15.62 15.71 15.75 15.72 15.66 15.66 15.70 15.73 15.71 15.74 15.77 15.78 15.77 15.76 15.75 15.75 15.76 15.76 15.76 15.74 15.77 15.75 15.74 15.70 15.71 15.60 15.56 15.54 15.51 15.60 15.56 15.53 15.56 15.59 15.60 15.77 15.77 15.71 15.53 15.39 15.44 15.52 15.46 15.37 15.31 15.32 15.25 15.29 15.16 15.19 15.24 15.08 15.15 15.28 15.52 15.48
15.43 15.32 15.40 15.51 15.65 15.63 15.61 15.44 15.47 15.54 15.56 15.43 15.36 15.32 15.40 15.41 15.46 15.42 15.46 15.44 15.52 15.61 15.70 15.71 15.72 15.72 15.72 15.70 15.71 15.74 15.74 15.74 15.72 15.71 15.73 15.72 15.72 15.72 15.72 15.73 15.72 15.75 15.72 15.67 15.64 15.65 15.57 15.52 15.51 15.46 15.50 15.52 15.61 15.56 15.57 15.68 15.78 15.76 15.69 15.53 15.45 15.48 15.51 15.49 15.48 15.45 15.41 15.27 15.19 15.31 15.18 15.02 15.07 15.13 15.08 15.20 15.27
15.46 15.40 15.43 15.43 15.46 15.43 15.45 15.33 15.40 15.53 15.54 15.54 15.54 15.36 15.31 15.34 15.29 15.30 15.44 15.52 15.53 15.57 15.68 15.67 15.69 15.72 15.64 15.68 15.73 15.70 15.67 15.70 15.71 15.70 15.68 15.70 15.69 15.69 15.71 15.71 15.71 15.72 15.73 15.72 15.69 15.66 15.61 15.58 15.49 15.50 15.61 15.66 15.69 15.59 15.63 15.71 15.72 15.73 15.65 15.53 15.48 15.48 15.48 15.40 15.42 15.63 15.51 15.44 15.27 15.30 15.17 15.04 15.04 15.14 15.18 15.23 15.33
15.34 15.33 15.25 15.46 15.43 15.32 15.28 15.28 15.41 15.49 15.48 15.55 15.67 15.38 15.24 15.46 15.30 15.25 15.34 15.55 15.53 15.59 15.67 15.64 15.64 15.64 15.68 15.69 15.64 15.64 15.63 15.68 15.70 15.66 15.68 15.69 15.67 15.67 15.67 15.68 15.68 15.70 15.70 15.69 15.68 15.61 15.55 15.55 15.50 15.62 15.67 15.69 15.70 15.67 15.67 15.70 15.69 15.73 15.75 15.64 15.33 15.29 15.44 15.50 15.43 15.49 15.53 15.46 15.38 15.28 15.22 15.10 15.01 15.05 15.04 15.05 15.05
15.33 15.31 15.30 15.10 15.07 15.22 15.39 15.60 15.60 15.53 15.46 15.63 15.65 15.63 15.23 15.53 15.53 15.42 15.41 15.43 15.46 15.62 15.63 15.58 15.66 15.64 15.66 15.63 15.63 15.62 15.63 15.66 15.66 15.63 15.67 15.66 15.65 15.65 15.66 15.66 15.65 15.63 15.68 15.65 15.67 15.59 15.51 15.47 15.49 15.53 15.60 15.57 15.58 15.57 15.62 15.68 15.68 15.72 15.72 15.61 15.37 15.35 15.42 15.40 15.47 15.49 15.48 15.43 15.45 15.24 15.24 15.33 15.02 15.20 15.07 15.13 15.00
