Files/BOM data/2019070320190703.grid
ncols 839
nrows 679
xllcenter 112.0500
yllcenter -43.9500
cellsize 0.0500
nodata_value 99999.90
[rows 408 to 441 of 679, columns 539 to 615 of 839]
12.77 12.76 12.75 12.73 12.71 12.76 12.75 12.79 12.76 12.75 12.78 12.76 12.77 12.78 12.79 12.78 12.76 12.57 12.20 12.44 12.23 12.41 12.68 12.71 12.72 12.70 12.50 12.75 12.76 12.79 12.80 12.77 12.77 12.76 12.79 12.79 12.77 12.75 12.73 12.75 12.78 12.75 12.72 12.72 12.70 12.77 12.73 12.75 12.78 12.76 12.73 12.72 12.70 12.73 12.76 12.76 12.76 12.76 12.71 12.72 12.77 12.77 12.74 12.70 12.75 12.75 12.69 12.73 12.76 12.73 12.70 12.74 12.71 12.73 12.74 12.65 12.63
12.74 12.74 12.74 12.75 12.76 12.73 12.74 12.72 12.74 12.74 12.74 12.75 12.73 12.72 12.76 12.73 12.70 12.23 11.56 12.40 12.42 12.46 12.68 12.66 12.70 12.68 12.66 12.73 12.63 12.75 12.77 12.72 12.74 12.75 12.77 12.76 12.75 12.73 12.69 12.71 12.73 12.74 12.70 12.72 12.69 12.68 12.65 12.75 12.72 12.72 12.69 12.68 12.64 12.64 12.67 12.69 12.73 12.70 12.71 12.70 12.78 12.77 12.71 12.64 12.66 12.71 12.76 12.72 12.69 12.69 12.73 12.68 12.73 12.70 12.72 12.66 12.73
12.70 12.70 12.70 12.68 12.69 12.70 12.71 12.75 12.72 12.72 12.66 12.69 12.68 12.72 12.66 12.58 12.50 12.64 12.51 12.27 12.25 12.64 12.69 12.68 12.68 12.70 12.70 12.70 12.75 12.72 12.73 12.71 12.73 12.74 12.73 12.73 12.72 12.73 12.70 12.70 12.67 12.67 12.72 12.70 12.70 12.68 12.66 12.73 12.72 12.72 12.68 12.65 12.68 12.62 12.65 12.69 12.70 12.65 12.65 12.68 12.70 12.72 12.72 12.67 12.64 12.65 12.76 12.68 12.65 12.64 12.69 12.65 12.68 12.70 12.66 12.64 12.66
12.72 12.73 12.72 12.68 12.68 12.71 12.73 12.72 12.71 12.70 12.70 12.69 12.70 12.61 12.53 12.48 12.51 12.47 12.60 12.55 11.81 12.64 12.61 12.62 12.67 12.61 12.64 12.71 12.72 12.69 12.71 12.70 12.69 12.69 12.70 12.70 12.69 12.72 12.71 12.68 12.68 12.69 12.71 12.72 12.68 12.69 12.68 12.70 12.74 12.68 12.63 12.65 12.65 12.61 12.59 12.66 12.68 12.64 12.61 12.67 12.63 12.65 12.69 12.77 12.70 12.65 12.69 12.68 12.65 12.66 12.69 12.70 12.68 12.65 12.63 12.62 12.62
12.69 12.68 12.69 12.64 12.67 12.69 12.68 12.68 12.69 12.69 12.68 12.66 12.56 12.41 12.59 12.62 12.67 12.50 12.55 12.71 12.18 12.59 12.61 12.60 12.59 12.62 12.62 12.67 12.70 12.66 12.69 12.69 12.63 12.66 12.69 12.65 12.68 12.70 12.70 12.67 12.70 12.69 12.66 12.71 12.70 12.70 12.70 12.70 12.69 12.68 12.65 12.68 12.58 12.53 12.53 12.65 12.66 12.64 12.61 12.56 12.58 12.64 12.71 12.71 12.70 12.66 12.66 12.62 12.70 12.64 12.66 12.68 12.68 12.67 12.66 12.65 12.63
12.65 12.63 12.66 12.65 12.68 12.65 12.68 12.63 12.64 12.65 12.66 12.66 12.66 12.61 12.45 12.65 12.72 12.64 12.67 12.71 12.28 12.51 12.56 12.59 12.60 12.55 12.55 12.60 12.62 12.62 12.66 12.67 12.61 12.61 12.63 12.63 12.61 12.65 12.66 12.66 12.68 12.69 12.64 12.67 12.67 12.69 12.68 12.70 12.67 12.65 12.66 12.62 12.49 12.52 12.51 12.63 12.63 12.64 12.64 12.57 12.52 12.61 12.70 12.69 12.71 12.70 12.69 12.63 12.64 12.66 12.62 12.61 12.63 12.63 12.63 12.61 12.60
12.62 12.65 12.65 12.64 12.66 12.64 12.66 12.68 12.66 12.64 12.62 12.60 12.42 12.52 12.56 12.30 12.63 12.75 12.79 12.60 11.50 12.51 12.58 12.58 12.59 12.54 12.52 12.53 12.55 12.58 12.57 12.62 12.62 12.62 12.62 12.59 12.59 12.56 12.59 12.63 12.63 12.65 12.67 12.67 12.67 12.65 12.65 12.66 12.66 12.67 12.68 12.60 12.65 12.54 12.54 12.60 12.59 12.58 12.63 12.64 12.57 12.58 12.64 12.61 12.62 12.67 12.67 12.64 12.59 12.58 12.66 12.59 12.64 12.58 12.60 12.62 12.63
12.63 12.63 12.61 12.66 12.62 12.61 12.61 12.60 12.61 12.61 12.59 12.33 12.43 12.63 12.53 12.64 12.48 12.45 12.49 12.75 12.34 12.50 12.52 12.54 12.57 12.58 12.58 12.52 12.45 12.46 12.50 12.52 12.55 12.56 12.56 12.55 12.57 12.56 12.55 12.55 12.58 12.62 12.63 12.62 12.63 12.62 12.62 12.63 12.66 12.64 12.61 12.64 12.63 12.63 12.53 12.54 12.53 12.60 12.63 12.61 12.50 12.50 12.55 12.56 12.59 12.63 12.63 12.63 12.61 12.58 12.55 12.59 12.57 12.55 12.57 12.57 12.57
12.60 12.60 12.61 12.59 12.60 12.57 12.60 12.62 12.58 12.60 12.49 12.13 12.23 12.53 12.46 12.47 12.48 12.69 12.54 12.73 12.51 12.53 12.55 12.49 12.51 12.53 12.56 12.52 12.47 12.44 12.45 12.51 12.56 12.55 12.56 12.56 12.54 12.54 12.55 12.53 12.52 12.60 12.61 12.62 12.60 12.60 12.60 12.62 12.60 12.59 12.66 12.62 12.57 12.61 12.53 12.50 12.56 12.57 12.61 12.57 12.45 12.46 12.47 12.52 12.52 12.57 12.57 12.59 12.60 12.54 12.52 12.60 12.58 12.55 12.52 12.51 12.55
12.55 12.55 12.56 12.57 12.59 12.54 12.56 12.57 12.53 12.55 12.43 12.03 12.24 12.55 12.53 12.38 12.40 12.53 12.49 12.65 12.50 12.54 12.48 12.39 12.43 12.48 12.56 12.55 12.54 12.50 12.49 12.43 12.52 12.50 12.54 12.54 12.56 12.54 12.53 12.53 12.53 12.58 12.56 12.59 12.58 12.58 12.56 12.62 12.59 12.59 12.60 12.57 12.57 12.62 12.54 12.55 12.58 12.59 12.51 12.51 12.39 12.42 12.43 12.50 12.46 12.53 12.54 12.53 12.50 12.49 12.49 12.53 12.59 12.54 12.51 12.52 12.50
12.49 12.51 12.53 12.57 12.55 12.53 12.52 12.51 12.53 12.51 12.52 12.42 12.46 12.57 12.66 12.49 12.48 12.39 12.43 12.40 12.54 12.47 12.56 12.51 12.53 12.53 12.56 12.53 12.54 12.51 12.52 12.48 12.52 12.53 12.53 12.49 12.54 12.56 12.55 12.50 12.52 12.53 12.52 12.56 12.58 12.59 12.59 12.60 12.61 12.61 12.58 12.58 12.59 12.59 12.53 12.57 12.54 12.53 12.48 12.53 12.47 12.43 12.41 12.48 12.44 12.45 12.49 12.47 12.45 12.48 12.48 12.49 12.55 12.54 12.49 12.47 12.41
12.34 12.44 12.49 12.49 12.53 12.54 12.49 12.49 12.48 12.47 12.51 12.49 12.40 12.04 12.25 12.17 12.05 11.56 11.94 12.31 12.45 12.35 12.51 12.37 12.55 12.49 12.51 12.55 12.53 12.53 12.53 12.50 12.46 12.41 12.51 12.49 12.54 12.53 12.55 12.51 12.46 12.46 12.45 12.50 12.52 12.51 12.58 12.62 12.59 12.57 12.57 12.59 12.55 12.56 12.50 12.49 12.50 12.49 12.36 12.46 12.45 12.45 12.35 12.43 12.42 12.39 12.37 12.39 12.45 12.46 12.47 12.46 12.50 12.51 12.43 12.36 12.38
12.18 12.37 12.41 12.45 12.49 12.42 12.46 12.42 12.47 12.47 12.49 12.49 12.45 12.21 12.18 12.46 12.31 11.77 12.18 12.20 12.30 12.48 12.51 12.51 12.48 12.52 12.50 12.48 12.48 12.48 12.47 12.47 12.43 12.34 12.40 12.45 12.48 12.49 12.49 12.47 12.42 12.41 12.43 12.46 12.49 12.51 12.56 12.57 12.56 12.52 12.53 12.54 12.54 12.53 12.55 12.45 12.45 12.44 12.44 12.38 12.38 12.40 12.38 12.39 12.33 12.34 12.32 12.39 12.43 12.46 12.50 12.47 12.45 12.48 12.43 12.37 12.30
12.09 12.09 12.14 12.40 12.43 12.37 12.45 12.37 12.40 12.36 12.42 12.48 12.41 12.42 12.40 12.43 12.40 12.17 12.37 12.37 12.44 12.48 12.49 12.49 12.51 12.50 12.49 12.48 12.48 12.45 12.46 12.49 12.43 12.41 12.42 12.41 12.45 12.46 12.49 12.46 12.45 12.44 12.47 12.51 12.51 12.55 12.54 12.53 12.53 12.50 12.52 12.53 12.53 12.52 12.53 12.47 12.46 12.46 12.46 12.47 12.39 12.41 12.41 12.42 12.35 12.41 12.36 12.40 12.41 12.44 12.44 12.41 12.46 12.45 12.43 12.36 12.39
11.73 11.66 11.82 11.95 12.08 12.14 12.14 12.28 12.31 12.35 12.43 12.34 12.34 12.38 12.40 12.40 12.31 12.37 12.40 12.43 12.44 12.41 12.45 12.45 12.47 12.47 12.46 12.47 12.47 12.42 12.44 12.45 12.43 12.40 12.41 12.39 12.45 12.42 12.43 12.42 12.42 12.47 12.49 12.52 12.49 12.52 12.50 12.50 12.47 12.48 12.48 12.49 12.51 12.49 12.49 12.47 12.44 12.46 12.50 12.42 12.37 12.43 12.45 12.41 12.36 12.42 12.41 12.40 12.44 12.42 12.43 12.43 12.44 12.41 12.38 12.35 12.38
11.47 11.55 11.64 11.67 11.79 11.81 11.83 11.95 12.01 12.15 12.29 12.34 12.29 12.32 12.40 12.44 12.38 12.40 12.38 12.42 12.42 12.41 12.45 12.45 12.43 12.45 12.45 12.44 12.40 12.40 12.44 12.45 12.41 12.40 12.40 12.42 12.44 12.47 12.42 12.41 12.41 12.41 12.43 12.47 12.47 12.51 12.49 12.49 12.46 12.47 12.45 12.45 12.48 12.49 12.48 12.47 12.43 12.46 12.44 12.41 12.36 12.38 12.40 12.40 12.38 12.40 12.41 12.41 12.40 12.45 12.39 12.40 12.41 12.41 12.38 12.33 12.33
11.49 11.57 11.55 11.69 11.68 11.75 11.70 11.97 11.95 12.05 12.08 12.18 12.29 12.32 12.36 12.37 12.37 12.36 12.38 12.40 12.42 12.41 12.42 12.42 12.43 12.45 12.42 12.41 12.43 12.41 12.44 12.43 12.38 12.40 12.38 12.40 12.42 12.46 12.44 12.42 12.41 12.40 12.43 12.47 12.48 12.48 12.47 12.45 12.47 12.46 12.42 12.45 12.46 12.47 12.44 12.47 12.44 12.44 12.45 12.41 12.38 12.32 12.36 12.37 12.36 12.39 12.43 12.42 12.41 12.39 12.36 12.33 12.36 12.41 12.41 12.41 12.33
11.37 11.36 11.54 11.61 11.63 11.69 11.45 11.42 11.80 11.93 12.01 12.07 12.10 12.19 12.33 12.33 12.32 12.32 12.37 12.36 12.40 12.35 12.33 12.39 12.41 12.42 12.44 12.45 12.41 12.41 12.43 12.40 12.38 12.36 12.38 12.36 12.41 12.40 12.42 12.34 12.39 12.42 12.41 12.39 12.44 12.46 12.43 12.43 12.44 12.42 12.40 12.39 12.40 12.43 12.43 12.41 12.41 12.43 12.42 12.42 12.34 12.37 12.37 12.36 12.32 12.33 12.36 12.39 12.39 12.39 12.37 12.38 12.32 12.36 12.37 12.38 12.29
11.03 11.23 11.44 11.52 11.50 11.58 11.72 11.55 11.46 11.59 11.67 11.84 11.98 12.15 12.29 12.30 12.32 12.28 12.32 12.34 12.29 12.30 12.29 12.26 12.33 12.34 12.34 12.31 12.36 12.33 12.35 12.37 12.38 12.36 12.37 12.33 12.36 12.34 12.37 12.33 12.33 12.37 12.39 12.41 12.43 12.40 12.39 12.41 12.40 12.40 12.37 12.35 12.38 12.38 12.38 12.35 12.37 12.39 12.36 12.36 12.26 12.27 12.32 12.30 12.24 12.29 12.33 12.36 12.35 12.38 12.36 12.35 12.33 12.35 12.33 12.34 12.30
10.88 11.01 11.18 11.43 11.33 11.56 11.55 11.46 11.41 11.34 11.48 11.60 11.74 11.90 12.09 12.25 12.26 12.23 12.29 12.31 12.31 12.26 12.28 12.27 12.29 12.33 12.29 12.28 12.30 12.31 12.34 12.33 12.36 12.35 12.37 12.33 12.35 12.33 12.35 12.36 12.33 12.35 12.36 12.38 12.38 12.37 12.38 12.38 12.37 12.36 12.34 12.34 12.32 12.34 12.36 12.35 12.34 12.37 12.31 12.31 12.28 12.28 12.28 12.27 12.28 12.26 12.26 12.30 12.26 12.33 12.33 12.30 12.31 12.24 12.31 12.34 12.27
10.68 10.65 10.95 11.22 11.46 11.24 11.16 11.50 11.53 11.40 11.32 11.50 11.61 11.65 11.78 11.99 12.08 12.18 12.31 12.29 12.30 12.25 12.25 12.29 12.22 12.27 12.25 12.23 12.25 12.26 12.27 12.30 12.32 12.33 12.33 12.29 12.33 12.32 12.33 12.34 12.32 12.31 12.32 12.36 12.33 12.30 12.34 12.35 12.32 12.33 12.32 12.33 12.32 12.30 12.32 12.35 12.37 12.34 12.32 12.27 12.29 12.27 12.28 12.26 12.27 12.25 12.26 12.24 12.22 12.26 12.27 12.31 12.32 12.28 12.30 12.29 12.28
10.50 10.59 11.05 11.14 11.03 10.96 11.02 11.29 11.46 11.50 11.40 11.57 11.69 11.64 11.69 11.77 12.07 12.13 12.14 12.19 12.22 12.24 12.23 12.19 12.22 12.19 12.21 12.21 12.25 12.24 12.24 12.28 12.27 12.29 12.31 12.27 12.31 12.31 12.31 12.30 12.31 12.30 12.32 12.32 12.30 12.28 12.30 12.33 12.29 12.29 12.28 12.31 12.29 12.29 12.32 12.34 12.31 12.30 12.29 12.25 12.27 12.27 12.22 12.30 12.22 12.24 12.23 12.23 12.23 12.25 12.26 12.27 12.24 12.24 12.25 12.23 12.19
10.15 10.10 10.64 10.75 10.61 10.65 10.67 10.78 11.04 11.19 11.23 11.32 11.51 11.69 11.72 11.79 11.82 12.03 12.09 12.04 12.07 12.08 12.09 12.14 12.11 12.14 12.19 12.17 12.18 12.17 12.17 12.20 12.22 12.25 12.28 12.26 12.26 12.29 12.28 12.26 12.26 12.29 12.30 12.30 12.30 12.28 12.29 12.29 12.28 12.27 12.26 12.30 12.27 12.25 12.27 12.29 12.30 12.31 12.28 12.24 12.24 12.24 12.20 12.17 12.19 12.18 12.16 12.20 12.22 12.18 12.22 12.21 12.25 12.24 12.24 12.19 12.16
9.91 9.91 10.52 10.55 10.55 10.56 10.33 10.48 10.65 10.92 10.93 11.31 11.44 11.67 11.76 11.88 11.86 11.91 11.93 11.99 12.01 11.92 11.99 12.09 12.13 12.07 12.13 12.11 12.06 12.09 12.07 12.14 12.16 12.19 12.25 12.25 12.25 12.24 12.26 12.22 12.22 12.24 12.26 12.28 12.28 12.28 12.29 12.28 12.27 12.26 12.22 12.28 12.26 12.24 12.26 12.22 12.27 12.27 12.22 12.19 12.16 12.15 12.13 12.16 12.18 12.12 12.11 12.22 12.18 12.20 12.22 12.18 12.19 12.24 12.23 12.21 12.21
9.77 9.99 10.45 10.55 10.20 10.29 10.50 10.68 10.61 10.89 10.96 11.31 11.35 11.54 11.70 11.92 11.95 11.86 11.92 11.92 11.95 11.92 11.91 11.93 11.96 12.02 12.02 12.05 12.00 11.90 11.97 11.95 12.07 12.11 12.11 12.11 12.22 12.22 12.21 12.19 12.19 12.16 12.22 12.26 12.27 12.28 12.26 12.24 12.24 12.23 12.18 12.20 12.20 12.21 12.21 12.21 12.22 12.27 12.24 12.21 12.16 12.20 12.14 12.16 12.12 12.11 12.12 12.18 12.19 12.21 12.19 12.19 12.18 12.21 12.22 12.21 12.16
9.83 9.99 10.27 10.01 10.02 10.00 10.25 10.59 10.98 11.03 10.74 11.24 11.23 11.47 11.81 11.96 12.00 11.98 11.97 12.01 12.05 12.04 11.94 11.92 11.96 11.94 11.95 11.96 12.12 12.00 11.68 11.72 11.90 12.04 12.09 12.11 12.13 12.18 12.17 12.15 12.19 12.12 12.12 12.22 12.24 12.24 12.21 12.22 12.24 12.22 12.18 12.19 12.20 12.18 12.19 12.18 12.20 12.20 12.21 12.23 12.23 12.19 12.12 12.12 12.15 12.13 12.04 12.11 12.09 12.12 12.15 12.17 12.16 12.18 12.16 12.15 12.17
10.09 10.38 10.46 10.32 10.12 10.08 10.56 10.47 10.65 10.62 11.09 11.27 11.39 11.75 11.71 11.89 11.99 12.02 12.02 11.99 11.95 11.95 12.02 12.05 12.00 11.90 11.98 12.00 12.06 12.09 11.97 11.93 11.92 12.02 12.09 12.13 12.17 12.11 12.08 12.05 12.12 12.19 12.09 12.16 12.20 12.19 12.18 12.19 12.19 12.21 12.19 12.19 12.18 12.20 12.18 12.19 12.17 12.21 12.19 12.18 12.20 12.17 12.18 12.14 12.11 12.13 12.10 12.06 12.08 12.14 12.15 12.15 12.13 12.15 12.16 12.15 12.14
10.24 10.20 10.15 10.40 10.30 10.24 10.27 10.66 10.69 10.63 10.67 11.23 11.48 11.57 11.70 11.68 11.82 11.93 11.92 12.01 11.95 11.95 11.92 12.07 12.04 11.96 12.01 12.07 12.00 12.02 12.02 12.01 11.97 11.97 11.92 11.92 12.08 12.11 12.12 12.11 12.08 12.09 12.09 12.12 12.20 12.16 12.16 12.15 12.18 12.18 12.18 12.16 12.15 12.18 12.17 12.16 12.15 12.18 12.18 12.18 12.18 12.17 12.18 12.16 12.09 12.08 12.01 12.05 12.16 12.14 12.13 12.11 12.08 12.11 12.11 12.14 12.10
10.42 10.01 10.16 10.33 10.21 10.00 10.34 11.11 11.07 10.57 10.74 11.06 11.49 11.51 11.52 11.56 11.72 12.00 11.99 11.92 11.94 11.98 11.99 11.97 12.11 12.17 12.08 12.14 12.07 12.02 11.96 12.00 11.92 11.90 11.85 11.71 11.68 11.89 12.09 12.10 12.10 12.08 12.14 12.12 12.17 12.14 12.14 12.16 12.15 12.15 12.16 12.18 12.16 12.13 12.12 12.10 12.04 12.17 12.19 12.18 12.17 12.17 12.16 12.16 12.14 12.08 12.03 12.14 12.14 12.11 12.14 12.14 12.13 12.11 12.06 12.09 12.09
10.91 10.71 10.85 10.70 10.96 10.64 11.04 11.23 11.02 10.89 11.41 11.62 11.53 11.55 11.67 11.56 11.70 11.87 12.01 11.91 11.97 11.97 11.93 11.91 12.06 12.09 12.12 12.06 12.08 12.06 11.92 11.85 11.92 11.86 11.77 11.64 11.49 11.50 11.78 12.05 12.10 12.04 11.98 12.08 12.15 12.15 12.15 12.14 12.12 12.14 12.15 12.13 12.11 12.09 12.09 12.09 12.12 12.13 12.15 12.16 12.12 12.14 12.11 12.15 12.13 12.03 11.99 12.08 12.02 12.08 12.09 12.06 12.05 12.09 12.02 12.05 12.07
10.67 11.08 11.30 11.20 11.27 11.35 11.20 11.14 10.57 10.91 11.00 11.39 11.64 11.59 11.80 11.81 11.84 11.83 11.81 11.83 11.85 11.89 11.89 11.99 12.02 12.01 12.06 12.05 12.05 12.09 12.10 11.91 11.87 11.86 11.84 11.78 11.47 11.50 11.61 11.81 11.93 12.03 12.05 12.09 12.13 12.12 12.11 12.10 12.11 12.10 12.10 12.10 12.10 12.08 12.04 12.05 12.10 12.10 12.11 12.10 12.10 12.09 12.09 12.13 12.09 12.04 12.08 12.02 12.00 12.04 12.09 12.14 12.05 12.03 12.02 12.01 11.94
11.07 11.17 10.63 10.62 10.72 10.97 11.22 10.97 11.38 11.26 11.11 11.06 11.59 11.59 11.57 11.70 11.83 11.90 11.81 11.97 12.02 11.93 11.90 11.93 12.00 12.02 12.03 12.07 12.03 11.93 11.97 11.91 11.92 11.84 11.77 11.63 11.34 11.62 11.71 11.70 11.76 11.90 11.95 12.09 12.06 12.07 12.08 12.06 12.08 12.05 12.04 12.07 12.05 12.05 12.03 12.02 12.01 12.00 12.06 12.06 12.07 12.09 12.07 12.09 12.05 12.01 11.97 12.00 12.03 12.09 12.07 12.10 12.06 12.05 12.04 12.02 12.04
10.95 11.25 11.43 11.21 11.17 10.99 10.95 10.72 10.92 10.98 11.29 11.43 11.54 11.60 11.64 11.69 11.86 11.89 11.90 11.70 11.90 11.95 11.94 11.91 11.93 11.99 11.98 11.88 11.85 11.85 11.81 11.83 11.91 11.75 11.76 11.68 11.53 11.58 11.63 11.62 11.63 11.73 11.90 12.00 12.04 12.07 12.05 12.08 12.06 12.04 12.05 12.04 12.04 12.04 12.03 12.02 12.00 12.01 12.01 12.06 12.08 12.07 12.07 12.07 12.01 12.00 12.05 11.97 11.99 12.07 12.05 12.06 12.03 12.04 12.01 11.98 12.02
11.29 11.53 11.58 11.15 10.79 10.98 11.17 11.05 11.18 10.72 11.46 11.47 11.29 11.61 11.54 11.64 11.64 11.89 11.91 11.86 11.78 11.88 11.98 11.93 11.85 11.93 11.88 11.74 11.76 11.68 11.75 11.62 11.62 11.50 11.64 11.59 11.63 11.74 11.66 11.61 11.57 11.61 11.66 11.80 11.75 11.88 12.02 12.03 12.02 12.03 12.02 11.99 12.02 12.00 11.97 12.03 12.05 12.05 12.01 12.02 12.05 12.04 12.03 12.05 12.04 12.00 12.02 12.03 12.04 12.06 12.04 12.01 12.00 12.03 12.04 12.00 11.97
