Files/BOM data/2019071020190710.grid
ncols 839
nrows 679
xllcenter 112.0500
yllcenter -43.9500
cellsize 0.0500
nodata_value 99999.90
[rows 442 to 475 of 679, columns 154 to 230 of 839]
11.69 11.70 11.70 11.77 11.88 11.98 11.97 12.02 12.11 12.15 12.14 12.17 12.12 12.00 11.92 11.91 11.83 11.76 11.69 11.75 11.80 11.61 11.37 11.28 11.21 11.36 11.33 11.24 11.21 11.27 11.19 11.20 11.29 11.17 11.10 11.18 11.27 11.36 11.18 11.32 11.47 11.55 11.32 11.44 11.25 11.27 11.15 11.17 11.16 11.14 11.01 11.15 11.42 11.51 11.39 11.28 11.19 11.17 11.23 11.32 11.30 11.35 11.73 11.86 11.94 11.92 11.92 11.87 11.92 12.05 12.02 12.01 11.94 12.02 12.09 12.06 12.06
11.73 11.75 11.89 11.81 11.99 12.10 12.07 12.09 12.10 12.08 12.12 12.13 12.06 12.01 11.84 11.82 11.77 11.68 11.81 11.86 11.83 11.63 11.37 11.31 11.40 11.45 11.27 11.32 11.14 11.15 11.24 11.17 11.07 11.09 11.10 11.10 10.99 10.89 11.15 11.26 11.39 11.27 11.39 11.16 11.21 11.26 11.19 10.99 10.93 11.03 11.06 10.96 11.10 11.42 11.46 11.43 11.19 11.28 11.15 11.27 11.35 11.32 11.78 11.90 11.92 11.92 11.91 11.94 11.89 11.96 11.90 12.01 11.99 11.98 12.09 12.08 12.08
11.76 11.83 11.86 11.91 12.03 12.13 12.13 12.12 12.14 12.15 12.05 12.00 11.95 11.89 11.81 11.74 11.81 11.73 11.83 11.68 11.67 11.38 11.12 11.17 11.26 11.26 11.12 11.10 11.02 11.05 11.05 11.05 11.00 10.98 10.85 10.99 10.80 10.78 10.97 11.14 10.89 11.23 11.11 11.12 11.08 11.24 11.28 11.12 10.88 10.85 11.01 10.95 11.10 11.32 11.48 11.56 11.46 11.16 11.30 11.34 11.51 11.63 11.70 11.80 11.83 11.83 11.86 11.89 11.84 11.96 11.90 11.91 12.05 12.04 12.05 12.06 12.09
11.74 11.79 11.81 11.84 11.99 12.03 12.09 12.09 12.14 12.03 12.02 11.94 11.90 11.76 11.75 11.69 11.67 11.76 11.77 11.59 11.59 11.17 11.15 11.07 11.13 11.11 11.04 10.91 10.80 10.91 11.02 10.74 10.89 10.81 10.53 10.66 10.79 10.75 10.79 10.81 10.72 11.07 11.06 11.06 10.94 11.12 11.23 11.25 11.03 10.89 11.00 10.97 11.07 11.20 11.57 11.60 11.43 11.26 11.17 11.50 11.57 11.67 11.65 11.75 11.78 11.79 11.81 11.88 11.86 12.01 12.04 12.01 12.03 12.04 12.04 12.04 12.06
11.68 11.72 11.71 11.83 11.94 12.02 12.06 12.11 12.17 12.10 11.96 11.88 11.83 11.80 11.88 11.89 11.68 11.60 11.65 11.51 11.38 11.26 11.08 11.09 10.95 10.86 10.97 10.81 10.62 10.67 10.81 10.65 10.64 10.65 10.65 10.46 10.63 10.69 10.86 10.74 10.69 10.87 11.03 11.01 10.88 10.91 11.03 11.17 11.09 11.02 11.04 11.13 11.18 11.25 11.41 11.51 11.44 11.52 11.52 11.53 11.60 11.68 11.66 11.72 11.81 11.84 11.86 11.94 11.93 12.01 12.03 12.03 12.02 12.04 12.03 12.02 12.03
11.59 11.80 11.78 11.91 12.07 12.18 12.15 12.15 12.12 12.02 11.89 11.90 11.82 11.83 11.74 11.60 11.65 11.58 11.54 11.41 11.21 11.19 10.97 10.83 10.70 10.66 10.70 10.98 10.71 10.62 10.59 10.69 10.51 10.66 10.82 10.83 10.77 10.80 10.77 11.05 10.95 10.97 10.96 10.97 10.97 10.90 10.89 11.10 11.06 11.20 11.25 11.28 11.19 11.37 11.39 11.63 11.66 11.71 11.68 11.56 11.62 11.74 11.77 11.78 11.91 11.88 11.91 11.94 11.96 11.98 11.97 12.02 12.01 12.03 12.01 12.02 12.01
11.51 11.47 11.71 11.83 11.91 12.04 12.04 11.99 11.94 11.86 11.77 11.68 11.71 11.67 11.62 11.61 11.57 11.62 11.29 11.25 11.16 10.85 10.82 10.79 10.76 10.58 10.52 10.84 11.01 10.82 10.63 10.84 10.74 11.11 11.37 11.42 11.62 11.37 11.00 11.14 11.01 11.20 11.14 11.09 10.80 10.98 11.06 11.31 11.28 11.30 11.51 11.59 11.49 11.57 11.53 11.57 11.63 11.71 11.69 11.69 11.69 11.79 11.89 11.93 11.96 11.86 11.85 11.90 11.92 11.95 11.95 11.99 11.97 12.03 12.03 12.03 12.04
11.18 11.31 11.39 11.70 11.64 11.77 11.87 11.70 11.80 11.69 11.64 11.53 11.56 11.70 11.76 11.78 11.63 11.34 11.11 10.98 10.93 10.76 10.74 10.72 10.74 10.78 10.68 10.71 11.09 11.08 11.00 10.83 11.01 11.07 11.61 11.41 11.46 11.46 11.25 11.15 11.11 11.06 11.23 11.23 10.94 11.04 11.14 11.32 11.37 11.51 11.48 11.52 11.55 11.58 11.58 11.57 11.60 11.79 11.86 11.85 11.86 11.84 11.88 11.91 11.97 11.91 11.81 11.81 11.87 11.93 11.94 11.96 11.98 12.01 12.03 12.05 12.08
11.00 11.27 11.47 11.63 11.61 11.57 11.69 11.66 11.54 11.46 11.51 11.62 11.68 11.95 12.03 11.95 11.43 11.23 10.98 10.85 10.86 10.84 10.82 10.71 10.62 10.90 10.76 10.69 10.85 11.02 11.20 11.03 10.79 10.92 11.41 11.55 11.36 11.25 11.15 11.21 11.23 11.08 10.96 11.09 11.08 11.28 11.32 11.46 11.45 11.43 11.45 11.50 11.60 11.66 11.64 11.68 11.77 11.87 11.90 11.91 11.88 11.88 11.88 11.89 11.95 11.92 11.80 11.78 11.72 11.87 11.91 11.93 11.97 11.98 12.07 12.01 12.01
11.34 11.32 11.46 11.52 11.67 11.64 11.70 11.70 11.70 11.56 11.58 11.78 11.84 11.79 11.76 11.64 11.35 11.18 10.92 10.65 10.86 10.92 10.87 10.86 10.64 10.86 10.83 10.71 10.73 11.06 11.30 11.53 11.33 11.14 11.36 11.39 11.33 11.28 11.01 11.05 11.08 11.18 10.99 11.09 10.98 11.26 11.31 11.36 11.38 11.22 11.27 11.36 11.48 11.68 11.65 11.74 11.78 11.83 11.87 11.90 11.86 11.85 11.84 11.88 11.93 11.95 11.90 11.84 11.69 11.78 11.83 11.85 11.90 11.91 11.96 11.95 11.95
11.27 11.20 11.34 11.52 11.60 11.65 11.69 11.63 11.65 11.60 11.62 11.76 11.70 11.61 11.31 11.27 11.25 11.03 10.93 10.82 10.83 10.82 10.89 10.75 10.57 10.83 10.92 10.98 10.65 10.98 11.40 11.68 11.50 11.24 11.16 11.23 11.29 11.29 10.94 10.96 11.13 11.18 11.11 10.95 11.04 11.04 11.18 11.24 11.13 11.07 11.18 11.33 11.39 11.52 11.56 11.59 11.65 11.73 11.78 11.88 11.86 11.82 11.77 11.80 11.86 11.87 11.83 11.86 11.79 11.75 11.78 11.64 11.74 11.63 11.75 11.77 11.78
10.85 11.08 11.22 11.48 11.53 11.53 11.54 11.54 11.50 11.59 11.59 11.60 11.52 11.47 11.19 11.09 11.11 10.98 11.05 10.70 10.90 10.83 10.99 10.78 10.61 10.67 10.92 11.02 10.75 10.72 10.91 11.39 11.44 11.17 11.12 11.22 11.28 11.22 10.94 10.91 11.14 11.31 11.15 11.29 11.04 11.04 11.16 11.21 11.07 11.08 11.23 11.43 11.38 11.34 11.45 11.50 11.47 11.55 11.60 11.78 11.77 11.79 11.74 11.78 11.77 11.80 11.78 11.75 11.59 11.49 11.61 11.64 11.66 11.46 11.46 11.37 11.53
10.75 10.93 10.96 11.23 11.29 11.27 11.33 11.43 11.47 11.35 11.44 11.46 11.29 11.08 11.18 11.25 11.07 11.00 10.92 10.87 10.76 10.68 10.99 10.88 10.67 10.63 10.85 11.08 10.70 10.63 10.60 10.98 11.29 11.12 11.01 10.99 11.30 11.40 11.03 11.07 11.12 11.25 11.45 11.57 11.25 11.12 10.93 10.90 10.99 11.05 11.26 11.22 10.99 11.11 11.25 11.33 11.39 11.30 11.36 11.40 11.51 11.63 11.60 11.78 11.72 11.74 11.63 11.57 11.50 11.39 11.33 11.22 11.28 11.30 11.38 11.37 11.25
10.77 10.76 10.89 10.96 11.20 11.27 11.20 11.24 11.43 11.51 11.38 11.25 11.09 11.10 10.97 11.03 11.05 11.00 10.81 10.84 10.76 10.50 10.80 10.98 10.90 10.52 10.84 10.92 10.92 10.91 10.54 10.74 11.13 11.24 10.89 10.95 11.10 11.55 11.64 11.65 11.47 11.48 11.61 11.50 11.14 10.91 10.64 10.99 11.10 10.93 11.09 11.00 10.92 11.03 11.13 11.30 11.23 11.20 11.23 11.17 11.11 11.43 11.49 11.64 11.53 11.39 11.55 11.47 11.46 11.37 11.26 11.44 11.39 11.50 11.38 11.31 11.25
10.92 10.67 10.78 10.80 10.94 11.10 11.26 11.34 11.40 11.46 11.13 11.06 11.13 11.01 10.85 10.78 10.78 10.96 10.79 10.98 10.70 10.61 10.77 10.96 10.96 10.86 10.79 10.81 10.82 11.03 10.98 10.87 10.97 10.99 11.22 11.09 11.54 11.67 11.60 11.58 11.55 11.58 11.56 11.25 11.14 10.82 10.91 10.78 10.70 10.92 10.92 10.84 10.92 11.22 11.23 11.18 11.22 11.13 11.02 11.10 11.05 11.24 11.16 11.25 11.40 11.38 11.36 11.29 11.10 11.14 11.19 11.25 11.12 11.35 11.31 10.99 11.06
10.87 10.92 10.67 10.61 10.75 10.97 11.06 11.24 11.14 11.08 11.03 10.91 10.98 10.91 10.83 10.49 10.58 10.84 10.81 10.80 11.00 11.09 10.88 11.08 11.11 11.06 10.72 10.62 10.87 11.22 11.18 11.05 10.94 10.99 11.04 11.30 11.35 11.39 11.52 11.42 11.56 11.51 11.53 10.94 10.88 10.82 10.68 10.81 10.77 10.72 10.80 10.77 10.60 10.91 11.13 11.14 11.08 10.92 11.00 11.02 10.89 11.11 11.04 11.07 11.02 10.96 11.08 11.19 10.96 11.02 10.78 10.95 11.30 11.02 10.77 11.03 10.81
10.63 10.85 10.71 10.47 10.55 10.69 10.93 10.87 10.84 10.81 10.85 10.78 10.76 10.73 10.72 10.46 10.58 10.51 10.60 10.85 10.97 11.17 11.05 11.08 10.86 10.76 10.84 10.77 11.04 10.96 10.99 10.84 10.59 11.00 11.23 11.26 11.39 11.53 11.29 11.56 11.41 11.21 11.26 10.96 11.02 10.94 10.69 10.76 10.71 10.70 10.65 10.54 10.68 10.92 11.01 11.13 11.21 11.13 10.88 11.02 11.01 11.04 10.96 10.77 10.68 10.72 10.77 10.87 10.77 10.77 10.92 10.67 10.88 10.93 10.38 10.42 10.32
10.46 10.46 10.67 10.67 10.48 10.54 10.67 10.91 10.69 10.78 10.76 10.76 10.72 10.58 10.78 10.58 10.55 10.70 10.71 10.78 11.10 11.02 10.84 10.83 10.64 10.72 10.83 10.82 11.10 10.98 10.94 10.58 10.61 10.88 11.34 11.53 11.44 11.63 11.67 11.74 11.44 11.26 11.17 11.30 11.14 10.91 10.81 10.84 10.59 10.91 10.69 10.72 10.78 10.72 10.78 10.97 11.04 11.01 11.08 10.97 10.87 10.69 10.67 10.58 10.67 10.53 10.60 10.57 10.54 10.24 10.50 10.64 10.21 10.21 10.45 10.29 9.98
10.51 10.44 10.61 10.62 10.71 10.35 10.50 10.71 10.82 10.75 10.83 10.84 10.57 10.50 10.68 10.53 10.55 10.59 10.62 10.87 11.11 10.69 10.76 10.74 10.92 10.93 11.02 10.97 10.96 10.86 10.71 10.76 10.70 11.06 11.32 11.43 11.62 11.65 11.52 11.63 11.55 11.29 11.14 11.24 11.15 11.32 10.96 10.86 10.56 10.83 10.62 10.48 10.45 10.44 10.47 10.47 10.66 10.76 10.64 10.54 10.57 10.58 10.51 10.40 10.25 10.41 10.19 10.36 10.09 9.79 9.92 9.87 10.10 9.85 9.47 9.66 9.55
10.58 10.42 10.55 10.68 10.66 10.52 10.43 10.40 10.56 10.75 10.85 11.03 10.67 10.53 10.61 10.51 10.49 10.64 10.57 10.71 10.87 10.76 10.79 10.95 11.01 11.09 11.01 11.06 10.95 10.83 10.91 10.91 10.96 11.08 11.16 11.75 11.68 11.50 11.40 11.50 11.39 11.37 11.36 11.53 10.88 10.69 10.60 10.78 10.60 10.60 10.47 9.96 9.92 9.82 10.22 10.03 10.27 10.22 10.26 10.48 9.81 10.10 10.24 9.91 10.15 10.22 10.06 9.51 9.76 9.23 9.21 9.04 9.11 9.01 8.81 9.41 9.11
10.47 10.55 10.61 10.65 10.65 10.61 10.65 10.47 10.46 10.59 10.81 11.10 10.93 10.63 10.54 10.52 10.61 10.55 10.59 10.95 10.77 10.92 10.75 10.92 10.87 10.97 10.88 11.13 11.13 10.87 10.88 11.20 11.01 11.20 11.50 11.65 11.43 11.49 11.37 11.23 11.33 11.42 11.38 11.31 10.94 10.48 10.29 10.34 10.45 10.33 10.34 9.94 9.44 9.55 9.54 9.94 10.19 10.08 9.92 9.93 9.42 9.57 9.47 9.59 9.53 9.60 9.75 9.34 9.41 8.95 9.05 8.58 9.55 9.68 9.77 9.40 9.37
10.60 10.47 10.72 10.68 10.71 10.61 10.52 10.49 10.38 10.51 10.67 10.97 10.90 10.76 10.97 10.69 10.68 10.68 10.41 10.87 10.66 10.70 10.72 10.92 10.94 10.82 10.88 10.98 11.13 11.21 11.42 11.50 11.62 11.27 11.58 11.61 11.45 11.30 11.33 11.07 11.11 11.40 11.36 11.18 10.72 10.59 10.37 10.25 10.54 10.15 9.78 9.76 9.84 9.76 9.62 9.37 9.50 9.43 8.89 8.99 9.08 9.46 9.12 9.38 8.96 9.06 9.18 9.30 9.33 8.91 9.32 8.82 9.00 9.60 9.65 9.68 9.17
10.81 10.54 10.47 10.72 10.73 10.66 10.44 10.52 10.39 10.44 10.62 10.81 10.75 10.84 10.91 10.96 10.61 10.66 10.53 10.46 10.67 10.72 10.74 10.84 11.08 10.89 10.75 11.05 11.40 11.54 11.68 11.49 11.58 11.61 11.27 11.18 11.05 10.95 11.21 11.33 11.46 11.40 11.23 10.90 10.96 10.87 10.60 10.25 10.23 10.10 9.83 9.46 9.66 9.44 9.70 9.79 9.11 9.37 9.21 8.87 9.01 8.94 9.16 9.77 9.57 8.80 8.66 8.91 8.91 8.62 9.17 8.86 8.48 8.37 8.95 9.32 8.32
10.74 10.70 10.70 10.52 10.65 10.63 10.47 10.45 10.49 10.26 10.52 10.84 10.59 10.78 10.83 10.69 10.63 10.60 10.68 10.64 10.83 10.68 10.73 10.76 10.79 11.03 11.01 11.45 11.41 11.37 11.39 11.41 11.40 11.19 11.26 11.04 11.12 11.10 11.35 11.18 11.11 11.03 10.67 10.62 10.82 10.71 10.51 10.29 10.33 9.92 9.28 9.24 9.38 8.82 8.74 9.19 9.39 9.04 8.82 8.44 8.76 8.92 8.96 9.46 9.92 9.64 9.41 9.29 9.06 8.53 7.83 7.87 7.60 7.86 7.79 7.73 7.83
10.94 10.74 10.64 10.32 10.42 10.66 10.52 10.41 10.33 10.40 10.40 10.82 10.37 10.62 10.76 10.61 10.46 10.55 10.77 10.91 10.61 10.66 10.56 10.75 10.75 10.77 11.05 11.43 11.40 11.18 11.42 11.38 11.09 10.93 11.02 11.49 11.21 11.11 10.88 10.74 10.92 10.70 10.84 10.75 10.51 10.61 10.46 10.24 9.54 9.65 9.54 9.11 8.76 8.52 8.19 8.18 7.99 8.99 8.86 8.25 7.62 8.50 8.27 8.55 9.24 9.28 9.71 9.15 8.73 8.01 7.28 7.25 7.02 7.65 8.16 8.44 7.93
10.89 10.87 10.57 10.22 10.39 10.39 10.49 10.53 10.15 10.70 10.64 10.34 10.68 10.25 10.55 10.43 10.43 10.40 10.54 10.73 10.76 10.75 10.86 10.97 10.89 11.24 11.36 11.31 11.35 11.10 11.04 11.13 11.22 11.07 11.44 11.56 11.22 10.97 10.56 10.56 10.42 10.34 10.75 10.82 10.84 10.43 9.82 9.79 9.63 9.56 9.65 9.67 9.40 8.54 8.00 8.32 8.20 7.96 8.28 8.53 8.15 8.05 8.57 8.00 8.91 9.00 8.76 9.04 8.27 7.58 6.89 6.82 6.71 7.36 8.07 8.51 8.36
10.66 10.56 10.47 10.36 10.29 10.57 10.32 10.61 10.30 10.33 10.69 10.08 10.43 9.98 10.14 9.93 10.15 10.18 10.45 10.64 10.99 10.65 10.52 11.21 11.30 11.43 11.38 11.15 11.32 11.39 11.34 11.14 11.13 11.22 11.16 11.25 11.18 10.90 10.82 10.38 10.23 10.05 10.28 10.29 10.13 9.64 9.39 9.40 9.39 9.91 9.93 9.37 9.20 9.03 8.85 8.64 8.56 8.32 7.81 8.33 8.03 7.66 8.28 8.75 8.48 8.25 8.10 8.48 8.27 7.50 6.61 5.77 6.40 7.19 7.56 8.86 9.22
10.66 10.76 10.68 10.46 10.13 10.33 10.30 10.02 10.03 10.10 10.40 10.21 10.54 10.11 10.02 10.10 10.14 9.98 9.90 10.02 10.39 10.36 10.52 10.95 10.96 11.05 10.91 11.12 11.25 11.26 11.35 11.35 11.21 11.14 11.23 11.37 10.99 10.61 10.49 10.10 10.00 9.61 9.85 9.51 9.56 9.38 9.67 9.62 9.94 9.80 9.92 9.09 8.81 9.95 9.66 9.49 9.15 8.49 8.05 7.99 8.02 7.74 8.43 8.34 8.59 7.84 7.45 7.53 7.49 7.92 7.42 7.36 7.35 7.73 8.15 8.76 9.39
10.60 10.77 10.44 10.26 10.34 10.21 10.25 10.05 10.15 9.97 10.62 10.06 9.96 10.18 10.33 10.05 9.93 9.63 9.83 9.81 10.32 10.60 10.68 10.89 10.81 10.67 10.86 11.16 11.36 11.47 11.54 11.38 11.34 11.24 11.22 11.07 11.14 10.54 9.92 9.84 9.96 9.58 9.07 9.38 9.71 9.55 9.31 9.55 9.51 8.97 8.69 8.94 9.01 9.36 9.37 9.46 10.01 9.53 8.78 8.35 8.92 8.50 7.78 8.06 8.40 8.27 7.39 7.33 7.80 7.39 7.65 7.80 8.14 8.16 8.25 9.01 8.94
10.66 10.36 10.11 9.78 10.23 10.14 10.38 10.27 10.24 10.23 9.66 10.05 9.76 9.81 10.22 10.03 10.11 9.66 9.77 9.91 10.41 10.63 10.63 11.23 11.06 10.94 11.31 11.17 11.05 11.55 11.61 11.29 11.17 10.99 11.14 10.75 10.79 10.55 10.04 9.61 9.72 9.24 9.01 9.72 9.61 9.81 9.10 9.03 9.08 8.94 9.02 9.10 9.33 9.06 8.83 8.13 9.84 9.81 9.97 8.98 8.70 7.56 7.51 8.29 8.09 7.56 7.46 7.41 7.94 7.98 7.71 7.95 7.95 8.20 8.79 8.73 8.83
10.43 10.39 10.42 10.11 9.57 10.20 9.61 10.04 10.08 10.11 9.63 9.67 9.50 9.59 9.88 10.09 10.27 10.21 10.17 10.23 10.39 10.55 10.58 10.67 11.08 11.03 10.93 11.17 11.09 10.89 10.93 11.00 10.66 10.61 10.53 9.96 9.97 10.14 10.01 9.64 9.09 9.20 9.19 9.08 8.97 9.00 8.74 8.98 8.74 8.32 8.38 8.88 8.80 9.16 8.88 8.36 9.06 9.50 9.43 8.71 8.42 7.61 7.33 7.98 8.17 8.14 8.15 7.98 7.94 8.36 8.15 8.12 8.58 8.83 8.79 8.32 9.03
9.94 10.43 10.26 10.06 9.59 9.59 9.67 9.83 9.67 9.88 9.78 9.42 9.64 10.04 10.18 10.25 10.39 10.49 10.23 10.39 10.67 10.78 10.58 10.44 11.00 10.82 10.62 10.64 10.61 10.49 10.01 10.48 10.40 9.98 9.91 10.02 10.18 10.01 9.41 9.33 9.15 8.61 8.74 9.51 9.02 9.11 8.74 8.29 8.28 8.73 7.66 7.66 7.71 8.34 7.64 8.24 8.93 8.40 8.34 8.90 8.56 8.10 8.45 8.92 8.55 8.16 8.08 8.40 7.74 7.66 8.11 8.58 9.03 8.90 8.77 8.77 9.01
9.88 9.79 9.80 9.91 9.87 9.69 9.55 9.63 9.76 9.58 10.09 10.21 10.22 10.18 10.35 10.60 10.68 10.63 10.73 10.51 10.77 10.95 10.85 10.00 10.24 10.61 10.85 10.57 10.35 10.49 9.88 9.63 9.81 9.92 9.89 9.73 10.03 9.85 9.62 9.23 8.88 8.42 9.43 9.29 8.40 8.55 8.75 8.17 7.62 7.34 7.09 6.20 6.28 7.00 6.42 7.67 7.12 6.21 6.89 7.54 7.35 7.58 7.52 7.99 8.25 8.99 8.54 7.53 7.75 7.65 8.31 8.64 9.24 9.93 8.91 9.33 9.46
10.03 9.86 9.92 9.93 9.81 9.60 10.16 9.57 9.91 10.18 10.17 10.13 10.14 10.35 10.21 10.39 10.65 10.27 10.30 10.50 9.99 9.85 9.88 10.01 10.45 10.36 10.48 10.35 9.98 10.13 9.89 9.48 9.10 9.52 9.44 9.43 9.29 9.69 9.17 8.69 8.70 7.86 8.17 8.85 8.63 7.98 7.37 7.10 6.83 7.15 6.61 7.34 5.96 6.36 6.06 6.47 6.20 6.48 6.38 6.88 7.45 8.09 8.54 8.31 7.98 7.81 7.52 8.14 8.16 8.32 9.16 9.61 9.75 8.88 9.48 9.10 9.05
