Files/BOM data/2019072420190724.grid
ncols 839
nrows 679
xllcenter 112.0500
yllcenter -43.9500
cellsize 0.0500
nodata_value 99999.90
[rows 442 to 475 of 679, columns 231 to 307 of 839]
13.29 13.29 13.30 13.30 13.31 13.32 13.32 13.33 13.34 13.34 13.35 13.35 13.34 13.38 13.35 13.34 13.32 13.29 13.30 13.35 13.35 13.34 13.35 13.32 13.33 13.32 13.33 13.35 13.35 13.34 13.32 13.34 13.35 13.36 13.39 13.39 13.40 13.39 13.37 13.35 13.33 13.31 13.33 13.33 13.32 13.30 13.25 13.26 13.29 13.25 13.23 13.26 13.26 13.22 13.26 13.22 13.29 13.28 13.28 13.26 13.31 13.26 13.27 13.30 13.31 13.32 13.29 13.26 13.23 13.17 13.11 13.10 13.11 13.07 13.09 13.06 13.00
13.26 13.27 13.28 13.27 13.29 13.28 13.27 13.28 13.28 13.27 13.33 13.31 13.30 13.30 13.28 13.28 13.27 13.29 13.29 13.31 13.32 13.29 13.31 13.32 13.31 13.30 13.31 13.32 13.32 13.32 13.33 13.33 13.32 13.33 13.35 13.35 13.31 13.31 13.33 13.31 13.30 13.27 13.29 13.26 13.25 13.24 13.22 13.20 13.24 13.21 13.23 13.25 13.28 13.17 13.23 13.26 13.24 13.29 13.21 13.20 13.27 13.26 13.24 13.23 13.25 13.27 13.27 13.25 13.13 13.11 13.08 13.03 12.96 12.98 13.07 13.10 13.12
13.25 13.25 13.26 13.26 13.25 13.29 13.27 13.28 13.29 13.27 13.27 13.28 13.28 13.27 13.25 13.27 13.26 13.27 13.28 13.24 13.27 13.30 13.28 13.29 13.30 13.29 13.28 13.28 13.29 13.29 13.30 13.31 13.29 13.27 13.31 13.30 13.26 13.26 13.27 13.22 13.20 13.20 13.19 13.18 13.18 13.19 13.19 13.19 13.19 13.17 13.26 13.25 13.28 13.17 13.19 13.21 13.16 13.16 13.20 13.20 13.23 13.22 13.26 13.25 13.21 13.24 13.26 13.24 13.07 13.08 13.01 12.91 12.87 12.96 13.02 13.09 13.12
13.23 13.23 13.24 13.24 13.21 13.32 13.27 13.25 13.24 13.23 13.26 13.26 13.27 13.27 13.21 13.22 13.23 13.22 13.24 13.22 13.26 13.25 13.27 13.28 13.26 13.27 13.25 13.25 13.26 13.27 13.28 13.27 13.25 13.26 13.27 13.24 13.21 13.19 13.19 13.18 13.18 13.16 13.17 13.16 13.17 13.18 13.19 13.19 13.19 13.17 13.26 13.26 13.28 13.19 13.19 13.21 13.16 13.16 13.20 13.20 13.07 13.12 13.07 13.25 13.21 13.24 13.26 13.24 13.07 13.08 13.01 12.91 12.87 12.96 13.02 13.09 13.09
13.20 13.20 13.20 13.24 13.21 13.22 13.27 13.23 13.21 13.21 13.20 13.18 13.21 13.21 13.18 13.18 13.19 13.19 13.20 13.20 13.22 13.24 13.25 13.24 13.24 13.24 13.22 13.24 13.22 13.24 13.24 13.23 13.22 13.21 13.19 13.15 13.13 13.13 13.15 13.15 13.15 13.13 13.15 13.16 13.17 13.18 13.18 13.19 13.19 13.17 13.26 13.26 13.26 13.19 13.19 13.21 13.16 13.16 13.20 13.07 13.07 13.12 13.07 13.07 13.21 13.24 13.26 13.24 13.07 13.08 13.01 12.91 12.87 12.96 13.02 13.09 13.09
13.17 13.17 13.18 13.21 13.21 13.24 13.24 13.23 13.21 13.16 13.15 13.15 13.17 13.15 13.16 13.17 13.15 13.16 13.18 13.21 13.23 13.23 13.23 13.22 13.22 13.22 13.20 13.19 13.19 13.18 13.17 13.13 13.10 13.08 13.10 13.10 13.10 13.12 13.12 13.13 13.13 13.11 13.13 13.16 13.16 13.18 13.18 13.18 13.19 13.17 13.26 13.26 13.26 13.19 13.19 13.21 13.16 13.16 13.07 13.07 13.07 13.12 13.07 13.07 13.07 13.24 13.26 13.24 13.07 13.08 13.01 12.91 12.87 12.96 13.02 13.09 13.09
13.16 13.17 13.16 13.15 13.21 13.22 13.22 13.15 13.15 13.15 13.14 13.15 13.13 13.15 13.15 13.17 13.16 13.18 13.21 13.21 13.20 13.20 13.18 13.18 13.19 13.18 13.14 13.13 13.10 13.06 13.09 13.04 13.04 13.05 13.07 13.08 13.09 13.07 13.07 13.10 13.10 13.11 13.13 13.13 13.16 13.16 13.18 13.18 13.19 13.17 13.26 13.26 13.26 13.19 13.19 13.21 13.16 13.16 13.07 13.07 13.07 13.12 13.07 13.07 13.07 13.24 13.26 13.24 13.07 13.08 13.01 12.91 12.87 12.96 13.02 13.09 13.09
13.13 13.13 13.14 13.13 13.14 13.16 13.15 13.11 13.11 13.14 13.09 13.09 13.12 13.13 13.15 13.14 13.15 13.18 13.15 13.12 13.12 13.12 13.13 13.11 13.14 13.09 13.09 13.06 13.05 13.04 13.02 13.03 13.04 13.07 13.08 13.08 13.08 13.08 13.08 13.09 13.10 13.10 13.13 13.13 13.13 13.16 13.18 13.18 13.19 13.17 13.26 13.26 13.26 13.19 13.19 13.21 13.16 13.16 13.07 13.07 13.07 13.12 13.07 13.07 13.07 13.24 13.26 13.24 13.07 13.08 13.01 12.91 12.87 12.96 13.02 13.09 13.09
13.10 13.11 13.11 13.13 13.15 13.15 13.09 12.99 12.94 12.96 12.98 13.02 13.02 13.08 13.12 13.12 13.09 13.10 13.06 13.04 13.06 13.03 13.04 13.07 13.05 13.05 12.99 12.98 12.98 12.99 13.04 13.05 13.06 13.07 13.07 13.08 13.07 13.08 13.08 13.09 13.09 13.10 13.10 13.13 13.13 13.13 13.16 13.18 13.18 13.17 13.26 13.26 13.26 13.19 13.19 13.21 13.16 13.07 13.07 13.07 13.07 13.12 13.07 13.07 13.07 13.07 13.26 13.24 13.07 13.08 13.01 12.91 12.87 12.96 13.02 13.09 13.09
13.08 13.08 13.09 13.11 13.11 13.05 12.97 12.92 12.85 12.88 12.92 12.98 12.98 12.95 12.95 12.93 12.95 12.96 12.98 12.98 13.00 13.02 12.99 12.96 12.95 12.96 12.98 12.98 12.99 13.03 13.04 13.06 13.05 13.06 13.07 13.08 13.07 13.08 13.08 13.09 13.09 13.09 13.10 13.13 13.13 13.13 13.13 13.18 13.18 13.17 13.26 13.26 13.26 13.19 13.19 13.21 13.16 13.07 13.07 13.07 13.07 13.12 13.07 13.07 13.07 13.07 13.26 13.24 13.07 13.08 13.01 12.91 12.87 12.96 13.02 13.09 13.09
13.08 13.08 13.06 13.07 13.00 12.86 12.83 12.85 12.88 12.89 12.90 12.91 12.91 12.89 12.85 12.88 12.90 12.92 12.92 12.95 12.94 12.94 12.94 12.96 12.96 12.98 13.01 13.01 13.02 13.01 13.03 13.05 13.05 13.06 13.06 13.08 13.07 13.08 13.08 13.08 13.09 13.09 13.09 13.10 13.13 13.13 13.13 13.13 13.18 13.17 13.26 13.26 13.26 13.19 13.19 13.21 13.16 13.07 13.07 13.07 13.07 13.12 13.07 13.07 13.07 13.07 13.26 13.24 13.07 13.08 13.01 12.91 12.87 12.96 13.02 13.09 13.09
13.06 13.05 12.98 12.98 12.86 12.81 12.82 12.85 12.89 12.90 12.88 12.86 12.87 12.89 12.88 12.88 12.90 12.93 12.93 12.94 12.95 12.96 12.97 12.99 12.99 13.00 13.00 13.00 13.00 12.95 13.03 13.05 13.05 13.06 13.06 13.06 13.07 13.08 13.08 13.08 13.09 13.09 13.09 13.09 13.13 13.13 13.13 13.13 13.13 13.18 13.26 13.26 13.26 13.19 13.19 13.21 13.07 13.07 13.07 13.07 13.07 13.12 13.07 13.07 13.07 13.07 13.07 13.24 13.07 13.08 13.01 12.91 12.87 12.96 13.02 13.09 13.09
13.02 13.00 12.88 12.84 12.77 12.75 12.76 12.78 12.84 12.87 12.87 12.84 12.82 12.87 12.84 12.88 12.91 12.91 12.90 12.92 12.93 12.95 12.96 12.97 12.98 12.98 12.98 12.96 13.00 12.95 12.95 13.05 13.05 13.05 13.06 13.06 13.07 13.08 13.08 13.08 13.08 13.09 13.09 13.09 13.09 13.13 13.13 13.13 13.13 13.18 13.26 13.26 13.26 13.19 13.19 13.21 13.07 13.07 13.07 13.07 13.07 13.12 13.07 13.07 13.07 13.07 13.07 13.24 13.07 13.08 13.01 12.91 12.87 12.96 13.02 13.09 13.09
12.97 12.94 12.83 12.81 12.76 12.77 12.81 12.83 12.85 12.86 12.87 12.86 12.85 12.84 12.87 12.89 12.88 12.87 12.87 12.89 12.92 12.93 12.92 12.94 12.96 12.98 12.98 12.96 12.96 12.95 12.95 12.95 13.05 13.05 13.06 13.06 13.07 13.08 13.08 13.08 13.08 13.09 13.09 13.09 13.09 13.09 13.13 13.13 13.13 13.13 13.18 13.18 13.18 13.07 13.07 13.07 13.07 13.07 13.07 13.07 13.07 13.12 13.07 13.07 13.07 13.07 13.07 13.07 13.07 13.07 13.07 13.07 13.07 99999.90 99999.90 99999.90 99999.90
12.94 12.88 12.76 12.76 12.75 12.76 12.77 12.79 12.85 12.84 12.85 12.85 12.87 12.85 12.85 12.86 12.86 12.85 12.87 12.88 12.92 12.93 12.94 12.96 12.97 12.98 12.98 12.96 12.96 12.96 12.95 12.95 13.05 13.05 13.05 13.06 13.06 13.08 13.08 13.08 13.08 13.08 13.09 13.09 13.09 13.09 13.13 13.13 13.13 13.13 13.13 13.13 13.16 13.16 99999.90 99999.90 99999.90 99999.90 99999.90 99999.90 99999.90 99999.90 99999.90 99999.90 99999.90 99999.90 99999.90 99999.90 99999.90 99999.90 99999.90 99999.90 99999.90 99999.90 99999.90 99999.90 99999.90
12.80 12.72 12.72 12.74 12.75 12.75 12.77 12.80 12.83 12.84 12.86 12.86 12.86 12.87 12.87 12.87 12.89 12.89 12.89 12.91 12.94 12.96 12.95 12.96 12.97 12.97 12.98 12.98 12.96 12.96 12.95 12.95 12.95 13.05 13.05 13.06 13.06 13.08 13.08 13.08 13.08 13.08 13.09 13.09 13.09 13.09 13.09 13.13 13.13 13.13 13.13 13.13 13.13 99999.90 99999.90 99999.90 99999.90 99999.90 99999.90 99999.90 99999.90 99999.90 99999.90 99999.90 99999.90 99999.90 99999.90 99999.90 99999.90 99999.90 99999.90 99999.90 99999.90 99999.90 99999.90 99999.90 99999.90
12.81 12.74 12.74 12.73 12.70 12.73 12.78 12.84 12.84 12.85 12.82 12.84 12.86 12.89 12.94 12.87 12.89 12.89 12.89 12.91 12.94 12.96 12.95 12.95 12.97 12.97 12.97 12.98 12.96 12.96 12.96 12.95 12.95 13.05 13.05 13.05 13.06 13.08 13.08 13.08 13.08 13.08 13.08 13.09 13.09 13.09 13.09 13.09 13.09 13.10 13.10 99999.90 99999.90 99999.90 99999.90 99999.90 99999.90 99999.90 99999.90 99999.90 99999.90 99999.90 99999.90 99999.90 99999.90 99999.90 99999.90 99999.90 99999.90 99999.90 99999.90 99999.90 99999.90 99999.90 99999.90 99999.90 99999.90
12.79 12.72 12.71 12.67 12.68 12.74 12.79 12.83 12.84 12.82 12.81 12.85 12.89 12.89 12.94 12.94 12.89 12.89 12.89 12.91 12.94 12.96 12.95 12.95 12.95 12.97 12.97 12.97 12.98 12.96 12.96 12.95 12.95 12.95 13.05 13.05 13.06 13.06 13.08 13.08 13.08 13.08 13.08 13.09 13.09 13.09 13.09 13.09 13.09 13.09 99999.90 99999.90 99999.90 99999.90 99999.90 99999.90 99999.90 99999.90 99999.90 99999.90 99999.90 99999.90 99999.90 99999.90 99999.90 99999.90 99999.90 99999.90 99999.90 99999.90 99999.90 99999.90 99999.90 99999.90 99999.90 99999.90 99999.90
12.67 12.65 12.70 12.69 12.72 12.79 12.81 12.77 12.73 12.79 12.84 12.90 12.89 12.89 12.94 12.94 12.94 12.89 12.89 12.91 12.94 12.96 12.95 12.95 12.95 12.97 12.97 12.97 12.97 12.96 12.96 12.96 12.95 12.95 13.05 13.05 13.05 13.06 13.08 13.08 13.08 13.08 13.08 13.08 13.08 13.08 13.08 13.08 99999.90 99999.90 99999.90 99999.90 99999.90 99999.90 99999.90 99999.90 99999.90 99999.90 99999.90 99999.90 99999.90 99999.90 99999.90 99999.90 99999.90 99999.90 99999.90 99999.90 99999.90 99999.90 99999.90 99999.90 99999.90 99999.90 99999.90 99999.90 99999.90
12.64 12.68 12.67 12.65 12.69 12.70 12.76 12.71 12.75 12.84 12.91 12.90 12.90 12.89 12.89 12.94 12.94 12.89 12.89 12.91 12.94 12.96 12.95 12.95 12.95 12.95 12.97 12.97 12.97 12.97 12.96 12.96 12.95 12.95 12.95 13.05 13.05 13.06 13.06 13.06 13.06 13.06 13.06 13.06 99999.90 99999.90 99999.90 99999.90 99999.90 99999.90 99999.90 99999.90 99999.90 99999.90 99999.90 99999.90 99999.90 99999.90 99999.90 99999.90 99999.90 99999.90 99999.90 99999.90 99999.90 99999.90 99999.90 99999.90 99999.90 99999.90 99999.90 99999.90 99999.90 99999.90 99999.90 99999.90 99999.90
12.58 12.59 12.61 12.65 12.67 12.66 12.67 12.74 12.81 12.83 12.91 12.91 12.90 12.90 12.89 12.94 12.94 12.89 12.89 12.91 12.94 12.96 12.95 12.95 12.95 12.95 12.97 12.97 12.97 12.97 12.97 12.96 12.96 12.95 12.95 13.05 13.05 13.05 13.05 13.05 13.05 13.05 99999.90 99999.90 99999.90 99999.90 99999.90 99999.90 99999.90 99999.90 99999.90 99999.90 99999.90 99999.90 99999.90 99999.90 99999.90 99999.90 99999.90 99999.90 99999.90 99999.90 99999.90 99999.90 99999.90 99999.90 99999.90 99999.90 99999.90 99999.90 99999.90 99999.90 99999.90 99999.90 99999.90 99999.90 99999.90
12.61 12.62 12.64 12.61 12.63 12.66 12.69 12.78 12.80 12.84 12.84 12.84 12.91 12.90 12.90 12.89 12.94 12.94 12.89 12.91 12.94 12.96 12.95 12.95 12.95 12.95 12.95 12.97 12.97 12.97 12.97 12.96 12.96 12.95 12.95 12.95 12.95 12.95 12.95 12.95 99999.90 99999.90 99999.90 99999.90 99999.90 99999.90 99999.90 99999.90 99999.90 99999.90 99999.90 99999.90 99999.90 99999.90 99999.90 99999.90 99999.90 99999.90 99999.90 99999.90 99999.90 99999.90 99999.90 99999.90 99999.90 99999.90 99999.90 99999.90 99999.90 99999.90 99999.90 99999.90 99999.90 99999.90 99999.90 99999.90 99999.90
12.65 12.65 12.63 12.62 12.63 12.67 12.70 12.78 12.76 12.84 12.84 12.84 12.84 12.84 12.90 12.90 12.94 12.94 12.89 12.91 12.94 12.96 12.95 12.95 12.95 12.95 12.95 12.97 12.97 12.97 12.97 12.97 12.96 12.96 12.96 12.96 12.96 12.96 99999.90 99999.90 99999.90 99999.90 99999.90 99999.90 99999.90 99999.90 99999.90 99999.90 99999.90 99999.90 99999.90 99999.90 99999.90 99999.90 99999.90 99999.90 99999.90 99999.90 99999.90 99999.90 99999.90 99999.90 99999.90 99999.90 99999.90 99999.90 99999.90 99999.90 99999.90 99999.90 99999.90 99999.90 99999.90 99999.90 99999.90 99999.90 99999.90
12.68 12.65 12.65 12.61 12.59 12.58 12.67 12.76 12.66 12.66 12.66 12.84 12.84 12.84 12.84 12.84 12.90 12.94 12.89 12.91 12.94 12.96 12.95 12.95 12.95 12.95 12.95 12.95 12.97 12.97 12.97 12.97 12.97 12.97 12.98 12.98 99999.90 99999.90 99999.90 99999.90 99999.90 99999.90 99999.90 99999.90 99999.90 99999.90 99999.90 99999.90 99999.90 99999.90 99999.90 99999.90 99999.90 99999.90 99999.90 99999.90 99999.90 99999.90 99999.90 99999.90 99999.90 99999.90 99999.90 99999.90 99999.90 99999.90 99999.90 99999.90 99999.90 99999.90 99999.90 99999.90 99999.90 99999.90 99999.90 99999.90 99999.90
12.55 12.65 12.58 12.58 12.61 12.62 12.71 12.74 12.66 12.66 12.66 12.66 12.66 12.84 12.84 12.84 12.84 12.90 12.94 12.91 12.94 12.96 12.95 12.95 12.95 12.95 12.95 12.95 12.97 12.97 12.97 12.97 12.97 12.97 12.97 99999.90 99999.90 99999.90 99999.90 99999.90 99999.90 99999.90 99999.90 99999.90 99999.90 99999.90 99999.90 99999.90 99999.90 99999.90 99999.90 99999.90 99999.90 99999.90 99999.90 99999.90 99999.90 99999.90 99999.90 99999.90 99999.90 99999.90 99999.90 99999.90 99999.90 99999.90 99999.90 99999.90 99999.90 99999.90 99999.90 99999.90 99999.90 99999.90 99999.90 99999.90 99999.90
12.63 12.71 12.64 12.63 12.68 12.68 12.73 12.71 12.71 12.71 12.66 12.66 12.66 12.66 12.66 12.84 12.84 12.84 12.94 12.91 12.94 12.96 12.95 12.95 12.95 12.95 12.95 12.95 12.95 12.95 12.95 12.95 12.95 99999.90 99999.90 99999.90 99999.90 99999.90 99999.90 99999.90 99999.90 99999.90 99999.90 99999.90 99999.90 99999.90 99999.90 99999.90 99999.90 99999.90 99999.90 99999.90 99999.90 99999.90 99999.90 99999.90 99999.90 99999.90 99999.90 99999.90 99999.90 99999.90 99999.90 99999.90 99999.90 99999.90 99999.90 99999.90 99999.90 99999.90 99999.90 99999.90 99999.90 99999.90 99999.90 99999.90 99999.90
12.71 12.73 12.73 12.68 12.67 12.70 12.72 12.74 12.74 12.74 12.74 12.74 12.66 12.66 12.66 12.66 12.66 12.84 12.84 12.94 12.94 12.94 12.94 12.94 12.94 99999.90 99999.90 99999.90 99999.90 99999.90 99999.90 99999.90 99999.90 99999.90 99999.90 99999.90 99999.90 99999.90 99999.90 99999.90 99999.90 99999.90 99999.90 99999.90 99999.90 99999.90 99999.90 99999.90 99999.90 99999.90 99999.90 99999.90 99999.90 99999.90 99999.90 99999.90 99999.90 99999.90 99999.90 99999.90 99999.90 99999.90 99999.90 99999.90 99999.90 99999.90 99999.90 99999.90 99999.90 99999.90 99999.90 99999.90 99999.90 99999.90 99999.90 99999.90 99999.90
12.73 12.73 12.71 12.71 12.69 12.68 12.66 12.74 12.74 12.74 12.74 12.74 12.74 12.74 12.74 12.66 12.66 12.66 12.66 12.84 12.90 12.89 12.89 99999.90 99999.90 99999.90 99999.90 99999.90 99999.90 99999.90 99999.90 99999.90 99999.90 99999.90 99999.90 99999.90 99999.90 99999.90 99999.90 99999.90 99999.90 99999.90 99999.90 99999.90 99999.90 99999.90 99999.90 99999.90 99999.90 99999.90 99999.90 99999.90 99999.90 99999.90 99999.90 99999.90 99999.90 99999.90 99999.90 99999.90 99999.90 99999.90 99999.90 99999.90 99999.90 99999.90 99999.90 99999.90 99999.90 99999.90 99999.90 99999.90 99999.90 99999.90 99999.90 99999.90 99999.90
12.70 12.69 12.67 12.65 12.65 12.66 12.67 12.67 12.67 12.74 12.74 12.74 12.74 12.74 12.74 12.74 12.74 12.74 12.66 12.84 12.90 12.90 99999.90 99999.90 99999.90 99999.90 99999.90 99999.90 99999.90 99999.90 99999.90 99999.90 99999.90 99999.90 99999.90 99999.90 99999.90 99999.90 99999.90 99999.90 99999.90 99999.90 99999.90 99999.90 99999.90 99999.90 99999.90 99999.90 99999.90 99999.90 99999.90 99999.90 99999.90 99999.90 99999.90 99999.90 99999.90 99999.90 99999.90 99999.90 99999.90 99999.90 99999.90 99999.90 99999.90 99999.90 99999.90 99999.90 99999.90 99999.90 99999.90 99999.90 99999.90 99999.90 99999.90 99999.90 99999.90
12.64 12.63 12.62 12.63 12.64 12.66 12.67 12.67 12.67 12.67 12.67 12.74 12.74 12.74 12.74 12.74 12.74 12.74 12.66 12.84 12.91 99999.90 99999.90 99999.90 99999.90 99999.90 99999.90 99999.90 99999.90 99999.90 99999.90 99999.90 99999.90 99999.90 99999.90 99999.90 99999.90 99999.90 99999.90 99999.90 99999.90 99999.90 99999.90 99999.90 99999.90 99999.90 99999.90 99999.90 99999.90 99999.90 99999.90 99999.90 99999.90 99999.90 99999.90 99999.90 99999.90 99999.90 99999.90 99999.90 99999.90 99999.90 99999.90 99999.90 99999.90 99999.90 99999.90 99999.90 99999.90 99999.90 99999.90 99999.90 99999.90 99999.90 99999.90 99999.90 99999.90
12.60 12.60 12.60 12.61 12.66 12.66 12.66 12.67 12.67 12.67 12.67 12.67 12.67 12.74 12.74 12.74 12.74 12.74 12.66 12.84 99999.90 99999.90 99999.90 99999.90 99999.90 99999.90 99999.90 99999.90 99999.90 99999.90 99999.90 99999.90 99999.90 99999.90 99999.90 99999.90 99999.90 99999.90 99999.90 99999.90 99999.90 99999.90 99999.90 99999.90 99999.90 99999.90 99999.90 99999.90 99999.90 99999.90 99999.90 99999.90 99999.90 99999.90 99999.90 99999.90 99999.90 99999.90 99999.90 99999.90 99999.90 99999.90 99999.90 99999.90 99999.90 99999.90 99999.90 99999.90 99999.90 99999.90 99999.90 99999.90 99999.90 99999.90 99999.90 99999.90 99999.90
12.58 12.59 12.58 12.61 12.66 12.66 12.66 12.66 12.67 12.67 12.67 12.67 12.67 12.67 12.67 12.74 12.74 12.74 12.66 12.84 99999.90 99999.90 99999.90 99999.90 99999.90 99999.90 99999.90 99999.90 99999.90 99999.90 99999.90 99999.90 99999.90 99999.90 99999.90 99999.90 99999.90 99999.90 99999.90 99999.90 99999.90 99999.90 99999.90 99999.90 99999.90 99999.90 99999.90 99999.90 99999.90 99999.90 99999.90 99999.90 99999.90 99999.90 99999.90 99999.90 99999.90 99999.90 99999.90 99999.90 99999.90 99999.90 99999.90 99999.90 99999.90 99999.90 99999.90 99999.90 99999.90 99999.90 99999.90 99999.90 99999.90 99999.90 99999.90 99999.90 99999.90
12.58 12.57 12.57 12.57 12.66 12.66 12.66 12.66 12.66 12.67 12.67 12.67 12.67 12.67 12.67 12.67 12.67 12.74 12.66 99999.90 99999.90 99999.90 99999.90 99999.90 99999.90 99999.90 99999.90 99999.90 99999.90 99999.90 99999.90 99999.90 99999.90 99999.90 99999.90 99999.90 99999.90 99999.90 99999.90 99999.90 99999.90 99999.90 99999.90 99999.90 99999.90 99999.90 99999.90 99999.90 99999.90 99999.90 99999.90 99999.90 99999.90 99999.90 99999.90 99999.90 99999.90 99999.90 99999.90 99999.90 99999.90 99999.90 99999.90 99999.90 99999.90 99999.90 99999.90 99999.90 99999.90 99999.90 99999.90 99999.90 99999.90 99999.90 99999.90 99999.90 99999.90
12.61 12.56 12.56 12.56 12.56 12.56 12.66 12.66 12.66 12.66 12.67 12.67 12.67 12.67 12.67 12.67 12.67 12.74 12.66 99999.90 99999.90 99999.90 99999.90 99999.90 99999.90 99999.90 99999.90 99999.90 99999.90 99999.90 99999.90 99999.90 99999.90 99999.90 99999.90 99999.90 99999.90 99999.90 99999.90 99999.90 99999.90 99999.90 99999.90 99999.90 99999.90 99999.90 99999.90 99999.90 99999.90 99999.90 99999.90 99999.90 99999.90 99999.90 99999.90 99999.90 99999.90 99999.90 99999.90 99999.90 99999.90 99999.90 99999.90 99999.90 99999.90 99999.90 99999.90 99999.90 99999.90 99999.90 99999.90 99999.90 99999.90 99999.90 99999.90 99999.90 99999.90
