Files/BOM data/2019072420190724.grid
ncols 839
nrows 679
xllcenter 112.0500
yllcenter -43.9500
cellsize 0.0500
nodata_value 99999.90
[rows 374 to 407 of 679, columns 154 to 230 of 839]
11.95 11.65 11.31 11.12 11.30 11.85 11.92 12.17 11.77 11.69 12.04 12.09 11.53 11.46 11.75 11.73 11.70 11.59 11.49 11.38 11.49 11.83 12.08 12.09 11.72 11.84 12.04 12.34 12.16 11.97 11.23 10.80 11.11 11.30 11.28 11.41 10.90 10.57 10.84 11.03 10.88 10.63 10.55 10.19 10.02 9.93 9.78 9.59 9.60 9.80 10.04 10.00 10.09 10.28 10.48 10.38 10.18 10.14 10.23 10.26 10.32 10.31 10.41 10.78 11.16 11.36 11.28 11.24 11.53 11.43 11.40 11.43 11.94 12.12 12.30 12.13 12.12
12.11 11.85 11.70 11.73 11.44 11.60 11.97 12.23 12.42 12.07 12.56 12.29 11.41 10.95 11.14 11.30 11.60 11.55 11.85 12.12 12.06 12.37 12.46 12.56 12.34 12.48 12.07 12.10 12.52 12.38 12.01 11.87 11.93 11.49 11.40 11.23 11.13 10.90 10.89 11.04 10.72 10.34 10.32 10.02 9.70 9.58 9.59 9.64 9.61 9.88 10.02 9.91 9.88 10.04 10.30 10.52 10.30 10.19 10.45 10.53 10.43 10.48 10.57 10.72 11.03 10.93 10.96 10.93 11.19 11.20 11.39 11.39 11.45 11.52 11.58 11.50 11.59
11.71 11.60 11.70 11.89 11.42 11.23 11.72 11.64 12.09 11.95 12.12 11.85 10.99 10.78 11.21 11.75 12.41 11.98 12.15 12.15 12.00 12.14 12.52 12.78 12.68 12.55 12.46 12.47 12.43 12.11 12.01 11.91 12.00 11.89 11.48 11.23 11.03 10.98 11.04 10.78 10.69 10.32 9.96 9.70 9.59 9.54 9.07 9.15 9.55 9.73 10.58 10.05 9.99 10.40 10.52 10.59 10.50 10.42 10.76 10.64 10.57 10.63 10.79 10.82 10.91 10.88 10.90 10.88 10.87 11.11 11.21 11.29 11.30 11.39 11.47 11.56 11.81
11.64 11.21 11.27 11.53 11.54 11.42 11.17 10.85 11.31 11.32 11.18 11.64 12.08 12.06 11.74 11.85 12.11 12.28 12.20 12.24 12.41 12.21 12.12 12.23 12.18 11.98 11.90 12.34 12.30 12.41 11.74 11.54 11.25 10.83 11.07 11.06 10.59 10.76 11.12 10.87 10.74 10.83 10.59 10.47 9.99 9.70 9.37 9.52 10.06 10.61 10.64 10.75 11.27 10.61 10.66 10.62 10.66 10.66 10.98 10.64 10.67 10.78 10.82 10.80 10.93 10.99 10.96 10.84 10.65 10.74 10.69 11.01 11.31 11.50 11.84 12.09 11.89
10.51 10.89 10.72 10.62 11.03 10.64 10.94 11.10 11.01 11.18 10.92 10.99 11.43 11.58 11.60 11.67 11.83 12.01 12.10 11.88 11.90 11.47 11.58 11.95 12.12 12.09 12.22 12.33 12.44 12.16 11.73 11.53 11.30 10.84 10.94 11.09 10.96 11.13 11.30 11.18 10.73 10.91 10.82 10.54 10.30 10.21 10.12 10.74 10.68 10.43 10.88 10.61 11.05 10.84 10.55 10.45 10.57 10.53 10.46 10.42 10.56 10.71 10.78 10.60 10.49 10.71 10.68 10.66 10.75 10.78 10.74 10.91 11.07 11.14 11.56 11.50 11.46
9.81 9.39 9.55 9.34 10.45 10.07 11.12 11.04 11.77 12.03 12.07 11.39 11.56 11.29 11.20 10.83 11.16 10.69 10.71 11.02 11.13 11.37 11.75 11.96 11.88 11.77 11.94 11.97 12.05 11.57 11.32 11.33 11.31 11.17 11.37 11.25 10.85 10.90 11.13 11.19 10.73 10.60 10.69 10.81 10.85 10.71 10.69 10.99 10.66 10.96 10.78 10.97 11.61 11.30 10.45 10.35 10.30 10.12 9.94 10.08 10.16 10.29 10.44 10.25 10.37 10.38 10.36 10.70 10.95 11.18 11.17 11.08 10.86 10.89 11.09 11.19 11.34
10.18 10.46 10.30 10.48 11.16 10.38 10.75 10.47 11.45 11.83 12.18 11.75 11.11 10.49 10.50 10.51 10.42 10.76 11.25 11.36 11.22 11.40 11.78 11.49 11.40 11.34 11.49 11.50 11.41 11.22 11.18 10.96 10.76 10.80 11.18 11.36 11.38 11.34 11.54 11.26 10.95 10.92 11.00 11.14 11.21 11.15 11.15 11.32 11.12 11.39 11.60 11.31 11.62 11.23 10.68 10.95 10.74 10.41 10.16 10.26 10.20 10.22 10.43 10.73 10.77 10.81 10.88 11.16 11.37 11.66 11.86 11.69 11.20 10.86 10.80 11.20 11.47
10.21 10.74 10.81 10.77 11.35 11.62 11.51 11.28 11.30 11.56 11.77 11.51 11.23 11.27 10.94 10.69 10.49 11.04 10.99 10.75 10.83 11.26 11.46 11.85 11.61 11.52 11.37 11.06 10.87 11.20 11.15 10.94 11.13 11.14 10.91 11.08 11.05 11.24 11.33 11.32 11.15 11.31 11.37 11.73 11.57 11.66 11.53 11.47 11.40 11.35 11.68 11.23 11.47 11.54 10.68 10.95 11.11 10.62 10.09 10.50 10.55 10.38 10.50 10.65 10.77 10.66 10.64 10.54 10.94 11.53 11.45 11.42 10.99 11.29 11.39 11.56 11.60
10.20 10.39 10.67 10.80 11.60 11.33 11.16 11.40 11.46 11.81 12.23 12.19 11.63 11.33 11.33 11.46 11.01 11.04 10.69 11.00 11.17 10.91 10.55 10.45 10.51 10.85 10.29 10.27 10.47 10.98 11.44 11.37 11.42 11.50 10.80 11.33 11.86 12.22 12.27 12.01 12.07 11.72 11.69 11.87 11.36 11.61 11.45 10.80 10.87 10.72 10.79 10.98 11.62 11.50 10.97 10.78 10.49 10.18 9.83 10.02 10.11 10.18 10.49 10.26 10.13 10.37 10.59 10.77 11.06 11.29 11.30 11.56 12.06 11.81 11.49 11.41 11.52
10.73 10.47 10.57 10.41 11.15 11.53 11.01 11.11 11.12 11.55 11.59 11.65 11.75 12.21 11.76 11.45 10.84 10.87 10.86 10.91 11.13 11.29 10.48 10.17 10.37 10.14 10.33 10.63 10.64 10.79 11.31 11.03 11.30 11.76 11.69 11.63 11.67 11.95 12.23 12.24 12.18 12.06 11.55 11.79 11.72 11.50 11.07 10.71 10.54 10.59 10.48 10.56 10.94 11.24 10.88 10.04 10.02 9.84 9.45 9.89 9.69 9.95 10.17 10.24 10.28 10.42 10.58 11.26 11.68 11.54 11.60 11.26 11.47 11.48 11.60 11.53 11.36
10.78 10.71 10.77 10.74 11.16 11.54 11.48 10.85 11.10 11.77 11.66 11.25 10.66 10.96 11.34 11.35 11.23 10.92 10.22 10.58 11.52 11.56 11.21 10.59 10.79 11.00 11.09 11.12 11.21 11.67 11.70 11.63 11.62 11.43 11.20 11.51 11.47 11.74 12.04 12.26 11.82 11.63 11.34 11.78 11.59 11.00 10.78 11.49 11.26 11.09 10.94 10.79 10.24 10.50 10.87 10.75 10.27 10.10 9.94 10.05 10.08 10.00 10.07 10.43 10.78 11.13 11.04 11.32 11.53 11.80 11.15 11.30 11.43 11.22 11.59 11.46 11.16
11.03 10.66 11.24 11.43 11.22 10.93 10.95 10.75 10.27 10.87 11.29 10.91 10.68 10.81 11.10 11.30 11.22 10.88 10.35 10.18 10.95 11.46 11.66 11.61 11.67 11.40 11.24 11.05 11.09 11.66 11.89 11.91 11.86 11.68 11.58 11.81 11.98 12.34 12.07 11.89 11.75 12.09 11.85 11.89 11.75 11.77 11.85 12.29 11.90 11.41 11.35 11.08 11.01 10.68 10.88 10.99 11.28 10.47 10.31 10.48 10.30 10.41 10.51 10.60 10.70 10.95 10.88 10.52 11.20 11.35 11.19 11.05 10.63 10.80 11.08 11.09 11.15
10.86 9.43 9.88 10.89 11.15 10.91 10.93 10.94 10.84 11.08 11.11 10.77 10.58 10.82 11.48 11.52 11.68 11.64 11.32 11.24 10.78 10.91 11.06 11.27 11.66 11.80 11.77 11.74 11.13 11.02 11.38 11.95 11.85 11.83 11.84 11.96 11.84 11.50 11.88 12.27 12.15 12.03 11.90 11.87 11.69 11.68 11.94 12.16 12.24 11.92 11.51 11.37 11.21 11.21 11.51 11.66 11.68 11.07 10.73 10.82 10.87 10.93 10.79 11.12 10.94 11.17 11.05 10.83 10.59 10.75 11.05 10.92 10.70 10.85 10.82 10.90 11.02
11.64 10.35 10.42 10.12 10.91 11.26 10.72 10.53 11.08 11.09 10.77 11.12 10.94 10.74 10.87 11.24 11.47 11.95 12.00 12.17 12.49 11.86 11.76 12.21 12.14 12.00 11.97 11.95 11.46 11.37 11.21 11.54 11.28 11.24 11.60 11.69 11.84 11.95 12.05 11.63 11.58 11.61 11.91 12.45 12.33 11.98 11.83 11.99 12.11 12.51 12.06 11.63 11.97 11.72 11.87 11.96 12.21 12.19 11.73 11.91 11.69 11.12 11.03 11.20 11.15 11.05 11.20 11.56 11.15 11.25 11.24 10.78 10.81 11.15 10.95 11.07 11.30
11.74 11.50 10.91 11.12 11.41 11.61 10.97 9.76 9.85 10.66 10.45 10.91 10.67 10.38 10.96 11.30 11.22 11.63 11.64 12.04 12.39 12.38 12.15 12.18 11.93 11.26 11.10 11.61 11.49 11.55 11.29 11.23 11.26 11.46 11.60 11.55 11.69 11.92 12.00 11.74 11.38 11.29 11.55 11.86 12.70 12.56 12.45 12.13 12.26 12.65 12.32 11.98 12.14 11.73 11.82 11.75 11.55 11.59 11.37 11.39 11.01 11.49 11.35 11.53 11.55 11.32 11.83 11.90 11.56 11.95 11.22 11.00 10.66 10.65 10.74 10.75 11.23
12.11 11.90 10.78 11.36 11.84 11.53 11.40 10.46 10.27 10.72 11.04 11.48 10.99 11.32 11.61 11.47 11.36 11.56 11.57 11.46 11.69 12.38 11.92 12.04 11.81 11.93 11.54 11.65 12.13 12.27 12.17 11.59 12.04 12.29 12.12 12.02 11.49 11.73 12.16 11.83 11.33 11.36 11.16 11.44 11.73 12.40 12.24 12.03 12.46 12.73 12.45 12.19 12.10 11.60 11.84 11.80 11.50 11.11 11.10 11.18 11.04 11.40 11.73 11.66 11.59 11.77 11.95 11.97 11.65 12.14 12.08 11.71 11.29 11.25 11.39 11.48 11.73
12.67 12.69 12.36 12.00 12.06 11.85 11.42 11.04 10.32 10.74 10.85 11.52 11.30 11.32 11.65 11.94 11.77 11.59 11.78 11.83 12.11 12.09 12.72 12.79 12.39 12.18 12.08 12.29 12.59 12.66 12.63 12.07 11.70 12.25 12.22 12.12 11.47 11.47 11.66 11.61 11.61 11.38 11.41 11.65 12.05 12.31 12.73 12.50 12.60 12.74 12.61 12.45 12.18 12.11 11.80 11.78 11.66 11.79 11.54 11.70 11.43 11.54 11.55 11.56 11.70 11.92 11.94 12.04 11.94 11.84 11.65 11.47 11.41 11.50 11.89 12.02 12.23
12.97 12.94 12.69 12.25 12.29 11.65 11.31 11.75 11.15 11.26 11.21 11.94 11.74 11.28 11.20 11.78 11.96 11.91 12.28 12.30 12.40 12.67 12.93 12.95 12.82 12.27 12.43 12.58 12.63 12.29 11.93 12.09 12.25 12.63 12.17 12.65 12.28 12.26 11.84 11.68 11.31 11.42 11.21 11.37 11.73 11.87 12.45 12.60 12.65 12.68 12.20 12.24 12.26 12.37 12.01 11.79 11.82 11.95 11.52 11.52 11.41 11.57 11.51 11.70 11.83 11.90 12.07 11.78 11.63 11.70 11.61 11.65 11.83 11.75 11.98 12.16 12.33
13.29 13.14 13.11 13.07 12.95 12.75 12.64 12.30 11.81 11.39 11.67 11.48 11.32 11.27 10.98 11.41 11.46 11.83 12.08 12.18 12.33 12.23 12.06 12.69 13.09 12.82 12.68 12.66 12.63 12.33 11.85 12.13 12.20 12.42 12.18 12.50 12.71 12.64 12.10 11.99 12.00 12.12 12.13 12.15 12.17 11.79 11.95 12.26 12.30 12.13 12.32 12.26 12.21 12.23 12.29 12.06 11.89 11.79 11.62 11.59 11.53 11.28 11.40 11.65 11.88 11.87 12.03 12.09 12.03 12.22 12.17 12.11 12.27 12.01 11.94 12.09 12.21
13.49 12.81 12.92 13.15 12.85 13.11 13.26 13.24 12.89 12.18 12.18 12.06 11.50 11.65 11.51 11.63 11.35 11.38 11.35 11.86 12.18 12.19 11.80 12.00 12.41 12.56 12.99 13.05 13.02 12.78 12.65 12.80 12.68 12.86 13.02 12.93 13.08 12.94 12.34 12.43 12.57 12.49 12.51 12.73 12.89 12.52 12.26 12.52 12.76 12.66 12.87 12.71 12.72 12.13 11.76 11.97 11.77 12.04 11.94 11.67 11.54 11.54 11.26 11.29 11.87 12.01 12.11 12.29 12.48 12.50 12.08 12.15 12.33 12.23 12.52 12.58 12.58
13.07 12.96 12.94 13.07 12.83 13.11 13.20 13.34 13.44 13.29 12.91 12.84 12.63 12.67 12.51 12.41 12.42 11.90 11.73 11.82 12.00 12.02 12.15 12.19 12.08 12.43 12.38 12.45 12.87 13.16 13.06 13.31 13.44 13.26 13.73 13.41 13.47 13.64 13.29 13.04 12.87 12.79 12.75 13.01 13.01 12.74 12.46 12.59 12.72 12.91 13.11 13.13 12.86 12.59 12.17 12.15 12.11 12.21 12.22 11.97 12.23 12.12 11.97 12.03 11.90 11.73 11.97 12.24 12.52 12.55 12.48 12.17 12.21 12.25 11.97 12.20 12.33
13.22 12.87 12.91 13.17 13.12 13.32 13.41 13.23 13.18 13.21 13.15 13.24 12.95 12.96 13.11 12.51 13.07 12.85 12.25 12.20 12.00 12.25 12.55 12.58 12.54 12.58 12.87 12.78 13.23 13.35 13.09 13.20 13.45 13.76 14.04 13.89 13.66 13.60 13.41 13.44 13.39 13.55 13.42 13.29 13.18 13.21 13.07 12.92 13.01 12.99 12.85 13.14 12.98 12.95 12.83 12.90 12.90 12.64 12.56 12.61 12.41 12.15 11.97 12.42 12.72 12.32 11.90 11.89 12.47 12.78 12.70 12.47 12.23 12.34 11.96 12.39 12.45
13.45 13.45 13.51 13.03 13.05 13.16 13.30 12.88 13.07 12.95 13.07 13.18 13.09 12.86 13.19 13.06 12.94 13.07 12.78 12.49 12.26 12.35 12.65 12.58 12.67 12.69 12.96 13.02 13.17 13.60 13.54 13.57 13.67 13.76 13.87 14.04 13.90 13.63 13.57 13.44 13.43 13.56 13.43 13.30 13.27 13.19 13.46 13.52 13.31 12.98 12.88 13.46 13.22 12.87 12.62 12.63 12.64 12.85 13.06 12.99 12.86 12.55 12.52 12.21 12.65 12.64 12.55 12.41 12.53 12.76 12.62 12.74 12.67 12.58 12.34 12.44 12.43
13.28 13.01 13.50 12.99 12.85 12.60 13.10 13.05 12.99 13.11 13.14 13.40 13.26 13.04 13.35 13.33 13.21 12.98 13.20 12.75 12.89 12.53 12.94 12.95 13.16 13.19 13.26 13.11 13.05 13.30 13.63 13.74 13.63 13.74 13.86 13.78 13.81 13.79 13.59 13.54 13.26 13.38 13.74 13.48 13.42 13.28 13.18 13.28 13.25 13.16 12.80 13.35 13.32 13.17 12.76 12.48 12.44 12.48 12.95 13.08 12.88 12.98 12.94 12.88 12.76 12.72 12.84 12.71 12.67 12.95 12.69 12.64 12.47 12.42 12.71 12.76 12.57
12.98 13.70 14.08 13.69 13.40 13.17 13.13 13.62 12.98 12.71 13.10 13.01 13.16 13.20 13.14 13.08 13.32 13.33 13.42 13.19 12.94 12.93 13.15 13.10 13.03 13.13 13.14 13.28 13.65 13.82 13.73 13.76 13.65 13.71 13.79 13.86 13.76 13.89 13.75 13.53 13.43 13.47 13.54 13.43 13.35 13.12 13.12 13.21 13.47 13.19 13.57 13.59 13.45 13.36 13.13 13.02 12.90 12.86 12.85 12.94 12.96 12.93 13.07 13.16 13.01 13.15 13.31 13.18 13.26 13.18 13.02 13.16 12.49 12.42 12.69 12.83 12.87
13.41 13.99 14.12 13.59 13.48 13.63 13.71 13.75 13.49 13.24 13.16 12.89 13.08 13.03 12.84 12.89 13.06 13.03 13.16 13.22 13.20 13.20 13.26 13.26 13.07 13.25 13.26 13.45 13.39 13.40 13.79 13.63 13.61 13.77 13.67 13.73 13.75 13.70 13.66 13.80 13.68 13.48 13.57 13.46 13.32 12.96 12.61 12.99 13.00 13.36 13.43 13.54 13.19 13.15 13.18 13.19 13.07 13.12 13.29 13.39 13.28 13.28 13.33 13.31 13.30 13.34 13.46 13.45 13.48 13.28 13.22 13.21 13.17 13.05 12.92 12.68 12.64
13.56 13.80 13.71 13.63 13.79 13.97 14.02 14.01 13.73 13.60 13.36 13.21 13.34 13.09 12.93 12.88 12.89 13.06 13.07 12.94 12.92 12.93 13.05 13.11 13.19 13.33 13.40 13.44 13.34 13.59 13.57 13.55 13.31 13.47 13.43 13.45 13.51 13.85 13.81 13.78 13.81 13.53 13.63 13.72 13.68 13.70 13.19 13.38 13.34 13.59 13.34 13.44 13.92 13.31 13.12 13.39 13.46 13.55 13.68 13.78 13.89 13.71 13.58 13.64 13.64 13.58 13.51 13.45 13.42 13.45 13.39 13.28 13.39 13.54 13.39 13.11 13.04
13.78 13.76 13.82 13.89 13.95 13.95 13.92 13.87 13.42 13.55 13.51 13.47 13.55 13.43 13.30 13.11 13.16 13.14 13.16 13.00 12.95 12.89 13.01 13.01 13.06 13.26 13.26 13.35 13.27 13.34 13.48 13.67 13.47 13.28 13.68 13.62 13.64 13.88 14.01 14.04 13.88 13.92 14.15 13.98 13.94 13.78 13.74 13.78 13.71 13.58 13.68 13.82 13.85 13.67 13.42 13.62 13.28 13.39 13.55 13.83 13.92 13.88 13.87 13.85 13.71 13.89 13.79 13.65 13.27 13.24 13.56 13.47 13.41 13.40 13.30 13.20 13.15
13.90 13.89 13.97 13.91 13.89 13.60 13.58 13.70 13.24 13.29 13.55 13.33 13.69 13.67 13.58 13.61 13.51 13.31 13.46 13.33 13.07 12.89 13.05 12.98 13.09 13.13 13.22 13.24 13.21 13.21 13.32 13.29 13.43 13.40 13.58 13.58 13.82 13.79 13.98 14.23 13.97 14.10 14.21 14.04 13.96 13.85 14.00 13.99 13.93 13.94 13.76 13.61 13.69 13.67 13.69 13.84 13.87 13.80 13.78 13.67 13.62 13.63 13.64 13.70 13.63 13.64 13.46 13.48 13.45 13.12 12.98 13.28 13.34 13.54 13.22 13.17 13.22
13.98 13.91 13.93 13.71 13.84 13.78 13.87 13.76 13.75 13.69 13.90 13.60 13.87 13.65 13.82 13.93 13.88 13.77 13.78 13.70 13.54 13.37 13.36 13.42 13.15 13.10 13.25 13.25 13.31 13.47 13.55 13.49 13.49 13.51 13.64 13.75 13.84 13.91 14.06 14.20 14.21 14.15 14.15 14.11 14.11 14.14 14.10 14.06 14.03 13.90 13.86 13.98 13.91 14.00 13.99 13.92 13.84 13.87 13.77 13.70 13.57 13.53 13.57 13.64 13.57 13.54 13.42 13.54 13.35 13.00 12.93 13.07 13.31 13.54 13.48 13.42 13.62
13.99 13.93 13.84 13.89 13.91 13.95 13.88 13.69 13.86 13.93 14.04 13.94 13.79 13.84 14.00 14.07 14.05 13.87 13.96 13.88 13.80 13.84 13.89 13.86 13.52 13.36 13.47 13.56 13.47 13.57 13.49 13.65 13.71 13.70 13.76 13.82 13.76 13.85 13.88 13.94 14.00 14.11 14.14 14.13 14.10 14.11 14.09 14.05 14.07 14.03 14.07 14.09 14.07 14.03 14.06 14.01 13.82 13.73 13.81 13.69 13.79 13.73 13.76 13.74 13.64 13.59 13.54 13.49 13.61 13.62 13.58 13.49 13.53 13.70 13.70 13.53 13.36
14.02 13.98 13.96 13.94 13.90 13.95 13.89 13.80 13.89 13.92 13.94 13.85 13.50 13.61 13.79 13.94 13.91 13.94 13.99 14.05 13.95 13.91 13.88 13.86 13.66 13.72 13.72 13.64 13.67 13.80 13.72 13.66 13.93 13.96 13.99 14.04 13.97 13.75 13.81 13.95 14.10 14.15 14.15 14.12 14.10 14.01 14.05 14.03 14.06 14.05 14.05 14.03 14.02 13.97 13.93 13.95 13.91 13.91 13.88 13.79 13.82 13.78 13.81 13.78 13.73 13.81 13.79 13.70 13.71 13.73 13.70 13.70 13.71 13.79 13.64 13.72 13.64
13.87 13.84 13.81 13.84 13.99 13.95 13.92 13.88 13.91 13.95 13.81 13.62 13.64 13.70 13.92 13.96 13.88 13.92 13.94 13.95 14.00 13.85 14.00 13.81 13.73 13.67 13.63 13.77 13.88 13.84 13.75 13.68 13.68 13.86 14.01 13.98 13.87 13.75 13.89 13.96 14.07 14.10 14.15 14.09 14.10 14.03 14.05 14.06 14.03 14.04 14.05 13.96 13.82 13.94 13.89 13.83 13.88 13.98 14.02 13.97 13.85 13.65 13.71 13.69 13.77 13.77 13.77 13.68 13.65 13.67 13.74 13.77 13.76 13.87 13.77 13.68 13.62
13.85 13.82 13.88 13.99 14.01 14.02 13.97 13.99 13.86 13.86 13.80 13.79 13.53 13.75 13.83 13.97 13.98 13.51 13.61 13.97 13.92 13.90 13.88 13.76 13.62 13.59 13.55 13.60 13.71 13.72 13.80 13.87 13.92 13.95 14.01 13.99 14.03 14.05 14.07 13.99 13.96 14.07 14.10 14.11 14.12 14.06 14.07 14.04 14.02 13.92 13.88 13.90 13.92 13.98 13.88 13.76 13.65 13.72 13.77 13.82 13.78 13.33 13.36 13.40 13.88 13.71 13.53 13.74 13.62 13.77 13.87 13.84 13.65 13.76 13.70 13.82 13.78
