Files/BOM data/2019071720190717.grid
ncols 839
nrows 679
xllcenter 112.0500
yllcenter -43.9500
cellsize 0.0500
nodata_value 99999.90
[rows 612 to 645 of 679, columns 693 to 769 of 839]
5.38 5.38 5.38 5.38 5.38 5.12 5.25 5.63 5.59 5.59 5.59 5.59 4.81 4.59 4.29 4.29 4.29 4.29 4.29 4.57 5.01 4.89 4.72 4.72 4.72 4.72 4.72 5.30 5.30 5.30 5.52 5.52 5.52 5.52 5.19 5.19 5.19 5.19 5.19 5.19 5.19 5.19 5.19 5.19 5.19 99999.90 99999.90 99999.90 99999.90 99999.90 99999.90 99999.90 99999.90 99999.90 99999.90 99999.90 99999.90 99999.90 99999.90 99999.90 99999.90 99999.90 99999.90 99999.90 99999.90 99999.90 99999.90 99999.90 99999.90 99999.90 99999.90 99999.90 99999.90 99999.90 99999.90 99999.90 99999.90
5.38 5.38 5.38 5.38 5.38 5.12 5.25 5.63 5.59 5.59 5.59 5.59 4.81 4.59 4.29 4.29 4.29 4.29 4.29 4.57 5.01 4.89 4.89 4.72 4.72 4.72 4.72 4.37 4.37 4.37 5.52 5.52 5.52 5.52 5.19 5.19 5.19 5.19 5.19 5.19 5.19 5.19 5.19 5.19 5.19 99999.90 99999.90 99999.90 99999.90 99999.90 99999.90 99999.90 99999.90 99999.90 99999.90 99999.90 99999.90 99999.90 99999.90 99999.90 99999.90 99999.90 99999.90 99999.90 99999.90 99999.90 99999.90 99999.90 99999.90 99999.90 99999.90 99999.90 99999.90 99999.90 99999.90 99999.90 99999.90
4.93 5.38 5.38 5.38 5.38 5.12 5.25 5.63 5.59 5.59 5.59 5.59 4.81 4.59 4.29 4.29 4.29 4.29 4.29 4.57 5.01 4.89 4.89 5.01 4.72 4.72 4.72 4.37 4.37 4.37 5.64 5.87 5.87 5.87 5.87 6.15 5.19 5.19 5.19 5.19 5.19 5.19 5.19 5.19 5.19 99999.90 99999.90 99999.90 99999.90 99999.90 99999.90 99999.90 99999.90 99999.90 99999.90 99999.90 99999.90 99999.90 99999.90 99999.90 99999.90 99999.90 99999.90 99999.90 99999.90 99999.90 99999.90 99999.90 99999.90 99999.90 99999.90 99999.90 99999.90 99999.90 99999.90 99999.90 99999.90
4.93 5.38 5.38 5.38 5.38 5.12 5.25 5.63 5.59 5.59 5.59 5.59 4.81 4.59 4.59 4.29 4.29 4.29 4.29 4.57 5.01 4.89 4.89 5.01 5.01 4.72 4.72 4.37 4.37 5.64 5.87 5.87 5.87 5.87 6.15 6.15 5.24 5.24 5.24 5.24 5.24 5.24 5.19 5.19 5.19 99999.90 99999.90 99999.90 99999.90 99999.90 99999.90 99999.90 99999.90 99999.90 99999.90 99999.90 99999.90 99999.90 99999.90 99999.90 99999.90 99999.90 99999.90 99999.90 99999.90 99999.90 99999.90 99999.90 99999.90 99999.90 99999.90 99999.90 99999.90 99999.90 99999.90 99999.90 99999.90
4.93 5.38 5.38 5.38 5.38 5.12 5.25 5.63 5.92 5.59 5.59 5.59 4.81 4.59 4.59 4.69 4.29 4.29 4.29 4.57 5.01 4.89 4.89 5.20 5.01 5.01 4.66 4.78 5.64 5.64 5.87 5.87 5.87 6.15 6.15 5.24 5.24 5.24 5.24 5.24 5.24 5.24 5.24 5.19 5.19 99999.90 99999.90 99999.90 99999.90 99999.90 99999.90 99999.90 99999.90 99999.90 99999.90 99999.90 99999.90 99999.90 99999.90 99999.90 99999.90 99999.90 99999.90 99999.90 99999.90 99999.90 99999.90 99999.90 99999.90 99999.90 99999.90 99999.90 99999.90 99999.90 99999.90 99999.90 99999.90
4.93 4.93 5.38 5.38 5.38 5.12 5.25 5.63 5.92 5.59 5.59 5.59 4.81 4.59 4.59 4.69 4.69 4.29 4.29 4.57 5.01 4.89 4.89 5.20 5.20 5.21 5.02 5.63 6.12 6.17 5.87 5.87 6.15 6.15 5.24 5.24 5.24 5.24 5.24 5.24 5.24 5.24 5.24 5.19 5.19 99999.90 99999.90 99999.90 99999.90 99999.90 99999.90 99999.90 99999.90 99999.90 99999.90 99999.90 99999.90 99999.90 99999.90 99999.90 99999.90 99999.90 99999.90 99999.90 99999.90 99999.90 99999.90 99999.90 99999.90 99999.90 99999.90 99999.90 99999.90 99999.90 99999.90 99999.90 99999.90
4.93 4.93 5.38 5.38 5.38 5.12 5.25 5.63 5.92 5.78 5.59 5.59 4.81 4.59 4.59 4.08 4.69 4.69 4.64 4.94 4.43 4.53 4.18 4.45 5.08 5.21 5.39 5.39 5.73 5.58 5.31 6.15 6.15 5.24 5.24 5.24 5.24 5.24 5.24 5.24 5.24 5.24 5.24 5.19 5.19 99999.90 99999.90 99999.90 99999.90 99999.90 99999.90 99999.90 99999.90 99999.90 99999.90 99999.90 99999.90 99999.90 99999.90 99999.90 99999.90 99999.90 99999.90 99999.90 99999.90 99999.90 99999.90 99999.90 99999.90 99999.90 99999.90 99999.90 99999.90 99999.90 99999.90 99999.90 99999.90
4.93 4.93 5.38 5.38 5.38 5.12 5.25 5.63 5.92 5.78 5.59 5.59 4.81 4.59 4.59 4.08 4.08 4.15 3.94 4.26 4.17 4.23 4.41 4.32 4.25 4.53 5.41 5.81 5.66 5.69 5.64 5.62 5.24 5.24 5.24 5.24 5.24 5.24 5.24 5.24 5.24 5.24 5.24 99999.90 99999.90 99999.90 99999.90 99999.90 99999.90 99999.90 99999.90 99999.90 99999.90 99999.90 99999.90 99999.90 99999.90 99999.90 99999.90 99999.90 99999.90 99999.90 99999.90 99999.90 99999.90 99999.90 99999.90 99999.90 99999.90 99999.90 99999.90 99999.90 99999.90 99999.90 99999.90 99999.90 99999.90
4.93 4.93 4.93 5.38 5.38 5.12 5.25 5.63 5.92 5.78 4.96 4.64 3.98 4.04 3.96 3.75 4.00 3.64 3.47 3.41 3.68 4.22 4.45 4.24 4.33 4.53 4.61 5.35 5.93 5.74 4.97 4.40 5.24 5.24 5.24 5.24 5.24 5.24 5.24 5.24 5.24 5.24 5.24 99999.90 99999.90 99999.90 99999.90 99999.90 99999.90 99999.90 99999.90 99999.90 99999.90 99999.90 99999.90 99999.90 99999.90 99999.90 99999.90 99999.90 99999.90 99999.90 99999.90 99999.90 99999.90 99999.90 99999.90 99999.90 99999.90 99999.90 99999.90 99999.90 99999.90 99999.90 99999.90 99999.90 99999.90
4.93 4.93 4.93 5.85 5.38 4.63 4.65 4.94 5.25 4.93 4.34 4.19 3.92 3.37 3.47 3.76 4.40 4.24 3.90 3.68 3.25 3.52 4.87 4.70 4.50 4.22 4.45 5.51 6.11 5.23 4.40 4.09 4.09 4.09 5.24 5.24 5.24 5.24 5.24 5.24 5.24 5.24 5.24 99999.90 99999.90 99999.90 99999.90 99999.90 99999.90 99999.90 99999.90 99999.90 99999.90 99999.90 99999.90 99999.90 99999.90 99999.90 99999.90 99999.90 99999.90 99999.90 99999.90 99999.90 99999.90 99999.90 99999.90 99999.90 99999.90 99999.90 99999.90 99999.90 99999.90 99999.90 99999.90 99999.90 99999.90
4.57 5.19 5.19 5.85 5.38 4.30 4.97 4.93 5.26 4.38 4.22 4.45 4.37 3.85 3.66 3.75 3.88 3.93 3.20 3.12 3.41 4.07 4.45 4.95 4.45 4.10 3.92 5.96 6.84 5.95 5.11 4.06 4.06 4.06 4.06 4.06 5.24 5.24 5.24 5.24 5.24 5.24 5.24 99999.90 99999.90 99999.90 99999.90 99999.90 99999.90 99999.90 99999.90 99999.90 99999.90 99999.90 99999.90 99999.90 99999.90 99999.90 99999.90 99999.90 99999.90 99999.90 99999.90 99999.90 99999.90 99999.90 99999.90 99999.90 99999.90 99999.90 99999.90 99999.90 99999.90 99999.90 99999.90 99999.90 99999.90
3.76 4.53 5.79 5.55 4.62 3.97 4.63 4.58 4.95 4.82 4.73 4.50 4.04 3.74 3.58 3.45 3.82 3.36 2.11 2.41 3.44 3.73 2.84 3.17 3.40 3.55 3.81 5.77 6.87 5.00 3.11 4.06 4.06 4.06 4.06 4.06 4.06 4.06 4.06 5.24 5.24 5.24 5.24 99999.90 99999.90 99999.90 99999.90 99999.90 99999.90 99999.90 99999.90 99999.90 99999.90 99999.90 99999.90 99999.90 99999.90 99999.90 99999.90 99999.90 99999.90 99999.90 99999.90 99999.90 99999.90 99999.90 99999.90 99999.90 99999.90 99999.90 99999.90 99999.90 99999.90 99999.90 99999.90 99999.90 99999.90
3.15 3.27 4.57 4.85 5.01 4.82 5.40 4.50 4.23 4.74 4.84 3.34 2.97 3.37 3.55 2.85 2.99 2.35 1.60 2.21 3.58 3.75 2.17 2.07 3.62 5.10 5.88 6.88 6.93 4.78 3.56 4.37 4.37 4.37 4.37 4.37 4.37 4.37 4.37 4.37 4.37 4.37 5.24 99999.90 99999.90 99999.90 99999.90 99999.90 99999.90 99999.90 99999.90 99999.90 99999.90 99999.90 99999.90 99999.90 99999.90 99999.90 99999.90 99999.90 99999.90 99999.90 99999.90 99999.90 99999.90 99999.90 99999.90 99999.90 99999.90 99999.90 99999.90 99999.90 99999.90 99999.90 99999.90 99999.90 99999.90
3.43 3.21 4.00 5.86 5.94 4.73 4.24 4.27 4.69 4.86 4.73 3.19 2.36 3.61 3.38 2.61 1.81 2.21 2.20 3.30 4.04 3.76 2.84 2.08 3.47 6.21 6.99 6.30 7.02 6.97 5.37 5.39 5.39 5.39 5.39 5.39 5.39 5.39 5.39 5.39 5.39 5.39 5.24 99999.90 99999.90 99999.90 99999.90 99999.90 99999.90 99999.90 99999.90 99999.90 99999.90 99999.90 99999.90 99999.90 99999.90 99999.90 99999.90 99999.90 99999.90 99999.90 99999.90 99999.90 99999.90 99999.90 99999.90 99999.90 99999.90 99999.90 99999.90 99999.90 99999.90 99999.90 99999.90 99999.90 99999.90
3.91 3.70 4.14 5.60 5.44 4.10 3.86 4.83 5.00 4.54 4.52 4.10 3.42 3.64 3.20 2.87 3.07 2.58 2.08 2.94 3.36 3.02 3.21 3.37 4.47 5.42 5.53 5.71 6.37 6.72 6.63 5.39 5.39 5.39 5.39 5.39 5.39 5.39 5.39 5.39 5.39 5.39 5.24 99999.90 99999.90 99999.90 99999.90 99999.90 99999.90 99999.90 99999.90 99999.90 99999.90 99999.90 99999.90 99999.90 99999.90 99999.90 99999.90 99999.90 99999.90 99999.90 99999.90 99999.90 99999.90 99999.90 99999.90 99999.90 99999.90 99999.90 99999.90 99999.90 99999.90 99999.90 99999.90 99999.90 99999.90
3.71 3.24 4.66 5.51 5.09 5.12 5.51 5.35 5.07 5.02 4.54 4.32 3.97 2.67 1.60 2.40 4.07 3.64 1.61 1.35 2.82 3.11 3.93 4.49 5.17 6.48 6.62 7.01 7.02 6.34 5.83 6.72 6.72 6.72 6.72 6.72 6.72 6.72 6.72 6.72 6.72 6.72 5.24 99999.90 99999.90 99999.90 99999.90 99999.90 99999.90 99999.90 99999.90 99999.90 99999.90 99999.90 99999.90 99999.90 99999.90 99999.90 99999.90 99999.90 99999.90 99999.90 99999.90 99999.90 99999.90 99999.90 99999.90 99999.90 99999.90 99999.90 99999.90 99999.90 99999.90 99999.90 99999.90 99999.90 99999.90
4.22 5.06 6.25 6.03 5.79 6.29 6.15 6.25 5.74 5.67 5.03 4.57 4.23 2.91 2.66 4.31 5.58 4.89 1.53 1.24 3.29 5.16 5.12 5.27 5.73 6.48 6.83 6.67 6.75 6.29 5.61 6.46 6.46 6.46 6.46 6.46 6.46 6.46 6.46 6.46 6.46 6.46 5.24 99999.90 99999.90 99999.90 99999.90 99999.90 99999.90 99999.90 99999.90 99999.90 99999.90 99999.90 99999.90 99999.90 99999.90 99999.90 99999.90 99999.90 99999.90 99999.90 99999.90 99999.90 99999.90 99999.90 99999.90 99999.90 99999.90 99999.90 99999.90 99999.90 99999.90 99999.90 99999.90 99999.90 99999.90
5.91 6.20 6.05 6.04 6.47 6.68 6.44 6.30 6.07 6.15 5.76 5.06 4.39 2.93 3.34 4.55 5.27 4.51 1.97 1.65 3.52 5.22 5.83 5.57 5.17 5.78 6.82 6.66 6.40 5.78 6.40 7.14 7.14 7.14 7.14 7.14 7.14 7.14 7.14 7.14 7.14 7.14 5.24 99999.90 99999.90 99999.90 99999.90 99999.90 99999.90 99999.90 99999.90 99999.90 99999.90 99999.90 99999.90 99999.90 99999.90 99999.90 99999.90 99999.90 99999.90 99999.90 99999.90 99999.90 99999.90 99999.90 99999.90 99999.90 99999.90 99999.90 99999.90 99999.90 99999.90 99999.90 99999.90 99999.90 99999.90
6.05 6.34 5.51 6.22 6.83 7.29 6.95 6.64 6.64 6.62 5.78 5.37 4.73 3.56 2.45 3.67 4.05 2.42 1.78 2.01 3.61 5.90 5.99 4.65 4.57 5.82 7.05 5.74 4.56 5.51 6.83 6.83 6.83 6.83 6.83 6.83 6.83 6.83 6.83 6.83 6.83 6.83 99999.90 99999.90 99999.90 99999.90 99999.90 99999.90 99999.90 99999.90 99999.90 99999.90 99999.90 99999.90 99999.90 99999.90 99999.90 99999.90 99999.90 99999.90 99999.90 99999.90 99999.90 99999.90 99999.90 99999.90 99999.90 99999.90 99999.90 99999.90 99999.90 99999.90 99999.90 99999.90 99999.90 99999.90 99999.90
6.36 5.83 6.00 6.98 7.24 6.93 6.80 7.25 6.97 6.33 6.09 5.70 5.08 4.19 3.41 3.61 3.22 1.72 1.66 2.27 2.97 5.17 6.39 5.42 4.82 5.74 6.34 4.67 5.20 6.63 7.39 6.26 6.26 6.26 6.26 6.26 6.26 6.26 6.26 6.26 6.26 6.26 4.72 99999.90 99999.90 99999.90 99999.90 99999.90 99999.90 99999.90 99999.90 99999.90 99999.90 99999.90 99999.90 99999.90 99999.90 99999.90 99999.90 99999.90 99999.90 99999.90 99999.90 99999.90 99999.90 99999.90 99999.90 99999.90 99999.90 99999.90 99999.90 99999.90 99999.90 99999.90 99999.90 99999.90 99999.90
4.88 4.63 5.81 7.05 7.50 6.95 6.87 7.54 7.01 6.84 6.66 6.28 6.07 5.44 4.51 3.80 3.48 3.07 2.77 3.11 3.41 5.23 7.17 6.85 4.08 4.17 5.52 5.04 5.92 7.15 7.82 6.87 6.87 6.87 6.87 6.87 6.87 6.87 6.87 6.87 6.87 6.87 4.72 99999.90 99999.90 99999.90 99999.90 99999.90 99999.90 99999.90 99999.90 99999.90 99999.90 99999.90 99999.90 99999.90 99999.90 99999.90 99999.90 99999.90 99999.90 99999.90 99999.90 99999.90 99999.90 99999.90 99999.90 99999.90 99999.90 99999.90 99999.90 99999.90 99999.90 99999.90 99999.90 99999.90 99999.90
3.81 3.83 5.90 7.02 7.08 6.69 6.67 7.14 6.98 7.09 6.97 6.72 6.47 6.32 5.36 4.27 4.52 4.50 4.20 3.89 4.17 5.55 6.78 7.08 4.43 3.24 4.23 5.32 6.31 7.01 7.47 7.23 7.23 7.23 7.23 7.23 7.23 7.23 7.23 7.23 7.23 7.23 4.72 99999.90 99999.90 99999.90 99999.90 99999.90 99999.90 99999.90 99999.90 99999.90 99999.90 99999.90 99999.90 99999.90 99999.90 99999.90 99999.90 99999.90 99999.90 99999.90 99999.90 99999.90 99999.90 99999.90 99999.90 99999.90 99999.90 99999.90 99999.90 99999.90 99999.90 99999.90 99999.90 99999.90 99999.90
4.42 5.50 5.39 5.81 7.08 7.04 5.34 5.59 6.49 7.02 6.88 6.71 6.14 6.58 5.72 4.96 4.64 4.52 4.90 4.58 4.91 5.57 6.08 6.06 4.24 4.55 6.14 6.82 7.01 6.80 6.89 7.05 7.05 7.05 7.05 7.05 7.05 7.05 7.05 7.05 7.05 7.05 4.72 99999.90 99999.90 99999.90 99999.90 99999.90 99999.90 99999.90 99999.90 99999.90 99999.90 99999.90 99999.90 99999.90 99999.90 99999.90 99999.90 99999.90 99999.90 99999.90 99999.90 99999.90 99999.90 99999.90 99999.90 99999.90 99999.90 99999.90 99999.90 99999.90 99999.90 99999.90 99999.90 99999.90 99999.90
4.42 5.38 5.98 6.58 7.59 7.78 6.32 5.41 6.38 6.42 6.52 6.71 6.67 6.62 6.40 5.78 4.93 4.38 4.65 4.79 5.38 6.06 5.77 5.52 5.80 6.54 7.01 7.31 7.06 7.06 6.86 7.05 7.05 7.05 7.05 7.05 7.05 7.05 7.05 7.05 7.05 7.05 4.72 99999.90 99999.90 99999.90 99999.90 99999.90 99999.90 99999.90 99999.90 99999.90 99999.90 99999.90 99999.90 99999.90 99999.90 99999.90 99999.90 99999.90 99999.90 99999.90 99999.90 99999.90 99999.90 99999.90 99999.90 99999.90 99999.90 99999.90 99999.90 99999.90 99999.90 99999.90 99999.90 99999.90 99999.90
4.08 5.38 5.98 5.98 6.88 7.60 5.78 5.03 5.92 6.55 6.73 6.56 6.41 6.60 6.66 5.88 4.86 3.93 3.96 4.33 4.68 5.42 5.56 6.06 6.51 7.14 6.85 7.12 7.61 7.46 7.12 6.46 6.46 6.46 6.46 6.46 6.46 6.46 6.46 6.46 6.46 6.46 4.72 99999.90 99999.90 99999.90 99999.90 99999.90 99999.90 99999.90 99999.90 99999.90 99999.90 99999.90 99999.90 99999.90 99999.90 99999.90 99999.90 99999.90 99999.90 99999.90 99999.90 99999.90 99999.90 99999.90 99999.90 99999.90 99999.90 99999.90 99999.90 99999.90 99999.90 99999.90 99999.90 99999.90 99999.90
4.63 6.06 6.06 4.95 6.33 7.24 6.22 3.78 4.47 4.57 5.61 5.86 5.77 5.67 5.94 5.55 4.96 4.13 3.87 3.74 4.15 4.08 3.80 4.01 4.80 6.34 7.19 7.09 6.74 6.50 7.09 6.76 6.76 6.76 6.76 6.76 6.76 6.76 6.76 6.76 4.72 4.72 4.72 99999.90 99999.90 99999.90 99999.90 99999.90 99999.90 99999.90 99999.90 99999.90 99999.90 99999.90 99999.90 99999.90 99999.90 99999.90 99999.90 99999.90 99999.90 99999.90 99999.90 99999.90 99999.90 99999.90 99999.90 99999.90 99999.90 99999.90 99999.90 99999.90 99999.90 99999.90 99999.90 99999.90 99999.90
6.43 5.04 5.04 5.00 6.33 7.24 6.52 5.39 5.01 3.44 4.21 6.05 5.75 4.73 4.29 4.72 4.60 4.04 4.02 3.46 3.70 4.18 4.54 4.62 5.63 6.76 7.16 6.55 6.41 6.88 7.09 6.82 6.82 6.82 6.82 6.82 6.82 4.72 4.72 4.72 4.72 4.72 4.72 99999.90 99999.90 99999.90 99999.90 99999.90 99999.90 99999.90 99999.90 99999.90 99999.90 99999.90 99999.90 99999.90 99999.90 99999.90 99999.90 99999.90 99999.90 99999.90 99999.90 99999.90 99999.90 99999.90 99999.90 99999.90 99999.90 99999.90 99999.90 99999.90 99999.90 99999.90 99999.90 99999.90 99999.90
5.54 4.69 5.22 5.00 6.08 6.49 6.49 6.86 6.01 3.97 4.58 6.32 6.27 5.15 3.68 3.75 4.21 3.76 3.07 3.07 3.98 4.32 4.95 5.21 6.02 6.92 7.35 6.80 6.09 6.88 5.92 5.92 5.92 5.92 4.72 4.72 4.72 4.72 4.72 4.72 4.72 4.72 4.72 99999.90 99999.90 99999.90 99999.90 99999.90 99999.90 99999.90 99999.90 99999.90 99999.90 99999.90 99999.90 99999.90 99999.90 99999.90 99999.90 99999.90 99999.90 99999.90 99999.90 99999.90 99999.90 99999.90 99999.90 99999.90 99999.90 99999.90 99999.90 99999.90 99999.90 99999.90 99999.90 99999.90 99999.90
5.19 4.85 5.52 6.00 6.08 6.13 6.54 6.54 5.69 5.14 5.45 6.23 6.86 5.28 3.15 3.59 4.04 3.98 2.99 3.39 3.96 3.75 4.66 5.48 6.21 6.76 7.00 6.15 5.63 5.63 5.50 5.50 5.50 4.72 4.72 4.72 4.72 4.72 4.72 4.72 4.72 4.72 4.72 99999.90 99999.90 99999.90 99999.90 99999.90 99999.90 99999.90 99999.90 99999.90 99999.90 99999.90 99999.90 99999.90 99999.90 99999.90 99999.90 99999.90 99999.90 99999.90 99999.90 99999.90 99999.90 99999.90 99999.90 99999.90 99999.90 99999.90 99999.90 99999.90 99999.90 99999.90 99999.90 99999.90 99999.90
5.83 5.80 5.85 5.85 5.90 6.37 6.06 5.35 5.69 5.14 5.45 7.11 7.07 5.89 3.89 4.16 4.43 4.07 3.03 3.48 4.16 4.27 4.84 5.45 6.00 6.40 6.29 5.61 5.63 5.63 5.50 5.50 4.72 4.72 4.72 4.72 4.72 4.72 4.72 4.72 4.72 4.72 4.72 99999.90 99999.90 99999.90 99999.90 99999.90 99999.90 99999.90 99999.90 99999.90 99999.90 99999.90 99999.90 99999.90 99999.90 99999.90 99999.90 99999.90 99999.90 99999.90 99999.90 99999.90 99999.90 99999.90 99999.90 99999.90 99999.90 99999.90 99999.90 99999.90 99999.90 99999.90 99999.90 99999.90 99999.90
5.97 6.03 5.71 5.28 5.92 5.17 4.14 4.55 6.15 6.15 6.50 6.41 6.73 6.67 5.44 4.43 4.14 3.73 3.48 4.01 4.82 5.09 5.12 5.65 6.24 6.74 6.18 5.62 5.62 5.62 5.50 4.72 4.72 4.72 4.72 4.72 4.72 4.72 4.72 4.72 4.72 4.72 4.72 99999.90 99999.90 99999.90 99999.90 99999.90 99999.90 99999.90 99999.90 99999.90 99999.90 99999.90 99999.90 99999.90 99999.90 99999.90 99999.90 99999.90 99999.90 99999.90 99999.90 99999.90 99999.90 99999.90 99999.90 99999.90 99999.90 99999.90 99999.90 99999.90 99999.90 99999.90 99999.90 99999.90 99999.90
5.40 6.07 6.04 5.82 6.12 5.02 3.68 4.81 5.49 5.49 5.51 5.46 5.71 5.89 4.91 4.45 3.93 4.59 4.44 4.85 5.57 5.20 5.16 5.75 6.14 6.58 6.19 5.34 5.34 5.34 3.09 3.09 3.09 3.09 3.09 3.09 3.09 3.09 3.09 3.09 3.09 3.09 3.09 99999.90 99999.90 99999.90 99999.90 99999.90 99999.90 99999.90 99999.90 99999.90 99999.90 99999.90 99999.90 99999.90 99999.90 99999.90 99999.90 99999.90 99999.90 99999.90 99999.90 99999.90 99999.90 99999.90 99999.90 99999.90 99999.90 99999.90 99999.90 99999.90 99999.90 99999.90 99999.90 99999.90 99999.90
5.41 6.05 6.28 5.63 5.77 5.55 4.52 4.38 4.74 4.97 5.49 5.94 5.29 4.64 3.66 3.59 3.89 4.45 5.31 5.03 5.68 5.05 4.71 5.65 6.43 6.64 6.05 5.34 5.34 5.34 3.09 3.09 3.09 3.09 3.09 3.09 3.09 3.09 3.09 3.09 3.09 3.09 3.09 99999.90 99999.90 99999.90 99999.90 99999.90 99999.90 99999.90 99999.90 99999.90 99999.90 99999.90 99999.90 99999.90 99999.90 99999.90 99999.90 99999.90 99999.90 99999.90 99999.90 99999.90 99999.90 99999.90 99999.90 99999.90 99999.90 99999.90 99999.90 99999.90 99999.90 99999.90 99999.90 99999.90 99999.90
5.83 6.20 6.47 6.04 6.23 6.65 6.11 5.36 4.86 4.50 5.41 5.41 4.74 4.27 3.91 3.33 3.33 4.25 4.84 5.24 5.64 5.32 4.72 5.61 6.33 6.53 6.05 6.05 5.34 5.34 3.09 3.09 3.09 3.09 3.09 3.09 3.09 3.09 3.09 3.09 3.09 3.09 3.09 99999.90 99999.90 99999.90 99999.90 99999.90 99999.90 99999.90 99999.90 99999.90 99999.90 99999.90 99999.90 99999.90 99999.90 99999.90 99999.90 99999.90 99999.90 99999.90 99999.90 99999.90 99999.90 99999.90 99999.90 99999.90 99999.90 99999.90 99999.90 99999.90 99999.90 99999.90 99999.90 99999.90 99999.90
