Files/BOM data/2019071320190713.grid
ncols 839
nrows 679
xllcenter 112.0500
yllcenter -43.9500
cellsize 0.0500
nodata_value 99999.90
[rows 102 to 135 of 679, columns 462 to 538 of 839]
19.67 19.65 19.67 19.67 19.63 19.65 19.68 19.66 19.63 19.24 19.32 19.45 19.57 19.57 19.69 19.51 19.51 19.51 19.51 19.47 19.47 19.47 19.47 19.29 19.29 19.29 19.29 19.29 19.54 19.54 19.54 19.54 19.45 19.45 19.45 19.45 19.45 19.45 19.45 19.53 19.53 19.53 19.53 19.53 19.53 19.53 19.53 19.53 99999.90 99999.90 99999.90 99999.90 99999.90 99999.90 99999.90 99999.90 99999.90 99999.90 99999.90 99999.90 99999.90 99999.90 99999.90 99999.90 99999.90 99999.90 99999.90 99999.90 99999.90 99999.90 99999.90 99999.90 99999.90 99999.90 99999.90 99999.90 99999.90
19.69 19.70 19.65 19.64 19.63 19.65 19.66 19.64 19.66 19.53 19.58 19.65 19.70 19.69 19.69 19.51 19.51 19.51 19.55 19.47 19.47 19.47 19.47 19.29 19.29 19.29 19.29 19.29 19.54 19.54 19.54 19.54 19.45 19.45 19.45 19.45 19.45 19.45 19.45 19.53 19.53 19.53 19.53 19.53 19.53 19.53 19.53 19.53 19.55 99999.90 99999.90 99999.90 99999.90 99999.90 99999.90 99999.90 99999.90 99999.90 99999.90 99999.90 99999.90 99999.90 99999.90 99999.90 99999.90 99999.90 99999.90 99999.90 99999.90 99999.90 99999.90 99999.90 99999.90 99999.90 99999.90 99999.90 99999.90
19.62 19.66 19.65 19.63 19.63 19.61 19.63 19.69 19.73 19.74 19.66 19.66 19.67 19.68 19.67 19.51 19.51 19.55 19.47 19.47 19.47 19.47 19.29 19.29 19.29 19.29 19.29 19.54 19.54 19.54 19.54 19.54 19.45 19.45 19.45 19.45 19.45 19.45 19.45 19.53 19.53 19.53 19.53 19.53 19.53 19.53 19.53 19.55 19.55 99999.90 99999.90 99999.90 99999.90 99999.90 99999.90 99999.90 99999.90 99999.90 99999.90 99999.90 99999.90 99999.90 99999.90 99999.90 99999.90 99999.90 99999.90 99999.90 99999.90 99999.90 99999.90 99999.90 99999.90 99999.90 99999.90 99999.90 99999.90
19.64 19.64 19.61 19.59 19.60 19.65 19.62 19.64 19.66 19.62 19.59 19.63 19.66 19.64 19.62 19.58 19.55 19.55 19.47 19.47 19.47 19.54 19.29 19.29 19.29 19.29 19.29 19.54 19.54 19.54 19.54 19.54 19.45 19.45 19.45 19.45 19.45 19.45 19.53 19.53 19.53 19.53 19.53 19.53 19.53 19.53 19.55 19.55 19.55 99999.90 99999.90 99999.90 99999.90 99999.90 99999.90 99999.90 99999.90 99999.90 99999.90 99999.90 99999.90 99999.90 99999.90 99999.90 99999.90 99999.90 99999.90 99999.90 99999.90 99999.90 99999.90 99999.90 99999.90 99999.90 99999.90 99999.90 99999.90
19.54 19.55 19.52 19.54 19.56 19.58 19.59 19.62 19.61 19.64 19.58 19.62 19.64 19.65 19.61 19.59 19.59 19.57 19.47 19.47 19.54 19.29 19.29 19.29 19.29 19.29 19.29 19.54 19.54 19.54 19.54 19.54 19.45 19.45 19.45 19.45 19.45 19.45 19.53 19.53 19.53 19.53 19.53 19.53 19.53 19.55 19.55 19.55 19.55 99999.90 99999.90 99999.90 99999.90 99999.90 99999.90 99999.90 99999.90 99999.90 99999.90 99999.90 99999.90 99999.90 99999.90 99999.90 99999.90 99999.90 99999.90 99999.90 99999.90 99999.90 99999.90 99999.90 99999.90 99999.90 99999.90 99999.90 99999.90
19.50 19.48 19.49 19.49 19.52 19.55 19.57 19.56 19.55 19.59 19.62 19.59 19.59 19.59 19.55 19.58 19.56 19.56 19.55 19.54 19.54 19.29 19.29 19.29 19.29 19.29 19.54 19.54 19.54 19.54 19.54 19.54 19.45 19.45 19.45 19.45 19.45 19.45 19.53 19.53 19.53 19.53 19.53 19.53 19.55 19.55 19.55 19.55 19.55 99999.90 99999.90 99999.90 99999.90 99999.90 99999.90 99999.90 99999.90 99999.90 99999.90 99999.90 99999.90 99999.90 99999.90 99999.90 99999.90 99999.90 99999.90 99999.90 99999.90 99999.90 99999.90 99999.90 99999.90 99999.90 99999.90 99999.90 99999.90
19.47 19.51 19.51 19.47 19.52 19.53 19.54 19.54 19.51 19.55 19.56 19.58 19.57 19.58 19.57 19.54 19.52 19.50 19.50 19.51 19.49 19.29 19.29 19.29 19.29 19.29 19.54 19.54 19.54 19.54 19.54 19.54 19.45 19.45 19.45 19.45 19.45 19.53 19.53 19.53 19.53 19.53 19.53 19.55 19.55 19.55 19.55 19.55 19.55 99999.90 99999.90 99999.90 99999.90 99999.90 99999.90 99999.90 99999.90 99999.90 99999.90 99999.90 99999.90 99999.90 99999.90 99999.90 99999.90 99999.90 99999.90 99999.90 99999.90 99999.90 99999.90 99999.90 99999.90 99999.90 99999.90 99999.90 99999.90
19.38 19.48 19.49 19.46 19.50 19.50 19.49 19.49 19.46 19.49 19.51 19.50 19.55 19.58 19.54 19.55 19.53 19.48 19.48 19.50 19.48 19.38 19.38 19.38 19.45 19.34 19.54 19.54 19.54 19.54 19.54 19.54 19.45 19.45 19.45 19.45 19.45 19.53 19.53 19.53 19.53 19.53 19.55 19.55 19.55 19.55 19.55 19.55 19.55 18.96 18.96 99999.90 99999.90 99999.90 99999.90 99999.90 99999.90 99999.90 99999.90 99999.90 99999.90 99999.90 99999.90 99999.90 99999.90 99999.90 99999.90 99999.90 99999.90 99999.90 99999.90 99999.90 99999.90 99999.90 99999.90 99999.90 99999.90
19.39 19.42 19.46 19.43 19.42 19.46 19.47 19.45 19.47 19.42 19.46 19.42 19.42 19.51 19.49 19.49 19.50 19.45 19.46 19.46 19.44 19.45 19.45 19.45 19.38 19.34 19.54 19.54 19.54 19.54 19.54 19.54 19.45 19.45 19.45 19.45 19.45 19.53 19.53 19.53 19.53 19.55 19.55 19.55 19.55 19.55 19.55 19.55 19.55 18.96 18.96 19.02 99999.90 99999.90 99999.90 99999.90 99999.90 99999.90 99999.90 99999.90 99999.90 99999.90 99999.90 99999.90 99999.90 99999.90 99999.90 99999.90 99999.90 99999.90 99999.90 99999.90 99999.90 99999.90 99999.90 99999.90 99999.90
19.38 19.37 19.42 19.41 19.39 19.43 19.44 19.44 19.44 19.42 19.41 19.39 19.39 19.49 19.46 19.46 19.44 19.43 19.41 19.41 19.45 19.43 19.45 19.45 19.38 19.34 19.34 19.54 19.54 19.54 19.54 19.36 19.45 19.45 19.45 19.45 19.53 19.53 19.53 19.53 19.55 19.55 19.55 19.55 19.55 19.55 19.55 19.55 19.55 18.96 19.02 19.02 19.25 99999.90 99999.90 99999.90 99999.90 99999.90 99999.90 99999.90 99999.90 99999.90 99999.90 99999.90 99999.90 99999.90 99999.90 99999.90 99999.90 99999.90 99999.90 99999.90 99999.90 99999.90 99999.90 99999.90 99999.90
19.37 19.35 19.39 19.37 19.40 19.38 19.39 19.42 19.44 19.44 19.42 19.36 19.34 19.39 19.41 19.45 19.45 19.48 19.42 19.42 19.41 19.43 19.39 19.31 19.38 19.34 19.34 19.54 19.54 19.54 19.36 19.36 19.42 19.45 19.45 19.45 19.53 19.53 19.53 19.55 19.55 19.55 19.55 19.55 19.55 19.55 19.55 19.55 19.55 19.26 19.26 19.26 19.26 19.26 19.26 99999.90 99999.90 99999.90 99999.90 99999.90 99999.90 99999.90 99999.90 99999.90 99999.90 99999.90 99999.90 99999.90 99999.90 99999.90 99999.90 99999.90 99999.90 99999.90 99999.90 99999.90 99999.90
19.38 19.38 19.35 19.37 19.35 19.33 19.41 19.42 19.41 19.37 19.36 19.32 19.30 19.35 19.32 19.38 19.41 19.45 19.43 19.41 19.42 19.40 19.36 19.37 19.36 19.36 19.35 19.35 19.32 19.36 19.36 19.36 19.42 19.42 19.45 19.47 19.47 19.53 19.55 19.55 19.55 19.55 19.55 19.55 19.55 19.55 19.55 19.55 19.26 19.23 19.23 19.23 19.23 19.23 19.23 19.23 19.23 19.23 19.23 99999.90 99999.90 99999.90 99999.90 99999.90 99999.90 99999.90 99999.90 99999.90 99999.90 99999.90 99999.90 99999.90 99999.90 99999.90 99999.90 99999.90 99999.90
19.36 19.38 19.39 19.32 19.32 19.32 19.40 19.41 19.39 19.33 19.30 19.33 19.32 19.26 19.27 19.34 19.36 19.34 19.39 19.39 19.42 19.37 19.40 19.38 19.37 19.38 19.35 19.14 19.32 19.32 19.40 19.40 19.42 19.42 19.42 19.47 19.47 19.50 19.52 19.52 19.52 19.52 19.52 19.52 19.52 19.52 18.96 19.02 19.26 19.23 19.23 19.23 19.23 19.23 19.05 19.05 19.05 19.05 19.05 19.05 19.05 99999.90 99999.90 99999.90 99999.90 99999.90 99999.90 99999.90 99999.90 99999.90 99999.90 99999.90 99999.90 99999.90 99999.90 99999.90 99999.90
19.36 19.40 19.40 19.36 19.32 19.25 19.37 19.38 19.37 19.34 19.21 19.27 19.29 19.30 19.26 19.28 19.31 19.30 19.28 19.31 19.34 19.37 19.42 19.38 19.36 19.37 19.39 19.39 19.10 19.18 19.40 19.40 19.42 19.42 19.42 19.47 19.50 19.50 19.49 19.49 19.49 19.49 19.49 19.49 18.96 18.96 19.02 19.26 19.23 19.23 19.23 19.23 19.23 19.23 19.05 19.05 19.05 19.05 19.05 19.05 19.05 19.17 99999.90 99999.90 99999.90 99999.90 99999.90 99999.90 99999.90 99999.90 99999.90 99999.90 99999.90 99999.90 99999.90 99999.90 99999.90
19.32 19.36 19.39 19.37 19.33 19.31 19.30 19.33 19.32 19.30 19.27 19.29 19.26 19.25 19.27 19.25 19.26 19.24 19.26 19.29 19.33 19.40 19.40 19.35 19.31 19.35 19.43 19.33 19.41 19.41 19.34 19.34 19.34 19.25 19.33 19.33 19.29 19.49 19.49 19.49 19.49 19.49 18.96 18.96 18.96 19.02 19.26 19.26 19.23 19.23 19.23 19.23 19.23 19.05 19.05 19.05 19.05 19.05 19.05 19.05 19.17 19.17 19.08 99999.90 99999.90 99999.90 99999.90 99999.90 99999.90 99999.90 99999.90 99999.90 99999.90 99999.90 99999.90 99999.90 99999.90
19.31 19.29 19.34 19.35 19.32 19.31 19.26 19.24 19.25 19.29 19.31 19.32 19.31 19.24 19.24 19.18 19.17 19.21 19.34 19.34 19.27 19.34 19.32 19.29 19.30 19.35 19.46 19.47 19.37 19.41 19.30 19.30 19.25 19.25 19.33 19.33 19.29 19.08 19.24 19.24 18.96 18.96 18.96 18.96 19.02 19.02 19.26 19.26 19.23 19.23 19.23 19.23 19.23 19.05 19.05 19.05 19.05 19.05 19.05 19.17 19.17 19.08 19.08 19.06 99999.90 99999.90 99999.90 99999.90 99999.90 99999.90 99999.90 99999.90 99999.90 99999.90 99999.90 99999.90 99999.90
19.30 19.29 19.34 19.34 19.31 19.27 19.25 19.27 19.26 19.30 19.29 19.33 19.33 19.25 19.22 19.19 19.15 19.16 19.21 19.39 19.23 19.25 19.24 19.35 19.40 19.42 19.39 19.42 19.45 19.34 19.25 19.25 19.25 19.25 19.33 19.33 19.29 19.08 19.24 19.24 18.96 18.96 18.96 19.02 19.02 19.26 19.26 19.26 19.23 19.23 19.23 19.23 19.05 19.05 19.05 19.05 19.05 19.05 19.17 19.17 19.08 19.08 19.06 19.06 99999.90 99999.90 99999.90 99999.90 99999.90 99999.90 99999.90 99999.90 99999.90 99999.90 99999.90 99999.90 99999.90
19.26 19.26 19.32 19.34 19.26 19.27 19.20 19.23 19.20 19.20 19.24 19.28 19.31 19.25 19.24 19.18 19.16 19.07 19.14 19.25 19.23 19.27 19.24 19.29 19.33 19.34 19.36 19.38 19.32 19.29 19.29 19.32 19.08 19.16 19.31 19.25 19.03 18.74 18.32 18.91 18.96 18.96 19.02 19.02 19.25 19.26 19.26 19.11 19.23 19.23 19.23 19.23 19.05 19.05 19.05 19.05 19.05 19.17 19.17 19.08 19.08 19.06 19.06 19.06 19.13 19.13 99999.90 99999.90 99999.90 99999.90 99999.90 99999.90 99999.90 18.99 18.99 18.99 18.99
19.29 19.26 19.24 19.23 19.26 19.26 19.21 19.23 19.21 19.19 19.12 19.20 19.25 19.24 19.18 19.22 19.13 19.03 19.12 19.13 19.16 19.24 19.26 19.23 19.18 19.22 19.30 19.32 19.30 19.28 19.29 19.27 19.26 19.26 19.26 19.27 19.28 19.33 19.24 19.33 19.11 19.02 19.02 19.25 19.26 19.26 19.26 19.11 19.23 19.23 19.23 19.05 19.05 19.05 19.05 19.05 19.17 19.17 19.08 19.08 19.06 19.06 19.06 19.13 19.13 19.13 19.06 99999.90 99999.90 99999.90 99999.90 99999.90 18.91 18.99 18.99 18.99 18.99
19.21 19.24 19.19 19.19 19.22 19.23 19.18 19.16 19.18 19.19 19.20 19.21 19.27 19.18 19.17 19.13 19.09 19.10 19.11 19.05 19.11 19.15 19.29 18.98 19.15 19.27 19.30 19.20 19.27 19.28 19.28 19.28 19.24 19.30 19.32 19.26 19.19 19.25 19.27 19.28 19.25 19.23 19.25 19.25 19.26 19.26 19.11 19.11 19.23 19.23 19.23 19.05 19.05 19.05 19.05 19.17 19.17 19.08 19.08 19.06 19.06 19.06 19.13 19.13 19.13 19.06 19.06 18.99 99999.90 99999.90 99999.90 18.68 18.91 18.91 18.99 18.99 18.99
19.18 19.19 19.17 19.14 19.16 19.20 19.17 19.14 19.16 19.17 19.23 19.24 19.20 19.12 19.15 19.10 19.10 19.10 19.09 19.14 19.37 19.38 19.35 19.15 19.11 19.22 19.23 19.19 19.25 19.27 19.27 19.23 19.21 19.23 19.25 19.23 19.26 19.24 19.26 19.24 19.25 19.23 19.22 19.30 19.26 19.26 19.11 19.11 19.23 19.23 19.05 19.05 19.05 19.05 19.17 19.17 19.08 19.08 19.06 19.06 19.06 19.13 19.13 19.13 19.06 19.06 18.99 18.99 19.06 99999.90 99999.90 18.68 18.68 18.91 18.91 18.99 18.99
19.20 19.12 19.15 19.11 19.12 19.17 19.15 19.14 19.13 19.12 19.16 19.20 19.18 19.09 19.04 19.10 19.09 19.10 19.09 19.22 19.25 19.26 19.12 19.02 19.11 19.15 19.22 19.18 19.26 19.21 19.25 19.25 19.24 19.35 19.35 19.22 19.20 19.24 19.20 19.18 19.18 19.23 19.23 19.25 19.26 19.25 19.11 19.11 19.23 19.23 19.05 19.05 19.05 19.17 19.17 19.08 19.08 19.06 19.06 19.06 19.13 19.13 19.13 19.06 19.06 18.99 18.99 19.06 19.06 19.03 99999.90 18.68 18.68 18.68 18.91 18.91 18.99
19.15 19.12 19.13 19.09 19.09 19.12 19.11 19.13 19.08 19.10 19.05 19.06 19.08 19.07 19.05 19.11 19.01 19.04 19.05 19.19 19.19 19.17 19.09 18.99 19.09 19.14 19.20 19.16 19.06 19.11 19.22 19.22 19.22 19.34 19.33 19.22 19.27 19.19 19.16 19.15 19.15 19.23 19.25 19.27 19.26 19.27 19.30 19.24 19.15 18.95 19.05 19.05 19.17 19.17 19.08 19.08 19.06 19.06 19.06 19.13 19.13 19.13 19.06 19.06 18.99 18.95 18.95 18.95 18.95 18.95 18.95 18.68 18.68 18.68 18.68 18.91 18.91
19.14 19.11 19.13 19.16 19.10 19.10 19.13 19.11 19.00 19.03 19.01 19.01 19.04 19.05 19.04 19.05 19.03 19.03 19.02 19.15 19.17 19.16 19.12 19.08 19.12 19.14 19.14 19.15 18.92 19.04 19.08 19.08 19.14 19.27 19.11 19.10 19.12 19.14 19.18 19.10 19.12 19.24 19.28 19.27 19.27 19.27 19.24 19.23 19.20 19.18 19.13 19.17 19.17 19.08 19.08 19.06 19.06 19.06 19.13 19.13 19.13 19.06 19.06 18.99 18.99 18.95 18.95 19.00 19.00 19.00 19.00 18.68 18.68 18.68 18.68 18.68 18.91
19.08 19.09 19.15 19.10 19.07 19.10 19.13 19.12 19.00 19.05 19.06 19.03 19.10 19.02 19.03 19.01 19.01 19.03 19.03 19.10 19.15 19.15 19.15 19.12 19.11 19.15 19.16 19.10 18.99 19.07 19.08 19.07 19.11 19.10 19.12 19.10 19.13 19.15 19.13 19.18 19.19 19.23 19.22 19.25 19.25 19.22 19.19 19.24 19.19 19.21 19.12 19.12 19.08 19.08 19.06 19.06 19.06 19.13 19.13 19.13 19.06 19.06 18.99 18.99 18.95 18.95 18.95 19.00 19.00 19.00 18.97 18.94 18.94 18.68 18.68 18.68 18.68
19.09 19.10 19.09 19.10 19.07 19.06 19.11 19.06 19.05 19.03 19.01 19.07 19.10 19.04 19.02 19.01 18.95 19.00 19.02 19.06 19.12 19.12 19.15 19.15 19.11 19.14 19.13 19.06 18.96 19.06 19.11 19.06 19.10 19.08 19.08 19.20 19.26 19.13 19.08 19.18 19.20 19.18 19.19 19.18 19.22 19.16 19.18 19.23 19.20 19.20 19.18 19.13 19.16 19.06 19.06 19.06 19.13 19.13 19.13 19.06 19.06 18.99 18.99 19.06 18.95 18.95 18.95 19.00 19.00 19.00 18.97 18.94 18.94 18.68 18.68 18.68 18.68
19.10 19.10 19.11 19.10 19.09 19.10 19.07 19.05 19.07 19.06 19.05 19.02 19.02 18.96 18.97 18.92 18.89 18.96 18.96 19.03 19.06 19.11 19.11 19.14 19.14 19.08 19.07 19.02 18.99 19.02 18.98 19.00 19.13 19.03 19.03 19.08 19.25 19.15 19.12 19.10 19.16 19.13 19.13 19.12 19.17 19.20 19.16 19.15 19.17 19.14 19.18 19.15 19.15 19.17 19.17 19.13 19.13 19.13 19.06 19.06 18.99 18.99 19.06 18.95 18.95 18.95 19.00 19.00 19.00 18.91 18.97 18.94 18.94 18.94 18.68 18.68 18.68
19.07 19.07 19.06 19.08 19.08 19.09 19.11 19.00 18.98 18.95 18.96 18.99 18.97 18.90 18.89 18.89 18.89 18.90 18.97 18.95 19.05 19.11 19.13 19.12 19.16 19.14 19.07 19.02 19.00 19.00 18.98 19.03 19.10 18.97 19.03 19.11 19.17 19.17 19.13 19.10 19.13 19.10 19.02 19.06 19.13 19.15 19.12 19.13 19.15 19.15 19.19 19.13 19.14 19.18 19.14 19.13 19.13 19.06 19.06 18.99 18.99 19.06 19.06 18.95 18.95 18.95 19.00 19.00 19.00 18.91 18.97 18.94 18.94 18.94 18.68 18.68 18.68
18.97 18.96 19.04 19.04 19.03 19.08 19.09 19.02 18.95 18.90 18.94 18.98 18.96 18.89 18.83 18.85 18.86 18.99 18.95 18.94 18.98 19.09 19.09 19.09 19.13 19.13 19.08 18.95 18.99 19.03 18.97 19.02 19.07 18.97 18.97 19.03 19.06 19.11 19.06 19.09 19.13 19.08 19.05 19.04 19.11 19.14 19.12 19.13 19.11 19.05 19.06 19.08 19.08 19.12 19.09 19.06 19.06 19.06 18.99 18.99 19.06 19.06 18.95 18.95 18.95 18.95 19.00 19.00 19.00 18.91 18.97 18.94 18.94 18.94 18.94 18.68 18.68
18.97 18.89 19.01 19.00 19.02 19.05 19.05 18.98 18.92 18.94 18.98 18.96 18.94 18.90 18.85 18.81 18.94 18.96 18.85 18.90 18.91 19.07 19.10 19.09 19.07 19.08 19.09 19.00 18.98 19.02 19.02 19.05 19.05 18.91 18.93 18.98 18.97 18.93 19.06 19.07 19.10 19.09 19.06 19.06 19.09 19.06 19.06 19.05 19.14 19.14 19.02 18.98 18.99 19.03 19.06 19.06 19.04 18.99 18.99 19.06 19.06 19.03 18.95 18.95 18.95 19.00 19.00 19.00 19.00 18.91 18.97 18.94 18.94 18.94 18.94 18.68 18.68
19.01 18.90 18.96 18.99 18.97 18.97 19.00 18.95 18.97 18.91 18.92 18.89 18.89 18.95 18.94 18.90 18.89 18.89 18.82 18.82 18.85 19.02 19.11 19.07 19.08 19.07 19.07 18.98 19.00 19.04 19.04 18.98 18.97 18.92 18.89 18.88 18.89 18.89 18.95 18.99 19.08 19.10 19.04 19.06 19.07 19.06 19.06 19.06 19.10 19.11 19.11 19.02 18.97 18.96 19.01 19.01 19.01 18.96 19.06 19.06 19.03 18.96 18.95 18.95 18.95 19.00 19.00 19.00 18.94 18.91 18.97 18.94 18.94 18.94 18.94 18.97 18.30
19.03 18.98 19.02 19.03 19.02 19.00 19.02 18.98 18.98 18.90 18.87 18.88 18.92 19.00 18.97 18.87 18.83 18.87 18.92 19.03 18.96 19.03 19.09 19.09 19.07 19.05 19.06 18.99 18.95 19.00 18.92 18.93 18.85 18.89 18.86 18.80 18.88 18.93 18.91 18.92 18.96 19.04 19.05 19.05 19.03 19.04 19.04 19.03 19.04 19.08 19.09 18.98 18.91 18.93 18.95 18.97 18.96 18.90 18.95 19.03 19.03 18.96 18.95 18.95 18.99 19.00 19.00 19.00 18.94 18.91 18.97 18.94 18.94 18.94 18.97 18.97 18.97
18.97 18.96 18.94 18.96 18.99 18.99 18.94 18.93 18.91 18.91 18.88 18.89 18.93 18.95 18.96 18.93 18.88 18.87 18.92 19.01 19.02 18.97 19.01 19.04 19.04 18.99 19.03 19.05 18.88 18.85 18.87 18.87 18.90 18.85 18.88 18.83 18.82 18.89 18.90 19.05 18.96 18.99 19.01 19.02 19.04 19.01 18.98 19.04 19.04 19.03 19.05 19.03 18.87 18.90 18.95 18.91 18.90 18.93 18.94 18.89 18.97 18.96 18.95 18.95 18.99 19.00 19.00 18.91 18.94 18.91 18.97 18.94 18.94 18.94 18.97 18.97 18.97
18.94 18.92 18.93 18.95 18.96 18.99 18.97 18.88 18.90 18.91 18.91 18.90 18.92 18.92 18.87 18.91 18.91 18.86 18.92 18.98 19.01 18.99 18.98 19.03 19.03 19.03 19.03 19.00 18.93 18.87 18.87 18.94 18.86 18.86 18.86 18.81 18.85 18.85 18.84 18.85 18.89 18.94 19.02 19.02 19.01 19.02 18.98 18.98 18.98 18.97 18.97 19.01 18.89 18.79 18.77 18.77 18.78 18.78 18.80 18.87 18.86 18.88 18.89 18.99 18.99 19.00 19.00 18.91 18.94 18.91 18.97 18.94 18.94 18.95 18.97 18.97 18.97
