Files/BOM data/2019071920190719.grid
ncols 839
nrows 679
xllcenter 112.0500
yllcenter -43.9500
cellsize 0.0500
nodata_value 99999.90
[rows 204 to 237 of 679, columns 539 to 615 of 839]
17.85 17.94 17.98 17.98 17.95 17.95 17.95 17.93 17.91 17.93 17.93 17.90 17.91 17.93 17.94 17.95 17.89 17.87 17.85 17.86 17.87 17.88 17.90 17.93 17.85 17.91 17.95 17.89 17.86 17.83 17.87 17.84 17.91 17.86 17.90 17.93 17.89 17.88 17.91 17.93 17.95 17.97 17.96 17.78 17.72 18.01 17.97 17.93 17.95 18.02 18.03 18.02 18.04 18.03 18.00 17.93 17.86 17.63 17.68 17.62 17.78 17.79 17.83 17.86 17.85 17.82 17.76 17.70 17.69 17.73 17.85 17.89 17.92 17.83 17.84 17.86 17.85
17.87 17.84 17.94 17.94 17.95 17.93 17.93 17.93 17.91 17.91 17.91 17.87 17.86 17.86 17.92 17.93 17.85 17.83 17.82 17.88 17.86 17.88 17.88 17.88 17.86 17.82 17.90 17.85 17.80 17.75 17.76 17.94 17.91 17.85 17.80 17.88 17.92 17.88 17.87 17.87 17.93 18.02 17.91 17.90 17.74 17.98 17.97 17.97 17.98 18.01 18.01 17.99 17.99 18.03 18.02 17.92 17.89 17.75 17.84 17.68 17.70 17.79 17.80 17.78 17.82 17.83 17.76 17.75 17.71 17.77 17.80 17.80 17.81 17.81 17.89 17.85 17.84
17.89 17.85 17.84 17.89 17.89 17.89 17.91 17.90 17.80 17.84 17.86 17.85 17.81 17.86 17.87 17.87 17.79 17.82 17.81 17.83 17.81 17.81 17.84 17.82 17.81 17.84 17.86 17.79 17.74 17.73 17.70 17.86 17.85 17.84 17.80 17.74 17.82 17.83 17.84 17.78 17.77 17.83 17.82 17.90 17.91 17.75 17.92 17.88 17.90 17.97 17.95 17.94 17.98 17.95 17.95 17.97 17.95 17.91 17.90 17.80 17.67 17.74 17.78 17.67 17.76 17.80 17.71 17.70 17.69 17.72 17.79 17.82 17.80 17.81 17.91 17.88 17.84
17.86 17.87 17.86 17.86 17.87 17.87 17.88 17.91 17.87 17.78 17.83 17.84 17.82 17.83 17.88 17.84 17.82 17.82 17.82 17.80 17.82 17.81 17.80 17.84 17.83 17.80 17.82 17.79 17.77 17.76 17.61 17.71 17.78 17.71 17.72 17.64 17.82 17.84 17.84 17.65 17.70 17.80 17.76 17.82 17.82 17.83 17.86 17.80 17.90 17.95 17.92 17.92 17.90 17.94 17.97 17.93 17.90 17.90 17.90 17.86 17.63 17.68 17.74 17.72 17.71 17.72 17.72 17.75 17.71 17.68 17.72 17.82 17.82 17.75 17.86 17.85 17.83
17.79 17.83 17.84 17.84 17.85 17.91 17.87 17.89 17.88 17.74 17.83 17.80 17.78 17.77 17.83 17.81 17.77 17.80 17.83 17.78 17.78 17.77 17.74 17.80 17.72 17.78 17.80 17.70 17.81 17.71 17.63 17.63 17.74 17.72 17.80 17.55 17.62 17.79 17.71 17.79 17.82 17.77 17.74 17.80 17.83 17.77 17.91 17.89 17.82 17.92 17.90 17.92 17.95 17.89 17.95 17.95 17.92 17.89 17.86 17.84 17.73 17.63 17.69 17.71 17.70 17.69 17.69 17.73 17.72 17.66 17.74 17.78 17.77 17.80 17.73 17.87 17.83
17.80 17.78 17.85 17.86 17.84 17.86 17.87 17.86 17.93 17.83 17.79 17.80 17.75 17.74 17.81 17.80 17.78 17.82 17.82 17.81 17.79 17.77 17.74 17.76 17.80 17.78 17.74 17.77 17.67 17.61 17.54 17.50 17.64 17.78 17.77 17.64 17.71 17.83 17.87 17.87 17.80 17.75 17.79 17.88 17.76 17.76 17.93 18.01 17.98 17.70 17.80 17.88 17.92 17.90 17.86 17.91 17.87 17.85 17.84 17.81 17.71 17.65 17.73 17.73 17.75 17.70 17.69 17.68 17.69 17.70 17.73 17.78 17.75 17.79 17.73 17.78 17.77
17.73 17.77 17.75 17.86 17.84 17.79 17.82 17.78 17.81 17.86 17.78 17.71 17.69 17.72 17.76 17.75 17.79 17.82 17.78 17.78 17.75 17.74 17.75 17.75 17.77 17.68 17.71 17.71 17.68 17.69 17.73 17.65 17.70 17.79 17.75 17.70 17.75 17.80 17.83 17.79 17.69 17.79 17.81 17.74 17.74 17.76 17.74 17.82 17.90 17.90 17.70 17.81 17.86 17.88 17.85 17.86 17.84 17.78 17.79 17.73 17.68 17.66 17.68 17.64 17.69 17.78 17.71 17.63 17.61 17.61 17.67 17.69 17.74 17.76 17.80 17.80 17.76
17.72 17.70 17.74 17.72 17.81 17.81 17.81 17.71 17.61 17.75 17.77 17.79 17.70 17.71 17.74 17.75 17.77 17.80 17.77 17.80 17.77 17.78 17.72 17.72 17.78 17.73 17.72 17.70 17.78 17.72 17.72 17.62 17.64 17.64 17.59 17.66 17.80 17.74 17.63 17.48 17.78 17.89 17.81 17.74 17.77 17.87 17.86 17.84 17.72 17.84 17.81 17.78 17.73 17.80 17.81 17.80 17.78 17.78 17.77 17.78 17.71 17.69 17.71 17.60 17.62 17.64 17.67 17.72 17.73 17.65 17.59 17.64 17.74 17.77 17.77 17.78 17.76
17.74 17.72 17.71 17.73 17.68 17.72 17.76 17.69 17.70 17.79 17.77 17.75 17.65 17.64 17.63 17.71 17.73 17.71 17.73 17.77 17.72 17.71 17.73 17.71 17.78 17.76 17.72 17.72 17.69 17.77 17.70 17.54 17.50 17.54 17.65 17.65 17.71 17.74 17.62 17.59 17.68 17.77 17.75 17.73 17.81 17.81 17.80 17.83 17.83 17.68 17.83 17.68 17.73 17.80 17.71 17.73 17.70 17.67 17.68 17.73 17.71 17.73 17.71 17.54 17.59 17.62 17.65 17.61 17.62 17.65 17.63 17.65 17.68 17.69 17.70 17.71 17.64
17.69 17.73 17.71 17.71 17.72 17.77 17.77 17.73 17.73 17.86 17.73 17.70 17.63 17.65 17.65 17.74 17.74 17.73 17.70 17.74 17.71 17.70 17.71 17.72 17.73 17.73 17.75 17.73 17.69 17.66 17.69 17.60 17.60 17.70 17.64 17.64 17.59 17.58 17.64 17.64 17.72 17.76 17.83 17.77 17.80 17.80 17.79 17.83 17.79 17.65 17.75 17.76 17.69 17.78 17.80 17.74 17.58 17.56 17.60 17.63 17.64 17.66 17.65 17.60 17.51 17.57 17.57 17.60 17.58 17.59 17.62 17.58 17.63 17.67 17.71 17.74 17.72
17.61 17.63 17.61 17.62 17.67 17.73 17.74 17.59 17.69 17.52 17.72 17.60 17.63 17.49 17.53 17.66 17.69 17.71 17.69 17.71 17.69 17.68 17.69 17.72 17.74 17.73 17.79 17.77 17.67 17.69 17.72 17.66 17.70 17.67 17.67 17.72 17.69 17.64 17.67 17.65 17.70 17.83 17.81 17.78 17.82 17.85 17.82 17.84 17.76 17.70 17.67 17.73 17.64 17.64 17.76 17.74 17.67 17.59 17.60 17.62 17.61 17.57 17.58 17.57 17.56 17.46 17.70 17.77 17.56 17.59 17.60 17.59 17.56 17.68 17.78 17.76 17.63
17.61 17.66 17.56 17.54 17.62 17.69 17.67 17.49 17.62 17.34 17.66 17.62 17.62 17.53 17.57 17.61 17.64 17.67 17.70 17.68 17.68 17.66 17.65 17.66 17.69 17.71 17.73 17.74 17.74 17.64 17.62 17.62 17.62 17.65 17.67 17.69 17.74 17.63 17.57 17.36 17.60 17.77 17.73 17.73 17.61 17.83 17.89 17.79 17.74 17.63 17.62 17.66 17.68 17.63 17.64 17.68 17.69 17.67 17.68 17.67 17.60 17.60 17.58 17.58 17.54 17.46 17.62 17.75 17.49 17.57 17.59 17.60 17.60 17.64 17.65 17.66 17.67
17.60 17.63 17.66 17.62 17.64 17.67 17.63 17.64 17.64 17.68 17.63 17.58 17.58 17.53 17.54 17.57 17.59 17.62 17.66 17.65 17.63 17.63 17.62 17.62 17.62 17.63 17.62 17.69 17.69 17.71 17.57 17.54 17.62 17.63 17.66 17.65 17.67 17.59 17.44 17.56 17.52 17.72 17.62 17.59 17.61 17.75 17.83 17.79 17.72 17.72 17.57 17.64 17.67 17.72 17.65 17.59 17.59 17.64 17.63 17.61 17.57 17.55 17.54 17.52 17.53 17.51 17.48 17.44 17.45 17.55 17.60 17.54 17.56 17.62 17.64 17.61 17.67
17.48 17.63 17.61 17.53 17.60 17.62 17.60 17.62 17.64 17.66 17.59 17.51 17.49 17.53 17.56 17.57 17.59 17.60 17.65 17.64 17.60 17.61 17.58 17.58 17.59 17.58 17.56 17.67 17.68 17.68 17.60 17.55 17.55 17.62 17.63 17.63 17.66 17.49 17.43 17.55 17.52 17.57 17.38 17.54 17.71 17.72 17.84 17.68 17.66 17.56 17.62 17.67 17.66 17.67 17.64 17.49 17.49 17.64 17.58 17.43 17.53 17.59 17.56 17.51 17.52 17.49 17.46 17.45 17.51 17.51 17.49 17.51 17.55 17.62 17.62 17.67 17.65
17.51 17.57 17.58 17.66 17.61 17.58 17.59 17.57 17.59 17.62 17.59 17.47 17.43 17.40 17.55 17.50 17.50 17.57 17.62 17.61 17.55 17.51 17.50 17.55 17.57 17.57 17.58 17.64 17.64 17.63 17.62 17.60 17.57 17.61 17.62 17.65 17.59 17.61 17.62 17.50 17.43 17.62 17.60 17.63 17.74 17.72 17.78 17.67 17.58 17.61 17.60 17.62 17.62 17.67 17.63 17.46 17.37 17.51 17.53 17.53 17.54 17.57 17.60 17.58 17.52 17.53 17.48 17.44 17.48 17.47 17.48 17.49 17.50 17.59 17.65 17.61 17.58
17.53 17.44 17.51 17.54 17.55 17.50 17.55 17.55 17.55 17.60 17.55 17.49 17.53 17.46 17.48 17.48 17.52 17.57 17.58 17.59 17.56 17.53 17.49 17.48 17.52 17.56 17.53 17.61 17.62 17.62 17.61 17.57 17.60 17.58 17.60 17.56 17.58 17.63 17.60 17.57 17.52 17.57 17.61 17.71 17.65 17.74 17.66 17.72 17.56 17.60 17.56 17.54 17.46 17.45 17.58 17.51 17.37 17.34 17.46 17.50 17.60 17.63 17.55 17.58 17.61 17.53 17.48 17.48 17.47 17.43 17.47 17.49 17.52 17.57 17.55 17.53 17.53
17.46 17.45 17.46 17.48 17.54 17.44 17.50 17.48 17.48 17.53 17.52 17.39 17.47 17.50 17.49 17.49 17.49 17.50 17.55 17.57 17.50 17.48 17.53 17.45 17.37 17.35 17.50 17.58 17.59 17.52 17.56 17.56 17.55 17.55 17.56 17.58 17.57 17.61 17.64 17.55 17.48 17.46 17.55 17.71 17.71 17.69 17.69 17.58 17.58 17.57 17.55 17.48 17.36 17.24 17.40 17.42 17.23 17.32 17.30 17.46 17.56 17.61 17.51 17.59 17.55 17.54 17.49 17.49 17.44 17.44 17.43 17.43 17.50 17.54 17.47 17.51 17.53
17.43 17.46 17.43 17.47 17.42 17.44 17.47 17.48 17.51 17.44 17.51 17.40 17.38 17.48 17.48 17.50 17.49 17.49 17.55 17.55 17.45 17.42 17.42 17.35 17.33 17.48 17.49 17.54 17.55 17.54 17.53 17.47 17.51 17.48 17.57 17.56 17.58 17.58 17.56 17.35 17.45 17.53 17.62 17.62 17.75 17.70 17.65 17.53 17.63 17.52 17.46 17.43 17.42 17.38 17.31 17.24 17.10 17.29 17.28 17.42 17.41 17.48 17.51 17.57 17.50 17.57 17.60 17.53 17.49 17.43 17.44 17.44 17.44 17.46 17.43 17.47 17.40
17.19 17.10 17.09 17.31 17.39 17.35 17.46 17.39 17.52 17.51 17.51 17.44 17.43 17.42 17.48 17.51 17.50 17.50 17.57 17.47 17.42 17.44 17.24 17.11 16.88 17.28 17.49 17.50 17.53 17.55 17.48 17.46 17.48 17.50 17.51 17.56 17.55 17.52 17.56 17.52 17.43 17.43 17.60 17.68 17.52 17.57 17.48 17.45 17.43 17.38 17.40 17.37 17.35 17.35 17.23 17.20 16.95 17.09 17.17 17.26 17.29 17.40 17.47 17.54 17.63 17.57 17.58 17.50 17.52 17.49 17.44 17.52 17.44 17.46 17.46 17.41 17.35
17.19 17.22 17.18 17.32 17.36 17.41 17.47 17.50 17.48 17.49 17.46 17.42 17.26 17.35 17.38 17.42 17.46 17.47 17.49 17.31 17.28 17.35 17.16 17.26 17.03 16.99 17.40 17.41 17.49 17.47 17.47 17.45 17.46 17.47 17.52 17.56 17.51 17.54 17.57 17.50 17.48 17.58 17.68 17.57 17.59 17.48 17.33 17.28 17.41 17.40 17.27 17.21 17.26 17.29 17.26 17.27 17.02 16.88 17.00 17.15 17.21 17.23 17.18 17.35 17.64 17.68 17.63 17.60 17.56 17.60 17.51 17.56 17.53 17.46 17.43 17.42 17.36
17.31 17.12 17.04 17.41 17.35 17.30 17.35 17.41 17.39 17.45 17.44 17.41 17.21 17.23 17.24 17.44 17.43 17.42 17.41 17.31 17.36 17.16 17.38 17.35 17.07 17.18 17.37 17.43 17.43 17.46 17.43 17.45 17.47 17.44 17.51 17.52 17.48 17.52 17.58 17.49 17.44 17.52 17.60 17.57 17.54 17.50 17.27 17.30 17.38 17.40 17.30 17.32 17.25 17.21 17.38 17.39 17.25 17.07 17.19 17.13 17.21 17.30 17.23 17.32 17.56 17.62 17.55 17.57 17.54 17.50 17.47 17.46 17.37 17.32 17.38 17.41 17.39
16.91 17.04 17.11 17.25 17.45 17.36 17.37 17.40 17.42 17.37 17.40 17.39 17.26 17.17 17.17 17.31 17.36 17.29 17.27 17.25 17.29 17.27 17.36 17.43 17.26 17.21 17.33 17.44 17.51 17.39 17.41 17.47 17.52 17.52 17.50 17.45 17.43 17.50 17.49 17.50 17.48 17.47 17.51 17.47 17.53 17.35 17.23 17.28 17.38 17.38 17.35 17.49 17.40 17.42 17.42 17.39 17.28 17.07 17.21 17.25 17.36 17.38 17.16 17.14 17.29 17.51 17.51 17.52 17.47 17.46 17.47 17.48 17.41 17.36 17.37 17.38 17.33
16.91 16.92 17.24 17.38 17.42 17.38 17.33 17.29 17.34 17.32 17.41 17.37 17.25 17.18 17.23 17.25 17.29 17.24 17.13 17.19 17.17 17.09 17.32 17.21 17.08 17.17 17.23 17.30 17.42 17.36 17.34 17.36 17.47 17.54 17.50 17.47 17.42 17.48 17.55 17.46 17.38 17.46 17.40 17.40 17.38 17.35 17.30 17.32 17.41 17.43 17.29 17.47 17.46 17.35 17.31 17.28 17.18 16.93 17.02 17.26 17.40 17.38 17.38 17.25 17.18 17.39 17.38 17.33 17.30 17.34 17.44 17.44 17.42 17.46 17.38 17.39 17.37
17.19 17.20 17.23 17.29 17.29 17.31 17.34 17.32 17.25 17.26 17.36 17.37 17.16 17.15 17.21 17.26 17.14 17.32 17.18 17.11 17.12 16.91 17.26 17.11 16.81 17.23 17.25 17.28 17.40 17.30 17.36 17.32 17.47 17.50 17.52 17.49 17.44 17.40 17.42 17.38 17.30 17.42 17.36 17.28 17.17 17.38 17.35 17.43 17.38 17.39 17.34 17.37 17.50 17.44 17.29 17.26 17.07 16.96 16.89 17.15 17.43 17.54 17.58 17.39 17.34 17.31 17.32 17.34 17.21 17.28 17.37 17.40 17.34 17.42 17.39 17.39 17.35
17.31 17.33 17.26 17.11 17.39 17.29 17.37 17.36 17.26 17.21 17.28 17.32 17.13 17.16 17.08 17.15 17.13 17.18 17.24 17.27 17.36 17.18 16.97 17.07 16.96 17.23 17.24 17.44 17.48 17.34 17.34 17.32 17.38 17.47 17.49 17.47 17.45 17.38 17.42 17.36 17.31 17.32 17.37 17.35 17.28 17.23 17.20 17.30 17.39 17.41 17.34 17.30 17.46 17.48 17.26 17.24 17.37 17.28 17.15 17.22 17.29 17.46 17.62 17.47 17.42 17.33 17.30 17.32 17.31 17.33 17.31 17.32 17.34 17.32 17.37 17.37 17.35
17.19 17.08 17.04 17.04 17.34 17.32 17.32 17.31 17.24 17.18 17.20 17.30 17.23 17.20 17.10 17.08 17.18 17.07 16.99 17.14 17.27 17.33 17.11 16.52 16.76 17.19 17.25 17.44 17.45 17.41 17.39 17.44 17.44 17.44 17.45 17.48 17.45 17.40 17.38 17.37 17.31 17.20 17.21 17.20 17.34 17.25 17.15 17.25 17.31 17.35 17.33 17.34 17.33 17.39 17.33 17.51 17.53 17.64 17.44 17.14 17.25 17.40 17.62 17.64 17.53 17.47 17.37 17.26 17.29 17.35 17.31 17.30 17.31 17.25 17.34 17.34 17.33
16.97 16.96 16.87 17.05 17.25 17.22 17.22 17.14 17.17 17.16 17.14 17.32 17.17 17.18 17.15 17.06 17.11 17.16 17.02 17.08 17.14 17.17 16.64 16.81 16.86 17.19 17.28 17.35 17.40 17.42 17.40 17.43 17.45 17.45 17.46 17.45 17.44 17.41 17.35 17.32 17.18 17.07 17.19 16.97 17.22 17.30 17.21 17.24 17.30 17.33 17.27 17.28 17.44 17.44 17.35 17.54 17.60 17.64 17.61 17.26 17.25 17.27 17.40 17.50 17.62 17.60 17.38 17.23 17.19 17.25 17.23 17.25 17.25 17.23 17.26 17.25 17.31
16.67 16.78 16.93 16.87 17.04 17.12 17.11 17.06 17.16 17.16 17.20 17.27 17.05 17.18 17.14 17.09 16.97 17.04 17.03 17.17 16.92 16.69 16.61 17.14 17.19 17.19 17.26 17.25 17.35 17.27 17.37 17.38 17.41 17.45 17.46 17.45 17.42 17.36 17.34 17.32 17.09 16.92 17.31 17.07 16.98 17.09 17.26 17.33 17.36 17.36 17.27 17.32 17.36 17.48 17.48 17.28 17.34 17.32 17.28 17.26 17.26 17.21 17.26 17.42 17.54 17.38 17.36 17.22 17.12 17.09 17.19 17.22 17.14 17.14 17.22 17.39 17.40
16.96 16.87 16.70 16.82 17.12 17.20 17.11 17.08 17.17 17.18 17.25 17.20 17.02 17.07 17.03 17.09 17.03 17.00 16.91 17.13 16.94 16.64 16.86 17.23 17.30 17.30 17.17 17.19 17.17 17.29 17.29 17.25 17.23 17.36 17.39 17.40 17.41 17.36 17.31 17.23 17.14 17.23 17.26 17.22 16.95 17.13 17.41 17.42 17.45 17.43 17.40 17.36 17.28 17.41 17.28 17.36 17.42 17.54 17.38 17.40 17.48 17.32 17.27 17.15 17.43 17.44 17.32 17.32 17.25 17.22 17.22 17.25 17.24 17.22 17.19 17.30 17.36
16.91 16.95 17.05 17.13 17.11 17.10 17.04 17.07 17.16 17.08 17.11 17.07 16.99 17.14 17.07 17.14 16.97 16.95 16.98 16.96 16.72 16.57 16.64 16.57 17.17 17.32 17.20 17.16 17.18 17.29 17.30 17.17 17.29 17.29 17.39 17.37 17.36 17.37 17.26 17.14 17.04 17.28 17.33 17.37 17.30 17.35 17.42 17.43 17.39 17.41 17.41 17.41 17.25 17.36 17.30 17.40 17.49 17.43 17.29 17.35 17.48 17.26 17.09 17.09 17.18 17.29 17.31 17.34 17.31 17.19 17.19 17.20 17.07 17.19 17.20 17.24 17.25
16.86 17.01 17.04 17.11 17.07 17.15 17.05 17.10 17.16 17.12 17.11 16.96 17.04 17.05 17.03 17.11 17.14 16.85 17.02 17.06 16.75 16.17 16.38 16.40 17.00 17.29 17.15 17.24 17.22 17.29 17.27 17.24 17.31 17.32 17.30 17.30 17.31 17.30 17.18 16.72 16.92 17.36 17.31 17.36 17.37 17.37 17.37 17.30 17.34 17.37 17.33 17.33 17.37 17.41 17.36 17.28 17.29 17.28 17.23 17.36 17.32 17.35 17.14 17.09 17.18 17.23 17.22 17.22 17.16 17.19 17.15 17.16 17.11 17.07 17.18 17.09 17.19
16.90 17.01 17.08 17.10 17.05 17.07 17.01 17.14 17.13 17.15 17.09 16.92 17.03 17.05 17.07 17.12 17.08 16.97 17.12 17.13 16.92 16.31 16.23 16.47 16.66 16.76 17.20 17.20 17.26 17.27 17.23 17.19 17.28 17.25 17.30 17.17 17.26 17.18 16.94 16.51 16.55 17.33 17.34 17.37 17.34 17.34 17.34 17.37 17.35 17.31 17.35 17.33 17.36 17.36 17.27 17.33 17.35 17.22 17.32 17.29 17.30 17.30 17.26 17.28 17.33 17.24 17.16 17.11 17.10 17.23 17.16 17.12 17.01 17.03 17.11 17.06 17.23
16.91 16.99 17.02 17.14 17.11 17.10 17.10 17.07 17.00 17.12 17.02 16.96 16.96 16.97 17.03 17.12 17.03 17.14 16.96 16.82 16.86 16.20 15.77 16.38 16.23 16.64 17.17 17.24 17.12 17.21 17.18 17.13 17.19 17.18 17.18 17.27 17.36 17.02 16.83 16.41 16.69 17.05 17.28 17.36 17.39 17.36 17.34 17.30 17.32 17.33 17.33 17.30 17.36 17.34 17.29 17.35 17.35 17.33 17.32 17.31 17.34 17.25 17.18 17.25 17.19 17.23 17.19 17.06 17.10 17.17 17.14 16.99 17.04 16.98 17.03 17.01 17.09
17.07 16.95 17.05 17.09 17.04 17.09 17.08 17.10 17.05 16.99 17.10 17.10 16.98 16.96 17.02 17.14 17.04 17.06 17.19 16.96 16.95 16.41 16.06 16.32 16.23 16.12 16.84 17.08 17.13 17.21 17.23 17.22 17.08 17.01 17.15 17.11 17.29 17.10 16.81 16.61 16.76 17.09 17.31 17.32 17.34 17.34 17.30 17.29 17.30 17.27 17.33 17.31 17.32 17.32 17.29 17.32 17.32 17.32 17.32 17.30 17.28 17.28 17.29 17.26 17.21 17.20 17.03 17.13 17.15 17.26 17.31 17.10 16.98 16.99 17.01 17.00 17.01
