Files/BOM data/2019072120190721.grid
ncols 839
nrows 679
xllcenter 112.0500
yllcenter -43.9500
cellsize 0.0500
nodata_value 99999.90
[rows 272 to 305 of 679, columns 385 to 461 of 839]
16.40 16.43 16.60 16.59 16.57 16.14 16.13 16.64 16.56 16.60 16.43 16.49 16.54 16.24 16.35 16.66 16.71 16.71 16.72 16.72 16.69 16.68 16.69 16.71 16.72 16.70 16.70 16.69 16.70 16.66 16.71 16.71 16.67 16.66 16.70 16.70 16.70 16.69 16.66 16.66 16.69 16.69 16.69 16.69 16.65 16.65 16.66 16.68 16.68 16.68 16.67 16.67 16.68 16.67 16.67 16.67 16.54 16.48 16.45 16.58 16.72 16.70 16.64 16.42 16.49 16.59 16.60 16.58 16.62 16.73 16.70 16.66 16.66 16.63 16.68 16.67 16.61
16.46 16.33 16.50 16.60 16.58 16.56 16.31 16.25 16.42 16.51 16.54 16.39 16.39 16.41 16.29 16.16 16.30 16.54 16.36 16.63 16.69 16.67 16.69 16.70 16.72 16.70 16.69 16.66 16.67 16.62 16.66 16.70 16.66 16.64 16.66 16.67 16.63 16.66 16.64 16.57 16.68 16.69 16.70 16.67 16.65 16.65 16.67 16.67 16.65 16.62 16.63 16.65 16.67 16.62 16.62 16.63 16.65 16.64 16.51 16.45 16.51 16.62 16.68 16.66 16.66 16.38 16.43 16.54 16.55 16.61 16.63 16.68 16.60 16.64 16.66 16.61 16.66
16.22 16.31 16.29 16.55 16.56 16.55 16.46 16.31 16.18 16.08 16.43 16.53 16.51 16.51 16.37 16.17 16.01 16.13 16.14 16.45 16.58 16.61 16.62 16.67 16.69 16.71 16.66 16.66 16.67 16.67 16.67 16.64 16.63 16.62 16.65 16.63 16.65 16.66 16.64 16.61 16.64 16.65 16.60 16.63 16.65 16.65 16.65 16.65 16.65 16.62 16.61 16.62 16.63 16.62 16.61 16.60 16.63 16.67 16.68 16.58 16.51 16.41 16.48 16.61 16.68 16.68 16.58 16.41 16.48 16.46 16.54 16.52 16.58 16.62 16.63 16.55 16.60
16.58 16.35 16.12 16.38 16.56 16.57 16.48 16.44 16.34 16.13 16.19 16.33 16.52 16.59 16.55 16.47 16.32 15.93 15.92 16.12 16.51 16.55 16.48 16.58 16.61 16.62 16.61 16.60 16.61 16.66 16.65 16.65 16.66 16.65 16.61 16.64 16.65 16.64 16.62 16.62 16.61 16.61 16.63 16.65 16.64 16.65 16.64 16.65 16.62 16.61 16.63 16.64 16.62 16.57 16.55 16.59 16.59 16.59 16.63 16.62 16.63 16.52 16.39 16.41 16.57 16.64 16.67 16.65 16.50 16.31 16.29 16.54 16.51 16.46 16.59 16.58 16.57
16.49 16.56 16.49 16.36 16.48 16.54 16.55 16.49 16.39 16.17 16.11 16.05 16.49 16.50 16.57 16.55 16.50 16.16 15.93 15.90 16.29 16.39 16.46 16.61 16.59 16.62 16.63 16.44 16.63 16.59 16.60 16.61 16.63 16.64 16.64 16.62 16.62 16.61 16.59 16.61 16.60 16.60 16.59 16.63 16.61 16.61 16.63 16.63 16.61 16.61 16.64 16.64 16.62 16.60 16.53 16.54 16.56 16.53 16.58 16.61 16.61 16.62 16.54 16.56 16.46 16.49 16.57 16.63 16.63 16.52 16.46 16.39 16.44 16.46 16.45 16.55 16.60
16.49 16.51 16.57 16.30 16.43 16.43 16.50 16.50 16.53 16.45 16.37 16.21 16.10 16.27 16.45 16.59 16.59 16.54 16.45 16.34 16.18 16.24 16.32 16.42 16.43 16.51 16.53 16.48 16.49 16.38 16.52 16.55 16.56 16.60 16.60 16.60 16.58 16.55 16.56 16.57 16.56 16.58 16.57 16.58 16.55 16.59 16.59 16.60 16.59 16.58 16.61 16.61 16.61 16.58 16.57 16.55 16.58 16.52 16.48 16.53 16.54 16.55 16.56 16.59 16.61 16.50 16.44 16.54 16.56 16.57 16.60 16.56 16.37 16.36 16.43 16.40 16.40
16.51 16.48 16.59 16.62 16.63 16.55 16.42 16.49 16.46 16.43 16.44 16.22 15.99 16.30 16.32 16.44 16.50 16.58 16.52 16.43 16.21 16.34 16.12 16.25 16.27 16.27 16.26 16.37 16.33 16.42 16.27 16.33 16.57 16.57 16.59 16.60 16.56 16.57 16.52 16.52 16.55 16.56 16.54 16.52 16.50 16.50 16.53 16.55 16.59 16.58 16.59 16.60 16.59 16.55 16.57 16.56 16.57 16.57 16.52 16.49 16.45 16.53 16.56 16.59 16.58 16.57 16.53 16.50 16.50 16.48 16.59 16.57 16.58 16.60 16.37 16.37 16.26
16.52 16.54 16.52 16.50 16.50 16.51 16.51 16.48 16.49 16.47 16.44 16.44 16.44 16.34 16.31 16.34 16.43 16.47 16.37 16.45 16.29 16.38 16.21 16.15 16.36 16.36 16.29 16.37 16.42 16.18 16.27 16.42 16.31 16.43 16.54 16.55 16.55 16.55 16.54 16.49 16.49 16.52 16.53 16.54 16.51 16.52 16.51 16.52 16.56 16.56 16.57 16.56 16.57 16.56 16.54 16.50 16.56 16.57 16.51 16.47 16.45 16.45 16.53 16.54 16.50 16.53 16.46 16.56 16.49 16.46 16.51 16.43 16.46 16.61 16.59 16.46 16.31
16.48 16.52 16.53 16.56 16.51 16.49 16.49 16.54 16.49 16.50 16.46 16.37 16.35 16.31 16.41 16.34 16.33 16.41 16.47 16.41 16.42 16.45 16.28 16.21 16.25 16.21 16.36 16.41 16.27 16.41 16.46 16.40 16.41 16.33 16.44 16.47 16.55 16.56 16.52 16.48 16.45 16.46 16.51 16.53 16.52 16.51 16.51 16.52 16.55 16.55 16.55 16.55 16.57 16.55 16.52 16.53 16.50 16.52 16.51 16.52 16.51 16.45 16.43 16.46 16.45 16.45 16.44 16.50 16.48 16.51 16.48 16.35 16.41 16.50 16.51 16.59 16.46
16.48 16.49 16.46 16.48 16.54 16.53 16.48 16.43 16.45 16.47 16.48 16.47 16.41 16.40 16.39 16.34 16.23 16.37 16.41 16.40 16.43 16.46 16.49 16.41 16.38 16.24 16.31 16.28 16.31 16.29 16.26 16.48 16.41 16.48 16.47 16.50 16.53 16.46 16.46 16.51 16.49 16.48 16.44 16.47 16.50 16.51 16.49 16.49 16.49 16.48 16.49 16.50 16.49 16.50 16.52 16.49 16.49 16.48 16.47 16.53 16.52 16.51 16.52 16.42 16.37 16.40 16.48 16.45 16.44 16.44 16.52 16.43 16.39 16.42 16.35 16.55 16.48
16.47 16.47 16.43 16.47 16.46 16.42 16.45 16.43 16.45 16.45 16.42 16.44 16.47 16.46 16.40 16.34 16.31 16.36 16.34 16.37 16.35 16.35 16.38 16.45 16.42 16.37 16.37 16.37 16.36 16.45 16.37 16.34 16.47 16.44 16.39 16.39 16.50 16.42 16.45 16.48 16.45 16.44 16.42 16.47 16.46 16.49 16.48 16.47 16.48 16.45 16.46 16.44 16.46 16.47 16.50 16.50 16.51 16.46 16.40 16.51 16.49 16.49 16.51 16.39 16.36 16.30 16.35 16.40 16.36 16.35 16.41 16.47 16.51 16.53 16.46 16.30 16.29
16.46 16.43 16.45 16.44 16.46 16.44 16.43 16.45 16.43 16.45 16.45 16.40 16.40 16.42 16.44 16.44 16.40 16.38 16.39 16.37 16.35 16.36 16.27 16.33 16.32 16.36 16.37 16.41 16.30 16.39 16.41 16.30 16.37 16.41 16.45 16.38 16.44 16.34 16.30 16.42 16.46 16.36 16.45 16.44 16.42 16.47 16.47 16.45 16.44 16.43 16.45 16.45 16.44 16.42 16.43 16.45 16.46 16.45 16.42 16.46 16.43 16.45 16.45 16.42 16.36 16.44 16.45 16.36 16.32 16.34 16.31 16.39 16.48 16.52 16.54 16.44 16.27
16.45 16.40 16.40 16.42 16.40 16.47 16.42 16.40 16.43 16.41 16.43 16.41 16.38 16.34 16.38 16.42 16.42 16.39 16.38 16.37 16.35 16.39 16.38 16.34 16.31 16.35 16.29 16.24 16.25 16.29 16.36 16.30 16.31 16.38 16.30 16.38 16.40 16.36 16.30 16.34 16.40 16.36 16.29 16.42 16.41 16.40 16.40 16.40 16.38 16.39 16.45 16.40 16.35 16.44 16.43 16.45 16.46 16.47 16.44 16.44 16.44 16.46 16.36 16.40 16.35 16.39 16.46 16.45 16.35 16.22 16.24 16.32 16.40 16.44 16.46 16.48 16.46
16.40 16.40 16.39 16.40 16.36 16.39 16.41 16.41 16.40 16.44 16.43 16.42 16.40 16.38 16.39 16.41 16.42 16.44 16.39 16.37 16.34 16.36 16.35 16.38 16.32 16.28 16.35 16.33 16.29 16.24 16.19 16.30 16.32 16.31 16.24 16.27 16.32 16.38 16.38 16.41 16.35 16.27 16.20 16.40 16.38 16.34 16.43 16.37 16.41 16.42 16.42 16.39 16.37 16.35 16.41 16.42 16.45 16.39 16.44 16.37 16.43 16.46 16.35 16.30 16.40 16.47 16.44 16.41 16.43 16.29 16.23 16.24 16.24 16.34 16.32 16.41 16.48
16.37 16.35 16.39 16.38 16.36 16.37 16.36 16.37 16.39 16.40 16.40 16.37 16.33 16.37 16.38 16.42 16.33 16.37 16.42 16.38 16.27 16.30 16.31 16.33 16.31 16.36 16.39 16.30 16.38 16.28 16.21 16.25 16.32 16.34 16.33 16.27 16.24 16.27 16.31 16.33 16.39 16.25 16.22 16.26 16.25 16.37 16.32 16.32 16.26 16.29 16.41 16.38 16.35 16.35 16.37 16.38 16.39 16.38 16.38 16.37 16.44 16.44 16.42 16.35 16.40 16.40 16.41 16.37 16.36 16.35 16.24 16.18 16.13 16.14 16.22 16.31 16.43
16.34 16.32 16.34 16.34 16.35 16.35 16.35 16.37 16.36 16.36 16.38 16.38 16.37 16.34 16.34 16.38 16.36 16.34 16.32 16.34 16.35 16.26 16.28 16.32 16.28 16.28 16.42 16.35 16.35 16.34 16.37 16.12 16.13 16.27 16.32 16.24 16.27 16.24 16.16 16.28 16.31 16.31 16.30 16.37 16.34 16.38 16.36 16.34 16.28 16.37 16.37 16.25 16.36 16.32 16.28 16.31 16.28 16.33 16.36 16.35 16.40 16.42 16.38 16.40 16.43 16.36 16.37 16.35 16.42 16.34 16.33 16.28 16.25 16.23 16.20 16.07 16.29
16.35 16.30 16.31 16.29 16.33 16.32 16.34 16.33 16.35 16.35 16.38 16.35 16.37 16.37 16.36 16.36 16.37 16.37 16.36 16.31 16.35 16.34 16.20 16.17 16.25 16.14 16.33 16.36 16.33 16.32 16.36 16.29 16.23 16.27 16.33 16.21 16.20 16.23 16.20 16.27 16.28 16.25 16.34 16.17 16.23 16.26 16.32 16.32 16.32 16.33 16.32 16.36 16.35 16.33 16.34 16.36 16.30 16.24 16.35 16.32 16.32 16.36 16.34 16.37 16.43 16.38 16.34 16.30 16.37 16.31 16.40 16.33 16.31 16.36 16.28 15.89 16.15
16.28 16.30 16.31 16.29 16.31 16.30 16.31 16.31 16.30 16.32 16.34 16.34 16.33 16.34 16.33 16.32 16.34 16.32 16.32 16.33 16.33 16.31 16.34 16.24 16.31 16.31 16.30 16.33 16.39 16.38 16.32 16.35 16.34 16.34 16.32 16.26 16.22 16.09 16.23 16.25 16.28 16.35 16.24 16.21 16.27 16.23 16.21 16.16 16.23 16.13 16.21 16.30 16.29 16.32 16.29 16.30 16.29 16.38 16.35 16.35 16.22 16.26 16.30 16.27 16.30 16.28 16.33 16.34 16.35 16.34 16.41 16.35 16.37 16.31 16.28 16.11 16.16
16.27 16.27 16.28 16.28 16.27 16.29 16.27 16.26 16.28 16.30 16.31 16.32 16.31 16.33 16.33 16.32 16.30 16.30 16.31 16.31 16.31 16.30 16.28 16.29 16.31 16.20 16.21 16.24 16.29 16.35 16.34 16.30 16.36 16.36 16.23 16.36 16.34 16.24 16.23 16.13 16.16 16.29 16.35 16.30 16.29 16.29 16.31 16.15 16.23 16.25 16.06 16.18 16.30 16.29 16.25 16.16 16.29 16.38 16.18 16.19 16.28 16.29 16.36 16.18 16.33 16.31 16.18 16.09 16.18 16.31 16.30 16.31 16.31 16.28 16.25 16.27 16.17
16.26 16.26 16.26 16.26 16.27 16.28 16.27 16.28 16.28 16.28 16.28 16.28 16.28 16.28 16.29 16.28 16.28 16.28 16.27 16.28 16.29 16.27 16.26 16.25 16.24 16.27 16.29 16.25 16.17 16.21 16.29 16.31 16.28 16.28 16.32 16.30 16.30 16.37 16.32 16.31 16.31 16.29 16.30 16.34 16.29 16.31 16.32 16.29 16.31 16.29 16.28 16.22 16.22 16.27 16.26 16.30 16.31 16.28 16.29 16.01 16.13 16.25 16.26 16.20 16.28 16.23 16.24 16.23 16.32 16.30 16.27 16.28 16.23 16.17 16.06 16.14 16.24
16.23 16.23 16.23 16.22 16.24 16.25 16.24 16.23 16.25 16.25 16.26 16.25 16.25 16.26 16.27 16.25 16.27 16.26 16.24 16.25 16.27 16.25 16.23 16.23 16.23 16.24 16.26 16.27 16.26 16.25 16.23 16.17 16.23 16.24 16.28 16.30 16.28 16.32 16.35 16.26 16.23 16.28 16.31 16.32 16.30 16.31 16.26 16.30 16.30 16.28 16.30 16.32 16.24 16.27 16.24 16.26 16.32 16.29 16.22 16.12 16.11 16.22 16.26 16.22 16.23 16.14 16.24 16.25 16.25 16.27 16.24 16.22 16.16 16.31 16.24 15.97 16.17
16.20 16.20 16.18 16.19 16.20 16.23 16.24 16.22 16.23 16.22 16.23 16.23 16.23 16.24 16.25 16.25 16.25 16.23 16.24 16.24 16.24 16.23 16.23 16.21 16.18 16.21 16.24 16.22 16.22 16.19 16.22 16.16 16.05 16.04 16.07 16.22 16.21 16.26 16.31 16.29 16.22 16.24 16.29 16.29 16.28 16.26 16.27 16.28 16.27 16.31 16.29 16.26 16.25 16.23 16.24 16.24 16.24 16.23 16.25 16.23 16.11 16.14 16.17 16.17 16.17 16.09 16.11 16.19 16.20 16.24 16.26 16.20 16.22 16.20 16.14 16.18 16.21
16.20 16.21 16.18 16.17 16.20 16.21 16.21 16.20 16.20 16.19 16.19 16.21 16.20 16.21 16.22 16.21 16.23 16.20 16.21 16.20 16.20 16.21 16.22 16.22 16.21 16.16 16.19 16.19 16.20 16.22 16.23 16.20 16.23 16.21 16.17 16.00 16.06 16.15 16.21 16.28 16.26 16.15 16.18 16.17 16.16 16.21 16.23 16.24 16.24 16.24 16.26 16.26 16.24 16.27 16.23 16.20 16.18 16.12 16.11 16.19 16.18 16.03 16.14 16.18 16.12 16.12 16.16 16.07 16.14 16.15 16.21 16.11 16.19 16.19 16.16 16.22 16.15
16.19 16.18 16.19 16.18 16.17 16.18 16.17 16.19 16.19 16.19 16.16 16.17 16.19 16.18 16.20 16.19 16.20 16.18 16.20 16.18 16.18 16.20 16.21 16.20 16.20 16.17 16.20 16.19 16.17 16.19 16.20 16.21 16.19 16.18 16.16 16.11 16.05 16.11 16.16 16.24 16.22 16.08 16.10 16.15 16.11 16.20 16.20 16.22 16.21 16.22 16.23 16.24 16.20 16.16 16.22 16.13 16.22 16.18 16.13 16.10 16.13 16.15 16.06 16.03 16.11 16.15 16.20 16.12 16.21 16.23 16.17 16.03 16.17 16.12 16.14 16.15 16.15
16.14 16.15 16.15 16.16 16.17 16.15 16.17 16.17 16.17 16.18 16.18 16.16 16.16 16.15 16.16 16.17 16.19 16.17 16.15 16.17 16.17 16.18 16.18 16.18 16.16 16.14 16.18 16.17 16.14 16.17 16.17 16.13 16.17 16.15 16.13 16.13 16.13 16.07 16.08 16.16 16.19 16.16 16.21 16.20 16.06 16.00 16.20 16.19 16.21 16.20 16.18 16.19 16.22 16.19 16.19 16.12 16.16 16.16 16.22 16.18 16.16 16.10 16.09 16.08 16.11 16.12 16.15 16.14 16.15 16.12 16.18 16.11 16.17 16.15 16.12 16.13 16.15
16.11 16.10 16.06 15.85 16.11 16.14 16.15 16.15 16.15 16.13 16.15 16.13 16.13 16.13 16.14 16.14 16.15 16.16 16.16 16.14 16.14 16.14 16.17 16.17 16.17 16.15 16.17 16.14 16.15 16.15 16.13 16.14 16.16 16.16 16.15 16.13 16.14 16.13 16.01 15.99 16.13 16.15 16.13 16.18 16.14 16.14 16.18 16.19 16.18 16.19 16.15 16.11 16.17 16.19 16.18 16.12 16.17 16.14 16.16 16.16 16.18 16.12 16.12 16.09 16.04 16.08 16.12 16.15 16.15 16.14 16.21 16.14 16.14 16.15 16.14 16.11 16.13
15.82 14.91 15.17 15.92 16.09 16.12 16.14 16.14 16.13 16.12 16.11 16.11 16.11 16.12 16.13 16.13 16.11 16.13 16.15 16.17 16.13 16.14 16.14 16.16 16.16 16.16 16.14 16.15 16.14 16.12 16.12 16.10 16.13 16.00 16.10 16.13 16.13 16.03 16.00 15.95 16.11 16.16 16.09 16.13 16.12 16.13 16.10 16.08 16.11 16.15 16.16 16.17 16.16 16.22 16.25 16.12 16.20 16.17 16.19 16.14 16.10 16.08 16.14 16.11 16.10 16.09 16.13 16.08 16.07 16.10 16.15 16.16 16.12 16.14 16.12 16.07 16.05
16.07 16.06 16.00 15.98 16.12 16.12 16.12 16.11 16.12 16.12 16.10 16.09 16.10 16.09 16.10 16.10 16.10 16.12 16.12 16.11 16.12 16.12 16.12 16.12 16.11 16.12 16.12 16.12 16.13 16.14 16.14 16.14 16.11 16.11 16.01 16.06 16.16 16.11 16.11 16.02 16.07 16.08 16.08 16.11 16.11 16.11 16.10 16.04 16.13 16.13 16.15 16.14 16.11 16.13 16.18 16.16 16.18 16.19 16.15 16.09 16.10 16.10 16.13 16.10 16.10 16.13 16.05 16.07 16.05 16.00 16.08 16.12 16.09 16.13 16.14 16.10 16.08
16.06 16.07 16.06 16.07 16.10 16.08 16.09 16.04 16.10 16.09 16.08 16.08 16.06 16.07 16.09 16.09 16.06 16.08 16.08 16.11 16.10 16.12 16.11 16.09 16.10 16.11 16.12 16.09 16.09 16.09 16.11 16.11 16.09 16.09 16.12 15.99 16.04 16.02 16.11 16.08 15.94 15.92 16.04 16.08 16.08 16.08 16.06 16.06 16.06 16.08 16.11 16.09 16.12 16.13 16.15 16.14 16.19 16.19 16.18 16.12 16.11 16.10 16.10 16.10 16.03 16.00 16.02 16.06 16.10 16.11 16.08 16.11 16.07 16.09 16.12 16.05 16.07
16.03 16.05 16.05 16.04 16.06 16.06 16.07 16.08 16.07 16.08 16.07 16.05 16.06 16.06 16.07 16.07 16.07 16.06 16.07 16.08 16.07 16.10 16.09 16.11 16.10 16.08 16.08 16.07 16.09 16.07 16.07 16.09 16.08 16.08 16.09 16.11 16.09 15.94 15.96 15.97 15.98 15.86 15.87 16.04 16.02 16.06 16.04 16.05 16.06 16.09 16.13 16.10 16.09 16.13 16.15 16.13 16.16 16.15 16.15 16.11 16.08 16.08 16.07 16.06 16.06 16.04 15.93 15.91 16.06 16.09 16.07 16.08 16.02 16.13 16.10 16.04 16.05
16.02 16.04 16.03 16.03 16.01 16.03 16.04 16.03 16.06 16.06 16.06 16.04 16.03 16.03 16.04 16.04 16.04 16.03 16.05 16.06 16.04 16.05 16.06 16.06 16.07 16.06 16.03 16.06 16.09 16.07 16.05 16.05 16.06 16.06 16.06 16.07 16.06 16.07 16.02 15.98 15.93 15.96 15.95 15.92 15.96 16.01 16.04 16.00 16.01 16.05 16.10 16.07 16.05 15.95 16.09 16.10 16.09 16.12 16.12 16.10 16.07 16.06 16.03 16.04 16.08 16.07 15.92 15.96 16.00 16.02 16.04 16.05 16.03 16.11 16.11 16.02 16.03
15.99 16.03 16.02 16.00 16.00 16.00 16.01 16.01 15.98 15.51 15.36 15.78 16.03 16.02 15.94 16.01 16.02 16.03 16.03 16.03 16.02 16.03 16.03 16.03 16.03 16.03 16.03 16.05 16.05 16.06 16.05 16.04 16.01 16.02 16.04 16.05 16.06 16.04 16.04 16.01 15.93 15.98 15.95 15.97 15.92 15.97 15.98 15.97 15.99 16.00 16.03 16.01 16.04 16.00 16.01 16.03 16.06 16.07 16.07 16.07 16.07 16.04 16.01 16.05 16.06 16.04 16.04 15.98 15.94 15.89 16.05 16.08 16.06 16.06 16.07 16.07 16.06
15.98 15.97 16.00 16.00 16.00 16.01 16.01 16.00 15.99 15.90 15.21 14.50 15.79 15.98 15.79 15.78 15.92 15.92 15.90 15.83 16.00 15.89 16.00 16.00 16.01 16.04 16.03 16.01 16.04 16.05 16.01 16.01 16.00 16.01 16.01 16.01 16.00 16.02 16.02 16.01 16.00 15.94 15.88 15.93 15.94 15.98 15.93 15.93 15.93 15.94 15.93 15.95 15.95 15.94 15.98 15.97 15.99 16.04 16.04 16.02 16.02 16.00 16.03 16.00 16.00 16.03 15.99 15.97 16.00 15.99 16.01 16.03 16.04 16.03 16.03 16.01 16.07
15.99 15.94 15.98 15.98 16.00 16.00 16.00 16.01 15.98 15.97 15.94 15.67 14.66 15.09 15.06 15.65 15.58 14.97 15.50 14.30 15.61 15.42 15.93 15.98 15.96 15.72 15.87 15.95 15.91 15.82 15.98 15.97 15.94 15.94 16.03 16.00 15.97 15.95 16.01 15.91 15.98 15.96 15.93 15.90 15.95 15.98 15.97 15.94 15.95 15.94 15.94 15.93 15.95 15.93 15.92 15.96 16.00 16.02 16.04 15.98 16.03 16.01 15.97 16.00 15.96 15.99 15.97 15.93 15.95 15.92 15.99 16.01 16.02 16.01 15.99 15.99 16.01
