Files/BOM data/2019070720190707.grid
ncols 839
nrows 679
xllcenter 112.0500
yllcenter -43.9500
cellsize 0.0500
nodata_value 99999.90
[rows 204 to 237 of 679, columns 77 to 153 of 839]
16.74 99999.90 99999.90 99999.90 99999.90 17.09 16.96 16.96 16.88 16.88 16.88 16.88 16.88 16.88 16.88 16.88 16.88 16.88 16.88 16.88 16.88 17.11 17.11 17.11 17.11 17.11 17.11 17.11 17.11 17.22 17.08 17.08 17.08 17.08 16.92 17.10 17.16 17.16 17.08 17.08 17.08 17.08 17.08 17.17 17.17 17.17 17.16 17.19 17.19 17.16 17.18 17.28 17.28 17.28 17.29 16.81 16.98 17.18 17.20 17.31 17.31 17.23 17.35 17.14 17.23 17.25 17.22 17.11 17.09 17.16 17.21 17.32 17.32 17.32 17.41 17.40 17.43
16.74 99999.90 99999.90 17.22 17.22 17.22 17.22 17.22 17.22 16.88 16.88 16.88 16.88 16.88 16.88 16.88 16.88 16.88 16.88 16.88 16.88 17.11 17.11 17.11 17.11 17.11 17.11 17.11 17.22 17.22 17.08 17.08 17.08 17.08 17.08 16.92 17.10 17.16 17.16 17.08 17.08 17.08 17.08 17.17 17.17 17.17 17.16 17.19 17.19 17.16 17.18 17.17 17.28 17.28 17.29 16.81 16.98 17.18 17.20 17.20 17.32 17.23 17.05 17.13 17.21 17.22 17.19 17.12 17.05 17.04 17.17 17.36 17.39 17.40 17.41 17.44 17.42
16.74 17.04 17.04 17.04 17.04 17.04 17.04 17.04 17.04 17.22 16.88 16.88 16.88 16.88 16.88 16.88 16.88 16.88 16.88 16.88 16.88 17.11 17.11 17.11 17.11 17.11 17.11 17.11 17.22 17.22 16.97 17.08 17.08 17.08 17.08 16.92 16.92 17.10 17.16 17.16 17.08 17.08 17.08 17.08 17.17 17.17 17.16 17.19 17.19 17.16 17.18 17.17 17.28 17.28 17.29 16.81 16.98 17.18 17.16 17.26 17.16 17.11 17.14 17.16 17.19 17.17 17.22 17.19 17.12 17.11 17.16 17.20 17.27 17.35 17.40 17.39 17.36
16.98 16.98 16.98 16.98 16.98 16.98 17.04 17.04 17.04 17.22 16.96 16.88 16.88 16.88 16.88 16.88 16.88 16.88 16.88 16.88 16.88 17.11 17.11 17.11 17.11 17.11 17.11 17.22 17.22 16.98 16.97 17.08 17.08 17.08 17.08 16.92 16.92 17.10 17.10 17.16 17.16 17.08 17.08 17.08 17.17 17.17 17.16 17.19 17.19 17.16 17.18 17.17 17.25 17.28 17.33 17.24 17.24 17.26 17.22 17.21 17.08 17.12 17.15 17.18 17.17 17.19 17.18 17.12 17.12 17.18 17.17 17.17 17.08 17.14 17.21 17.24 17.23
16.98 16.98 16.98 16.98 16.98 16.98 17.04 17.04 17.04 17.22 17.22 16.96 16.88 16.88 16.88 16.88 16.88 16.88 16.88 16.88 16.88 17.11 17.11 17.11 17.11 17.11 17.11 17.22 17.22 16.98 16.97 17.08 17.08 17.08 17.08 16.92 16.92 16.92 17.10 17.10 17.16 17.16 17.08 17.08 17.09 17.10 17.10 17.15 17.15 17.19 17.10 17.15 17.26 17.24 17.26 17.23 17.22 17.28 17.20 17.15 17.15 17.19 17.18 17.20 17.28 17.24 17.19 17.12 17.08 17.16 17.15 17.10 16.94 16.98 17.12 17.20 17.15
16.98 16.98 16.98 16.98 16.98 16.98 16.98 17.04 17.04 17.04 17.22 17.22 16.96 16.88 16.88 16.88 16.88 16.88 16.88 16.88 17.01 17.11 17.11 17.11 17.11 17.11 17.22 17.22 17.22 16.98 16.97 17.08 17.08 17.08 17.08 17.03 16.92 16.92 17.12 17.10 17.10 17.16 17.16 17.16 17.14 17.11 17.18 17.12 17.13 17.18 17.23 17.24 17.30 17.26 17.23 17.18 17.19 17.20 17.06 17.16 17.10 17.05 17.10 17.20 17.23 17.23 17.21 17.19 17.14 17.13 17.18 17.10 16.91 16.97 17.13 17.11 17.12
16.98 16.98 16.98 16.98 16.98 16.98 16.98 17.04 17.04 17.04 17.22 17.22 16.96 16.96 16.88 16.88 16.88 16.88 16.88 16.88 17.01 17.11 17.11 17.11 17.11 17.11 17.22 17.22 16.98 16.98 16.97 17.04 17.08 17.08 17.08 17.03 16.92 16.92 16.92 17.12 17.10 17.10 17.07 17.19 17.10 17.10 17.20 17.16 17.08 17.18 17.23 17.23 17.27 17.28 17.25 17.17 17.16 17.17 17.10 17.30 17.15 17.13 17.13 17.20 17.24 17.16 17.19 17.17 17.14 17.12 17.13 17.16 16.94 16.93 17.01 17.07 17.08
16.98 16.98 16.98 16.98 16.98 16.98 16.98 17.04 17.04 17.04 17.22 17.22 17.22 16.96 16.96 16.88 16.88 16.88 16.88 16.88 17.01 17.01 17.11 17.11 17.11 17.22 17.22 17.22 16.98 16.98 16.97 17.04 17.08 17.08 17.08 17.03 17.05 16.92 16.92 17.12 17.12 17.25 17.20 17.23 17.23 17.13 17.15 17.15 17.09 17.16 17.19 17.21 17.22 17.19 17.03 17.06 17.00 17.12 17.13 17.19 17.09 17.09 17.11 17.21 17.22 17.11 17.13 17.17 17.10 17.13 17.08 17.06 16.88 16.95 16.95 17.11 17.17
16.98 16.98 16.98 16.98 16.98 16.98 16.98 17.04 17.04 17.04 17.04 17.22 17.22 17.09 16.96 16.96 16.88 16.88 16.88 16.88 17.01 17.01 17.11 17.11 17.11 17.22 17.22 16.99 16.98 16.98 16.97 17.04 17.14 17.08 17.08 17.03 17.05 16.92 16.92 17.11 17.19 17.19 17.23 17.25 17.22 17.22 17.09 17.06 17.10 17.14 17.14 17.18 17.12 16.92 17.05 17.09 17.11 17.09 17.10 17.11 17.12 17.14 17.09 17.16 17.16 17.18 17.10 17.10 17.03 17.13 17.18 17.08 16.97 17.01 16.94 17.09 17.08
16.98 16.98 16.98 16.98 16.98 16.98 16.98 17.02 17.04 17.04 17.04 17.22 17.22 17.22 17.09 16.96 16.96 17.08 17.08 17.21 17.01 17.01 17.16 17.12 17.18 17.22 17.22 16.99 16.98 16.98 16.97 17.04 17.14 17.08 17.08 17.03 17.05 17.13 17.10 17.27 17.13 17.09 17.18 17.18 17.18 17.04 16.96 16.88 17.07 16.96 17.09 16.97 16.96 16.98 17.16 17.06 17.01 17.09 17.11 17.05 17.14 17.11 17.13 17.13 17.32 17.31 17.30 17.09 17.06 17.06 17.12 17.07 17.06 17.06 17.02 17.04 16.98
16.98 16.98 16.98 16.98 16.98 16.98 16.98 17.02 17.04 17.04 17.04 17.13 17.22 17.22 17.09 17.09 16.92 17.25 17.23 17.21 17.20 17.18 17.09 17.01 17.15 17.17 17.20 16.99 16.98 16.98 16.97 17.04 17.14 17.18 17.11 17.16 17.23 16.91 17.01 17.08 17.14 17.18 17.08 17.14 17.07 16.83 17.15 17.10 17.10 17.05 17.18 17.07 17.08 17.06 17.08 16.92 17.04 17.06 17.08 16.95 17.12 17.11 17.13 17.09 17.23 17.26 17.22 17.10 17.20 17.11 17.12 17.04 17.04 17.07 17.07 16.96 17.02
16.30 16.98 16.98 16.98 16.98 16.98 16.98 17.02 16.99 17.04 17.04 17.13 17.22 17.22 17.24 17.15 17.20 17.20 17.22 17.22 17.12 17.04 16.95 16.96 17.01 17.07 17.14 16.96 17.05 17.09 17.24 17.21 17.26 17.07 17.06 16.95 16.92 16.68 16.80 17.12 17.16 17.14 17.03 17.04 16.98 16.93 17.09 17.08 17.04 17.08 17.06 16.92 17.04 17.02 16.92 16.94 17.02 17.03 17.07 17.04 17.07 17.04 17.01 17.06 17.16 17.17 17.12 17.12 17.16 17.19 17.07 17.03 17.08 16.92 17.00 16.98 17.01
16.30 16.30 16.98 16.98 16.98 16.98 16.98 17.02 16.99 17.04 17.04 17.13 17.20 17.20 17.21 17.15 17.17 17.15 17.19 17.15 17.02 16.98 16.93 16.93 17.01 17.02 16.98 16.86 16.71 17.02 17.01 16.88 16.76 16.55 16.86 16.51 16.93 17.02 17.05 17.14 17.03 17.08 16.98 16.83 16.79 17.04 17.09 17.05 17.00 17.11 17.04 17.02 17.05 16.97 16.77 17.01 16.86 17.13 17.04 17.06 17.07 17.10 17.09 17.11 17.12 17.13 17.09 17.07 17.16 17.15 17.08 17.10 17.10 16.97 16.97 16.96 17.02
16.39 16.30 16.30 16.51 16.98 16.98 16.98 17.02 16.99 17.19 17.15 17.16 17.17 17.18 17.17 17.15 17.17 17.16 17.14 17.10 16.94 16.96 16.93 16.96 16.99 16.98 16.97 16.85 16.87 16.98 16.80 16.86 16.80 16.65 16.91 16.70 16.76 17.06 17.07 17.13 16.98 17.06 16.93 16.80 17.05 17.03 17.10 17.08 17.04 17.04 16.93 16.99 16.87 16.96 16.92 17.04 16.89 17.02 17.02 17.05 17.08 17.06 17.01 16.90 16.96 16.98 17.02 17.00 17.06 17.04 17.05 17.09 17.02 16.96 16.97 16.98 16.98
16.39 16.30 16.30 16.30 16.51 16.85 16.85 16.99 16.93 17.02 17.06 17.14 17.13 17.16 17.15 17.13 17.12 17.15 17.14 17.06 16.97 16.98 16.88 16.84 16.90 16.95 16.86 16.86 16.89 16.89 16.92 16.96 16.97 17.06 16.97 16.92 17.05 17.11 17.06 17.08 17.04 17.05 16.95 16.96 17.02 16.93 17.03 16.97 16.97 16.98 17.03 17.02 16.91 17.01 16.82 17.01 16.95 16.92 16.96 16.97 16.98 16.98 17.01 17.02 16.93 16.96 16.92 16.90 17.03 17.05 17.01 16.98 16.95 16.94 16.92 16.90 16.93
16.39 16.39 16.30 16.30 16.51 16.51 16.74 16.80 16.82 17.06 17.08 17.10 17.10 17.10 17.11 17.10 17.10 17.14 17.12 17.05 17.00 16.99 16.93 16.90 16.96 16.83 16.72 16.72 16.81 16.88 16.87 16.92 16.91 16.94 17.04 17.01 17.04 17.09 17.10 17.05 17.05 17.02 17.04 17.07 17.04 16.94 17.09 17.14 17.09 17.10 16.93 16.82 16.78 16.97 16.96 17.01 16.94 16.95 16.86 16.86 16.84 16.85 17.00 16.97 16.90 17.05 16.91 16.88 16.99 17.03 16.95 16.96 16.93 16.91 16.90 16.87 16.92
16.39 16.39 16.30 16.30 16.41 16.77 16.87 16.66 17.01 17.09 17.09 17.08 17.09 17.09 17.10 17.08 17.07 17.09 17.05 17.02 17.04 17.01 16.92 16.91 16.91 16.74 16.49 16.72 16.76 16.86 16.87 16.87 16.89 16.97 16.98 16.99 16.98 16.98 17.04 17.01 17.08 17.05 17.06 16.93 17.01 16.93 16.97 17.00 17.05 17.00 16.87 17.05 17.01 16.91 16.94 16.93 16.93 16.84 16.80 16.78 16.83 16.95 16.92 16.92 17.06 16.98 16.87 16.99 17.00 16.96 16.92 16.94 16.93 16.87 16.91 16.89 16.95
16.39 16.39 16.48 16.43 16.80 16.55 16.90 16.89 17.07 17.06 17.07 17.07 17.06 17.05 17.06 17.04 17.05 17.05 17.06 17.02 17.05 17.03 16.89 16.92 16.96 16.87 16.78 16.94 16.90 16.87 16.86 16.88 16.94 16.96 17.00 17.02 16.99 16.92 16.99 16.97 17.02 17.00 16.96 16.92 16.98 16.93 16.94 17.02 17.04 17.05 17.01 17.02 16.93 16.88 16.91 16.86 16.82 16.86 16.92 16.87 16.87 16.85 16.81 16.86 16.99 16.98 16.97 17.01 16.98 16.94 16.96 16.97 16.88 16.87 16.96 16.95 17.00
16.50 16.49 16.47 16.62 16.36 16.61 17.01 17.00 17.04 17.02 17.03 17.04 17.04 17.04 17.04 17.02 16.99 17.02 17.03 17.02 17.06 17.05 17.00 16.90 16.91 16.88 16.87 16.88 16.80 16.85 16.85 16.78 16.91 16.96 16.94 16.91 16.89 16.91 16.97 16.96 17.00 16.98 16.95 16.99 16.98 16.97 16.97 16.95 16.92 16.74 16.86 16.94 17.05 17.03 16.93 16.90 16.90 16.77 16.81 16.91 16.88 16.87 16.88 16.88 16.90 16.92 16.87 16.96 16.99 16.98 16.97 16.95 16.84 16.93 16.96 16.96 16.96
16.45 16.39 16.30 16.12 16.50 16.86 17.01 17.00 16.98 16.97 16.99 17.01 17.03 17.03 17.02 17.00 16.96 16.96 16.99 17.02 17.05 17.04 17.04 16.97 16.92 16.88 16.85 16.77 16.81 16.83 16.86 16.71 16.78 16.88 16.89 16.87 16.87 16.91 16.96 16.98 17.01 16.90 16.88 16.88 16.93 16.91 16.97 16.99 16.92 16.86 16.91 16.96 16.90 17.00 16.83 16.75 16.78 16.94 16.80 16.90 16.86 16.86 16.89 16.85 16.89 16.96 16.89 16.93 16.96 16.98 16.99 16.90 16.83 16.84 16.93 16.91 16.87
16.03 16.46 16.33 16.47 16.82 16.92 16.97 16.97 16.94 16.93 16.92 16.96 17.01 17.01 16.99 16.98 16.95 16.95 16.99 17.02 17.01 17.01 17.01 16.93 16.90 16.80 16.84 16.83 16.82 16.90 16.92 16.73 16.76 16.84 16.80 16.80 16.84 16.84 16.93 16.90 16.93 16.99 16.98 16.96 16.94 16.98 16.99 16.97 16.94 16.92 16.90 16.77 16.88 16.94 16.76 16.72 16.80 16.68 16.74 16.74 16.82 16.81 16.85 16.90 16.90 16.91 16.92 16.91 16.92 16.94 16.91 16.91 16.85 16.86 16.92 16.87 16.88
16.62 16.59 16.46 16.77 16.84 16.95 16.91 16.93 16.92 16.91 16.88 16.96 16.99 16.98 16.97 16.97 16.97 16.95 16.95 16.97 16.97 16.98 16.96 16.92 16.87 16.77 16.80 16.89 16.90 16.86 16.85 16.79 16.77 16.73 16.71 16.73 16.76 16.81 16.86 16.85 16.94 17.00 16.95 16.94 16.97 16.96 16.94 16.96 16.90 16.89 16.85 16.97 16.89 16.93 16.86 16.82 16.53 16.87 16.96 16.81 16.90 16.93 16.88 16.90 16.89 16.90 16.88 16.84 16.91 16.92 16.91 16.89 16.85 16.79 16.87 16.85 16.84
16.40 16.08 16.59 16.84 16.90 16.91 16.88 16.89 16.92 16.85 16.86 16.93 16.92 16.91 16.92 16.96 16.95 16.94 16.92 16.95 16.92 16.95 16.95 16.93 16.86 16.81 16.81 16.84 16.84 16.84 16.79 16.74 16.74 16.71 16.71 16.77 16.72 16.75 16.80 16.87 16.92 16.92 16.87 16.92 16.93 16.94 16.97 16.93 16.89 16.95 16.90 16.97 16.88 16.65 16.57 16.84 16.89 16.92 16.69 16.62 16.88 16.97 16.87 16.89 16.85 16.87 16.90 16.88 16.85 16.90 16.84 16.86 16.82 16.81 16.78 16.81 16.84
16.45 16.09 16.64 16.87 16.86 16.84 16.87 16.84 16.83 16.78 16.82 16.87 16.88 16.92 16.94 16.95 16.94 16.94 16.89 16.85 16.90 16.92 16.91 16.94 16.89 16.83 16.85 16.85 16.89 16.81 16.76 16.74 16.71 16.67 16.74 16.74 16.68 16.73 16.78 16.78 16.82 16.88 16.88 16.88 16.86 16.90 16.93 16.93 16.87 16.87 16.80 16.85 16.75 16.68 16.81 16.85 16.55 16.72 16.76 16.90 16.79 16.88 16.92 16.91 16.87 16.89 16.84 16.88 16.87 16.79 16.82 16.91 16.79 16.77 16.72 16.82 16.81
16.55 16.63 16.75 16.87 16.83 16.81 16.81 16.78 16.74 16.73 16.78 16.82 16.84 16.84 16.90 16.92 16.92 16.92 16.92 16.87 16.86 16.90 16.90 16.92 16.84 16.84 16.82 16.82 16.78 16.73 16.75 16.71 16.73 16.70 16.68 16.67 16.69 16.71 16.68 16.77 16.73 16.85 16.87 16.89 16.83 16.87 16.87 16.92 16.93 16.90 16.87 16.86 16.86 16.80 16.83 16.78 16.85 16.87 16.78 16.78 16.81 16.91 16.80 16.91 16.86 16.82 16.80 16.87 16.90 16.83 16.82 16.93 16.91 16.74 16.72 16.79 16.83
16.57 16.75 16.74 16.80 16.84 16.78 16.75 16.74 16.78 16.76 16.80 16.80 16.82 16.84 16.85 16.87 16.90 16.91 16.90 16.88 16.87 16.88 16.89 16.88 16.87 16.88 16.86 16.86 16.82 16.80 16.78 16.70 16.63 16.71 16.71 16.64 16.63 16.60 16.61 16.68 16.72 16.82 16.79 16.85 16.86 16.84 16.85 16.90 16.91 16.89 16.87 16.76 16.74 16.74 16.92 16.83 16.87 16.90 16.80 16.80 16.82 16.87 16.80 16.81 16.79 16.72 16.81 16.82 16.84 16.83 16.83 16.79 16.80 16.85 16.72 16.77 16.73
16.72 16.73 16.72 16.80 16.71 16.74 16.72 16.77 16.80 16.77 16.69 16.69 16.76 16.80 16.77 16.80 16.83 16.86 16.87 16.86 16.86 16.88 16.87 16.89 16.89 16.88 16.85 16.84 16.83 16.83 16.83 16.77 16.69 16.65 16.65 16.60 16.57 16.54 16.59 16.63 16.70 16.74 16.75 16.77 16.79 16.83 16.81 16.87 16.87 16.87 16.86 16.79 16.64 16.79 16.78 16.81 16.82 16.80 16.74 16.71 16.81 16.68 16.78 16.81 16.79 16.81 16.77 16.81 16.82 16.81 16.82 16.86 16.81 16.80 16.80 16.77 16.67
16.67 16.69 16.74 16.74 16.70 16.77 16.73 16.70 16.64 16.56 16.60 16.66 16.75 16.69 16.78 16.76 16.83 16.81 16.84 16.85 16.85 16.85 16.85 16.81 16.83 16.84 16.82 16.82 16.82 16.82 16.80 16.79 16.77 16.68 16.61 16.58 16.52 16.50 16.62 16.63 16.65 16.62 16.72 16.80 16.81 16.76 16.82 16.80 16.80 16.82 16.82 16.78 16.69 16.70 16.74 16.83 16.86 16.81 16.85 16.71 16.79 16.79 16.76 16.72 16.80 16.79 16.81 16.84 16.83 16.85 16.82 16.83 16.81 16.77 16.78 16.68 16.71
16.63 16.74 16.67 16.67 16.76 16.73 16.64 16.74 16.63 16.68 16.67 16.59 16.61 16.63 16.73 16.77 16.71 16.67 16.76 16.77 16.82 16.83 16.79 16.81 16.82 16.81 16.81 16.77 16.77 16.79 16.79 16.75 16.75 16.74 16.68 16.55 16.46 16.42 16.63 16.72 16.73 16.70 16.73 16.80 16.79 16.76 16.78 16.78 16.78 16.70 16.66 16.74 16.70 16.69 16.71 16.72 16.78 16.78 16.77 16.72 16.73 16.67 16.82 16.75 16.76 16.72 16.78 16.77 16.80 16.81 16.77 16.79 16.75 16.70 16.72 16.68 16.76
16.62 16.48 16.64 16.67 16.63 16.66 16.64 16.61 16.67 16.67 16.63 16.66 16.66 16.72 16.71 16.65 16.67 16.63 16.71 16.70 16.76 16.73 16.73 16.72 16.78 16.75 16.78 16.79 16.76 16.73 16.75 16.74 16.73 16.70 16.70 16.65 16.60 16.52 16.56 16.63 16.74 16.73 16.66 16.69 16.74 16.74 16.75 16.76 16.77 16.72 16.73 16.73 16.73 16.71 16.70 16.71 16.71 16.67 16.77 16.74 16.78 16.81 16.79 16.76 16.72 16.72 16.73 16.73 16.80 16.78 16.79 16.74 16.73 16.65 16.61 16.70 16.68
16.50 16.63 16.59 16.54 16.53 16.63 16.46 16.62 16.58 16.52 16.47 16.65 16.56 16.59 16.66 16.66 16.71 16.69 16.65 16.67 16.58 16.70 16.71 16.70 16.71 16.69 16.72 16.75 16.78 16.74 16.72 16.70 16.71 16.71 16.73 16.71 16.68 16.67 16.59 16.59 16.67 16.71 16.69 16.66 16.66 16.72 16.73 16.74 16.73 16.74 16.72 16.72 16.71 16.67 16.73 16.67 16.67 16.71 16.75 16.76 16.76 16.79 16.82 16.76 16.79 16.79 16.72 16.72 16.71 16.68 16.74 16.73 16.56 16.66 16.60 16.70 16.65
16.64 16.63 16.51 16.58 16.57 16.50 16.48 16.53 16.47 16.52 16.50 16.50 16.61 16.54 16.62 16.58 16.70 16.63 16.71 16.64 16.64 16.71 16.66 16.64 16.65 16.68 16.67 16.68 16.68 16.67 16.70 16.70 16.70 16.70 16.70 16.69 16.69 16.67 16.64 16.69 16.67 16.66 16.68 16.59 16.44 16.55 16.62 16.71 16.74 16.74 16.72 16.73 16.71 16.71 16.71 16.72 16.65 16.67 16.67 16.73 16.75 16.76 16.79 16.76 16.77 16.77 16.67 16.69 16.73 16.74 16.72 16.66 16.62 16.62 16.59 16.66 16.69
16.65 16.64 16.61 16.55 16.63 16.41 16.55 16.50 16.59 16.49 16.49 16.48 16.56 16.57 16.62 16.62 16.60 16.64 16.66 16.60 16.66 16.69 16.68 16.70 16.68 16.72 16.67 16.63 16.64 16.64 16.63 16.66 16.69 16.67 16.67 16.68 16.65 16.57 16.68 16.72 16.69 16.69 16.70 16.67 16.60 16.58 16.60 16.68 16.70 16.71 16.69 16.66 16.69 16.72 16.72 16.69 16.59 16.61 16.59 16.69 16.73 16.72 16.71 16.72 16.71 16.74 16.66 16.60 16.66 16.69 16.67 16.63 16.63 16.64 16.55 16.62 16.62
16.61 16.59 16.55 16.53 16.53 16.61 16.37 16.53 16.60 16.41 16.51 16.50 16.47 16.51 16.46 16.61 16.64 16.61 16.63 16.65 16.62 16.67 16.67 16.69 16.67 16.69 16.66 16.61 16.63 16.61 16.58 16.62 16.64 16.65 16.65 16.67 16.66 16.67 16.66 16.69 16.70 16.68 16.67 16.68 16.66 16.67 16.65 16.65 16.67 16.69 16.63 16.65 16.67 16.69 16.68 16.69 16.69 16.64 16.55 16.61 16.70 16.76 16.70 16.69 16.67 16.70 16.61 16.63 16.65 16.70 16.60 16.59 16.55 16.61 16.64 16.65 16.65
