Files/BOM data/2019072220190722.grid
ncols 839
nrows 679
xllcenter 112.0500
yllcenter -43.9500
cellsize 0.0500
nodata_value 99999.90
[rows 204 to 237 of 679, columns 385 to 461 of 839]
18.21 18.21 18.24 18.26 18.23 18.23 18.27 18.22 18.21 18.21 18.15 18.09 18.21 18.16 18.24 18.30 18.23 18.26 18.26 18.23 18.26 18.22 18.18 18.24 18.21 18.15 18.24 18.29 18.30 18.20 18.12 18.08 18.15 18.21 18.22 18.23 18.23 18.20 18.27 18.33 18.32 18.34 18.23 18.23 18.26 18.17 18.18 18.22 18.21 18.22 18.23 18.20 18.19 18.20 18.19 18.21 18.21 18.23 18.16 18.15 18.16 18.17 18.16 18.13 18.12 18.05 18.05 18.08 18.09 18.01 18.02 18.01 18.04 18.09 18.05 18.01 18.06
18.17 18.21 18.21 18.21 18.24 18.16 18.15 18.18 18.20 18.15 18.16 18.20 18.12 18.07 18.15 18.21 18.22 18.22 18.16 18.14 18.28 18.23 18.16 18.12 18.14 18.14 18.13 18.19 18.20 18.15 18.23 18.20 18.15 18.16 18.25 18.33 18.21 18.27 18.30 18.29 18.26 18.23 18.23 18.24 18.28 18.19 18.18 18.14 18.18 18.20 18.23 18.21 18.14 18.22 18.19 18.16 18.14 18.14 18.15 18.15 18.15 18.09 18.10 18.09 18.09 18.16 18.12 18.00 18.01 18.03 18.07 18.01 17.98 18.02 18.06 18.06 18.09
18.18 18.20 18.18 18.12 18.12 18.14 18.13 18.14 18.20 18.16 18.12 18.16 18.16 18.17 18.14 18.17 18.12 18.18 18.26 18.12 18.13 18.08 18.12 18.09 18.09 18.11 18.12 18.10 18.10 18.11 18.21 18.29 18.24 18.18 18.28 18.33 18.23 18.21 18.35 18.22 18.22 18.21 18.18 18.25 18.25 18.24 18.23 18.19 18.12 18.14 18.21 18.21 18.15 18.14 18.14 18.17 18.19 18.12 18.14 18.13 18.12 18.10 18.06 18.05 18.07 18.10 18.07 17.92 17.92 18.00 18.00 17.97 17.99 18.01 18.02 18.01 18.04
18.14 18.13 18.13 18.07 18.10 18.06 18.16 18.12 18.14 18.17 18.13 18.14 18.15 18.11 18.10 18.12 18.09 18.13 18.15 18.17 18.17 18.15 18.11 18.05 18.09 18.07 18.09 18.05 18.12 18.09 18.12 18.17 18.25 18.17 18.10 18.26 18.22 18.12 18.30 18.29 18.18 18.18 18.15 18.26 18.24 18.24 18.26 18.18 18.15 18.15 18.23 18.20 18.16 18.12 18.08 18.12 18.11 18.12 18.13 18.12 18.11 18.08 18.08 18.12 18.07 18.06 18.04 17.98 17.97 17.95 17.99 18.01 17.95 17.95 17.98 17.91 17.94
18.10 18.11 18.11 18.11 18.10 18.10 18.14 18.10 18.10 18.14 18.11 18.11 18.16 18.19 18.11 18.08 18.09 18.18 18.20 18.18 18.14 18.22 18.16 18.10 18.06 18.04 18.06 18.06 18.05 18.07 18.04 18.11 18.14 18.17 18.30 18.22 18.21 18.14 18.15 18.17 18.19 18.23 18.19 18.21 18.24 18.24 18.23 18.25 18.17 18.22 18.22 18.18 18.16 18.14 18.08 18.12 18.08 18.11 18.06 18.05 18.02 18.06 18.02 18.05 18.07 18.04 18.02 17.99 17.96 17.93 17.97 18.00 17.96 17.96 17.91 17.94 17.98
18.12 18.11 18.08 18.09 18.14 18.09 18.14 18.08 18.10 18.11 18.12 18.14 18.10 18.15 18.14 18.10 18.07 18.06 18.14 18.14 18.18 18.26 18.14 18.05 18.04 18.02 18.06 18.03 18.03 18.06 18.05 18.18 18.08 18.23 18.22 18.22 18.21 18.12 18.10 18.28 18.27 18.20 18.18 18.20 18.20 18.22 18.21 18.25 18.22 18.12 18.21 18.12 18.10 18.12 18.11 18.12 18.14 18.13 18.10 18.07 18.05 18.03 17.99 18.00 18.04 18.01 17.99 17.98 17.98 17.97 17.97 17.94 17.99 17.93 17.97 17.99 18.00
18.12 18.11 18.09 18.08 18.09 18.06 18.10 18.08 18.10 18.08 18.10 18.10 18.16 18.18 18.13 18.11 18.09 18.10 18.12 18.11 18.11 18.16 18.19 18.16 18.17 18.08 18.06 18.07 18.06 18.06 18.06 18.08 18.07 18.15 18.14 18.07 18.09 18.07 18.05 18.18 18.25 18.17 18.11 18.24 18.14 18.20 18.21 18.25 18.22 18.16 18.08 18.09 18.10 18.11 18.09 18.07 18.07 18.11 18.09 18.04 18.02 18.03 18.01 18.00 18.02 18.02 18.02 17.98 18.00 18.00 17.95 17.91 17.94 17.91 17.94 17.95 17.95
18.14 18.12 18.10 18.05 18.07 18.06 18.09 18.09 18.03 18.09 18.10 18.04 18.00 18.04 18.03 18.02 18.07 18.05 18.07 18.07 18.05 18.13 18.06 18.03 18.12 18.05 18.03 18.03 18.05 18.03 18.01 18.05 18.01 18.06 18.04 18.04 18.01 18.05 18.06 18.04 18.19 18.21 18.18 18.20 18.12 18.20 18.24 18.26 18.26 18.17 18.12 18.08 18.04 18.08 18.08 18.08 18.03 18.03 18.04 18.04 18.03 18.01 18.01 17.99 17.98 18.02 17.99 18.05 18.01 18.00 17.91 17.87 17.88 17.86 17.89 17.87 17.92
18.11 18.12 18.09 18.06 18.03 18.04 18.05 18.05 18.03 18.04 18.03 18.03 18.04 18.03 18.03 18.04 18.03 18.04 18.03 18.05 18.08 18.05 18.05 18.00 18.00 18.00 18.00 17.98 18.03 18.02 17.99 18.02 18.05 18.02 17.96 18.01 17.96 18.03 18.06 18.09 18.08 18.17 18.13 18.23 18.14 18.14 18.16 18.20 18.16 18.24 18.21 18.22 18.15 18.14 18.08 18.07 18.05 18.00 17.98 18.00 18.00 17.98 18.01 18.01 17.99 18.01 18.02 18.03 18.04 18.04 18.00 17.93 17.93 17.89 17.90 17.85 17.87
18.05 18.10 18.10 18.08 18.04 18.03 18.04 18.02 18.02 18.02 18.03 18.00 18.01 18.00 18.00 18.02 18.00 18.00 18.03 18.03 18.03 18.02 18.04 18.04 18.01 18.01 18.01 17.95 17.98 18.02 18.00 17.99 18.02 18.02 17.96 18.01 17.98 18.00 18.14 18.15 18.17 18.09 18.17 18.10 18.11 18.15 18.13 18.05 18.12 18.08 18.01 18.15 18.16 18.15 18.12 18.10 18.00 18.01 17.97 17.92 17.94 17.94 17.91 17.99 18.00 17.99 17.97 17.99 18.01 18.01 18.02 18.00 17.98 17.93 17.89 17.81 17.83
18.04 18.05 18.07 18.05 18.05 18.03 18.01 18.01 18.01 18.00 18.03 17.95 17.97 17.96 17.99 18.03 18.02 18.02 18.02 18.01 18.04 18.03 18.02 17.99 18.01 18.00 17.99 17.98 17.98 18.02 18.01 17.99 17.99 18.00 17.96 17.95 17.97 17.98 17.95 18.04 18.05 18.00 18.07 18.05 18.02 18.08 18.09 18.09 18.15 18.09 18.08 18.09 18.10 18.07 18.11 18.11 18.04 18.00 18.02 17.94 17.92 17.93 17.91 17.96 18.00 18.01 18.00 17.98 17.98 17.99 18.02 17.97 17.96 17.92 17.82 17.81 17.87
18.02 18.02 18.05 18.03 17.97 18.00 18.00 18.02 18.02 17.99 17.98 17.96 17.93 17.94 17.94 17.98 17.99 17.96 17.99 17.99 18.00 18.00 18.02 17.99 17.93 18.00 17.98 17.95 17.97 17.99 17.98 17.98 17.96 17.93 17.99 17.97 17.96 17.94 17.92 17.96 17.95 17.93 17.98 18.03 18.04 18.00 18.13 18.11 18.11 18.11 18.10 18.10 18.11 18.02 18.02 18.07 18.01 17.97 17.94 17.94 17.87 17.79 17.87 17.93 17.93 17.94 17.97 17.95 17.96 17.93 17.90 17.93 17.87 17.89 17.91 17.91 17.94
18.00 17.99 18.02 18.02 17.99 17.96 17.97 17.98 17.97 17.97 17.98 17.99 17.98 17.96 17.96 17.99 17.96 17.96 17.97 17.97 17.97 17.96 17.97 18.00 17.92 17.97 17.97 17.94 17.90 17.90 17.92 17.96 17.92 17.91 17.96 17.95 17.93 17.96 17.91 17.92 17.95 17.90 17.92 18.02 18.06 18.01 18.07 18.12 18.11 18.04 18.05 18.04 18.09 18.06 18.01 18.01 18.00 17.93 17.96 17.94 17.84 17.85 17.84 17.79 17.84 17.82 17.88 17.79 17.84 17.86 17.92 17.91 17.94 17.88 17.91 17.92 17.91
18.00 17.97 17.98 18.01 18.00 17.95 17.94 17.97 17.94 17.94 17.94 17.96 17.93 17.94 17.94 17.94 17.93 17.91 17.90 17.92 17.93 17.95 17.96 17.95 17.94 17.94 17.91 17.93 17.87 17.87 17.88 17.90 17.91 17.89 17.89 17.91 17.91 17.88 17.95 17.89 17.91 17.88 17.88 17.92 17.99 17.92 17.93 18.05 18.07 18.09 18.07 17.98 18.02 18.04 17.95 17.94 17.95 17.95 17.94 17.96 17.93 17.85 17.81 17.80 17.79 17.78 17.81 17.75 17.81 17.82 17.85 17.85 17.89 17.88 17.89 17.90 17.84
18.00 17.97 17.95 17.98 17.99 17.97 17.91 17.94 17.93 17.89 17.92 17.89 17.90 17.90 17.91 17.93 17.89 17.88 17.89 17.90 17.90 17.92 17.92 17.93 17.94 17.90 17.93 17.90 17.88 17.91 17.89 17.88 17.90 17.88 17.89 17.88 17.90 17.87 17.92 17.93 17.88 17.89 17.85 17.89 17.93 17.89 17.83 17.86 17.90 17.92 17.99 17.95 18.03 18.03 17.94 17.88 17.90 17.95 17.92 17.87 17.88 17.90 17.84 17.80 17.81 17.76 17.77 17.80 17.85 17.81 17.85 17.77 17.81 17.81 17.86 17.81 17.86
17.93 17.95 17.94 17.94 17.99 17.97 17.93 17.95 17.95 17.89 17.87 17.91 17.86 17.86 17.88 17.89 17.86 17.88 17.88 17.85 17.88 17.88 17.91 17.90 17.91 17.95 17.89 17.89 17.89 17.87 17.87 17.89 17.89 17.88 17.88 17.86 17.90 17.88 17.90 17.88 17.85 17.87 17.85 17.83 17.85 17.85 17.86 17.85 17.84 17.82 17.90 17.90 17.88 17.95 17.95 17.86 17.85 17.86 17.92 17.86 17.82 17.85 17.82 17.75 17.72 17.68 17.68 17.70 17.79 17.79 17.78 17.79 17.78 17.79 17.84 17.80 17.80
17.92 17.92 17.90 17.93 17.92 17.93 17.95 17.94 17.92 17.91 17.89 17.90 17.90 17.85 17.88 17.91 17.81 17.84 17.86 17.82 17.86 17.86 17.88 17.87 17.87 17.90 17.88 17.86 17.87 17.87 17.84 17.85 17.85 17.90 17.87 17.86 17.87 17.83 17.86 17.86 17.83 17.88 17.88 17.86 17.85 17.78 17.84 17.87 17.84 17.83 17.78 17.87 17.82 17.92 17.91 17.86 17.81 17.80 17.88 17.85 17.79 17.79 17.80 17.76 17.73 17.75 17.73 17.66 17.79 17.77 17.82 17.78 17.77 17.80 17.83 17.83 17.80
17.89 17.92 17.90 17.90 17.93 17.91 17.90 17.89 17.90 17.91 17.89 17.87 17.89 17.89 17.87 17.88 17.82 17.76 17.80 17.84 17.86 17.84 17.86 17.83 17.85 17.84 17.83 17.87 17.79 17.89 17.86 17.86 17.84 17.84 17.87 17.86 17.85 17.81 17.82 17.82 17.85 17.85 17.84 17.85 17.81 17.80 17.75 17.84 17.83 17.79 17.79 17.78 17.87 17.81 17.85 17.89 17.74 17.79 17.80 17.83 17.80 17.79 17.77 17.75 17.72 17.73 17.74 17.76 17.77 17.77 17.76 17.75 17.76 17.81 17.78 17.75 17.77
17.86 17.82 17.85 17.88 17.90 17.89 17.88 17.85 17.84 17.84 17.85 17.84 17.85 17.85 17.84 17.85 17.83 17.86 17.83 17.82 17.86 17.85 17.82 17.82 17.79 17.80 17.79 17.84 17.78 17.84 17.84 17.81 17.83 17.82 17.80 17.80 17.77 17.80 17.79 17.78 17.81 17.82 17.84 17.82 17.80 17.78 17.72 17.76 17.77 17.83 17.79 17.80 17.82 17.86 17.75 17.82 17.89 17.80 17.80 17.81 17.78 17.76 17.76 17.84 17.72 17.73 17.74 17.74 17.81 17.79 17.80 17.77 17.78 17.78 17.76 17.72 17.66
17.84 17.79 17.83 17.81 17.86 17.86 17.83 17.84 17.82 17.83 17.81 17.83 17.80 17.80 17.81 17.86 17.79 17.79 17.82 17.81 17.82 17.82 17.80 17.81 17.79 17.78 17.77 17.80 17.76 17.79 17.79 17.79 17.81 17.81 17.79 17.79 17.76 17.79 17.79 17.79 17.79 17.79 17.81 17.80 17.79 17.77 17.75 17.79 17.79 17.78 17.81 17.81 17.80 17.87 17.78 17.80 17.82 17.78 17.81 17.79 17.77 17.78 17.73 17.81 17.71 17.72 17.74 17.71 17.74 17.75 17.77 17.72 17.76 17.74 17.73 17.72 17.70
17.84 17.83 17.77 17.77 17.76 17.78 17.76 17.80 17.81 17.84 17.80 17.80 17.75 17.66 17.77 17.81 17.76 17.78 17.82 17.83 17.83 17.82 17.81 17.80 17.78 17.75 17.77 17.77 17.81 17.76 17.80 17.79 17.79 17.78 17.78 17.76 17.76 17.73 17.79 17.81 17.76 17.78 17.79 17.79 17.77 17.74 17.75 17.79 17.76 17.76 17.75 17.78 17.76 17.77 17.78 17.69 17.71 17.78 17.78 17.76 17.75 17.78 17.76 17.75 17.78 17.71 17.70 17.72 17.73 17.74 17.73 17.73 17.73 17.68 17.72 17.68 17.73
17.81 17.81 17.79 17.76 17.77 17.78 17.78 17.76 17.76 17.79 17.79 17.82 17.79 17.79 17.77 17.75 17.81 17.80 17.82 17.84 17.83 17.78 17.80 17.76 17.77 17.77 17.78 17.78 17.79 17.77 17.74 17.78 17.77 17.77 17.74 17.75 17.74 17.73 17.76 17.80 17.75 17.79 17.79 17.76 17.73 17.74 17.75 17.77 17.74 17.72 17.73 17.78 17.74 17.73 17.75 17.68 17.73 17.80 17.73 17.73 17.73 17.76 17.77 17.72 17.74 17.75 17.69 17.70 17.73 17.71 17.72 17.69 17.69 17.67 17.71 17.72 17.70
17.84 17.80 17.77 17.74 17.77 17.78 17.74 17.71 17.74 17.74 17.79 17.82 17.83 17.82 17.76 17.75 17.72 17.77 17.76 17.76 17.77 17.78 17.77 17.76 17.76 17.75 17.75 17.76 17.72 17.79 17.75 17.75 17.78 17.79 17.73 17.71 17.72 17.73 17.70 17.71 17.75 17.70 17.72 17.74 17.73 17.73 17.70 17.72 17.71 17.72 17.70 17.72 17.70 17.71 17.72 17.70 17.70 17.75 17.76 17.72 17.70 17.71 17.73 17.73 17.74 17.74 17.70 17.66 17.71 17.69 17.69 17.66 17.66 17.61 17.65 17.67 17.65
17.85 17.79 17.78 17.71 17.73 17.71 17.71 17.72 17.70 17.71 17.74 17.82 17.83 17.84 17.82 17.79 17.76 17.73 17.73 17.73 17.70 17.72 17.74 17.75 17.74 17.73 17.75 17.78 17.72 17.74 17.75 17.74 17.73 17.73 17.70 17.72 17.75 17.73 17.71 17.69 17.71 17.73 17.66 17.70 17.68 17.70 17.68 17.68 17.68 17.68 17.72 17.70 17.70 17.68 17.69 17.71 17.70 17.68 17.72 17.72 17.69 17.70 17.68 17.68 17.69 17.67 17.69 17.68 17.66 17.65 17.66 17.65 17.61 17.60 17.57 17.59 17.60
17.78 17.83 17.80 17.75 17.72 17.71 17.72 17.82 17.73 17.74 17.74 17.79 17.78 17.79 17.79 17.78 17.79 17.75 17.73 17.71 17.72 17.68 17.69 17.72 17.70 17.72 17.74 17.75 17.75 17.74 17.74 17.71 17.73 17.71 17.70 17.73 17.74 17.72 17.68 17.68 17.66 17.69 17.67 17.65 17.68 17.68 17.68 17.67 17.66 17.69 17.70 17.70 17.69 17.70 17.68 17.67 17.66 17.63 17.65 17.68 17.67 17.67 17.65 17.64 17.63 17.63 17.66 17.70 17.69 17.63 17.62 17.63 17.61 17.60 17.58 17.58 17.57
17.72 17.78 17.77 17.75 17.72 17.71 17.69 17.72 17.76 17.76 17.74 17.77 17.79 17.80 17.80 17.81 17.78 17.75 17.72 17.72 17.75 17.73 17.69 17.73 17.69 17.67 17.71 17.71 17.70 17.71 17.70 17.69 17.68 17.70 17.68 17.65 17.70 17.70 17.66 17.66 17.65 17.66 17.67 17.64 17.65 17.67 17.66 17.65 17.63 17.67 17.66 17.70 17.68 17.67 17.69 17.72 17.65 17.64 17.63 17.69 17.66 17.63 17.62 17.61 17.65 17.60 17.64 17.68 17.68 17.68 17.60 17.61 17.58 17.59 17.58 17.61 17.51
17.75 17.76 17.70 17.68 17.66 17.68 17.69 17.66 17.70 17.74 17.69 17.68 17.76 17.77 17.79 17.79 17.81 17.77 17.71 17.73 17.68 17.71 17.69 17.71 17.72 17.68 17.67 17.71 17.63 17.69 17.68 17.67 17.68 17.66 17.67 17.66 17.64 17.65 17.63 17.64 17.63 17.64 17.64 17.63 17.64 17.62 17.65 17.64 17.65 17.67 17.66 17.66 17.67 17.65 17.65 17.70 17.72 17.66 17.62 17.62 17.61 17.61 17.59 17.59 17.57 17.62 17.61 17.58 17.58 17.57 17.57 17.61 17.54 17.52 17.52 17.53 17.52
17.70 17.71 17.69 17.70 17.69 17.67 17.69 17.72 17.69 17.70 17.67 17.65 17.70 17.73 17.75 17.76 17.76 17.77 17.71 17.71 17.67 17.68 17.73 17.68 17.70 17.66 17.65 17.66 17.62 17.64 17.66 17.64 17.65 17.67 17.65 17.62 17.63 17.65 17.62 17.63 17.61 17.60 17.59 17.63 17.64 17.63 17.63 17.63 17.66 17.66 17.67 17.66 17.64 17.63 17.63 17.65 17.68 17.63 17.62 17.62 17.57 17.62 17.59 17.55 17.63 17.59 17.57 17.56 17.52 17.55 17.59 17.55 17.54 17.54 17.53 17.53 17.53
17.70 17.75 17.75 17.70 17.68 17.71 17.70 17.70 17.65 17.64 17.65 17.63 17.65 17.71 17.72 17.72 17.68 17.74 17.72 17.69 17.65 17.64 17.69 17.68 17.62 17.63 17.64 17.65 17.65 17.61 17.64 17.62 17.62 17.64 17.65 17.63 17.63 17.62 17.60 17.60 17.59 17.59 17.58 17.63 17.61 17.60 17.60 17.63 17.63 17.64 17.65 17.66 17.66 17.61 17.61 17.63 17.59 17.61 17.60 17.61 17.57 17.61 17.61 17.58 17.56 17.54 17.51 17.53 17.50 17.48 17.48 17.53 17.56 17.53 17.51 17.52 17.48
17.62 17.70 17.71 17.72 17.68 17.69 17.71 17.68 17.63 17.62 17.63 17.61 17.61 17.64 17.71 17.69 17.46 17.69 17.71 17.69 17.64 17.63 17.71 17.67 17.64 17.66 17.64 17.62 17.62 17.63 17.64 17.60 17.61 17.60 17.64 17.61 17.60 17.60 17.59 17.58 17.56 17.59 17.60 17.56 17.60 17.59 17.58 17.63 17.60 17.59 17.62 17.65 17.66 17.65 17.61 17.58 17.55 17.56 17.58 17.59 17.59 17.56 17.57 17.53 17.54 17.54 17.54 17.52 17.49 17.45 17.51 17.53 17.53 17.50 17.52 17.49 17.51
17.60 17.62 17.64 17.72 17.69 17.70 17.66 17.61 17.57 17.62 17.59 17.60 17.60 17.56 17.59 17.66 17.66 17.65 17.63 17.62 17.61 17.59 17.65 17.62 17.62 17.62 17.64 17.61 17.57 17.61 17.61 17.62 17.62 17.60 17.63 17.59 17.57 17.64 17.58 17.57 17.57 17.57 17.58 17.57 17.54 17.59 17.58 17.51 17.58 17.54 17.57 17.60 17.62 17.62 17.61 17.60 17.55 17.55 17.55 17.53 17.52 17.53 17.54 17.51 17.51 17.49 17.50 17.52 17.51 17.51 17.49 17.54 17.51 17.50 17.51 17.48 17.50
17.60 17.59 17.58 17.66 17.65 17.65 17.64 17.56 17.57 17.61 17.58 17.56 17.57 17.55 17.51 17.55 17.63 17.62 17.60 17.58 17.55 17.56 17.57 17.58 17.57 17.60 17.63 17.63 17.58 17.59 17.56 17.59 17.57 17.57 17.60 17.57 17.57 17.58 17.56 17.54 17.56 17.55 17.59 17.53 17.53 17.56 17.56 17.53 17.50 17.53 17.53 17.53 17.58 17.58 17.56 17.56 17.56 17.55 17.53 17.52 17.55 17.47 17.49 17.47 17.45 17.44 17.46 17.47 17.49 17.55 17.49 17.50 17.49 17.49 17.49 17.50 17.46
17.55 17.56 17.53 17.57 17.59 17.58 17.59 17.59 17.59 17.58 17.55 17.56 17.54 17.52 17.51 17.51 17.59 17.57 17.54 17.52 17.53 17.49 17.58 17.59 17.52 17.49 17.53 17.56 17.56 17.51 17.51 17.53 17.57 17.59 17.59 17.58 17.55 17.56 17.53 17.55 17.54 17.54 17.52 17.47 17.51 17.53 17.54 17.52 17.53 17.53 17.52 17.49 17.56 17.59 17.53 17.51 17.52 17.51 17.51 17.47 17.52 17.48 17.48 17.46 17.43 17.45 17.46 17.46 17.44 17.46 17.50 17.45 17.39 17.47 17.48 17.44 17.39
17.55 17.53 17.46 17.53 17.51 17.53 17.56 17.59 17.53 17.54 17.53 17.52 17.53 17.43 17.46 17.53 17.55 17.53 17.51 17.46 17.47 17.49 17.48 17.53 17.51 17.53 17.50 17.50 17.50 17.52 17.51 17.51 17.50 17.53 17.55 17.54 17.52 17.50 17.52 17.49 17.50 17.50 17.54 17.47 17.44 17.50 17.47 17.48 17.52 17.45 17.47 17.48 17.45 17.52 17.53 17.47 17.46 17.47 17.48 17.48 17.47 17.46 17.41 17.47 17.44 17.46 17.47 17.45 17.44 17.54 17.53 17.43 17.36 17.41 17.47 17.45 17.45
