Files/BOM data/2019072120190721.grid
ncols 839
nrows 679
xllcenter 112.0500
yllcenter -43.9500
cellsize 0.0500
nodata_value 99999.90
[rows 408 to 441 of 679, columns 308 to 384 of 839]
13.92 13.93 13.93 13.92 13.90 13.90 13.89 13.90 13.89 13.89 13.91 13.89 13.87 13.88 13.86 13.86 13.88 13.88 13.88 13.88 13.89 13.88 13.87 13.87 13.86 13.86 13.88 13.87 13.86 13.87 13.90 13.89 13.85 13.84 13.87 13.88 13.89 13.89 13.91 13.92 13.91 13.92 13.91 13.91 13.91 13.89 13.86 13.84 13.84 13.85 13.84 13.87 13.87 13.88 13.89 13.87 13.89 13.88 13.86 13.87 13.88 13.89 13.89 13.87 13.91 13.89 13.91 13.93 13.91 13.92 13.90 13.88 13.88 13.89 13.89 13.89 13.89
13.89 13.90 13.90 13.89 13.89 13.89 13.88 13.86 13.88 13.89 13.89 13.87 13.86 13.85 13.83 13.84 13.85 13.84 13.84 13.84 13.85 13.87 13.86 13.85 13.85 13.85 13.86 13.86 13.85 13.85 13.86 13.85 13.82 13.82 13.82 13.86 13.85 13.86 13.85 13.86 13.87 13.86 13.86 13.86 13.88 13.85 13.84 13.82 13.85 13.84 13.83 13.85 13.84 13.85 13.87 13.84 13.85 13.88 13.87 13.86 13.85 13.85 13.86 13.86 13.87 13.86 13.88 13.88 13.88 13.88 13.89 13.88 13.88 13.86 13.88 13.89 13.88
13.86 13.85 13.88 13.87 13.88 13.89 13.87 13.86 13.84 13.88 13.87 13.84 13.84 13.82 13.80 13.83 13.84 13.82 13.84 13.83 13.84 13.83 13.85 13.85 13.85 13.83 13.84 13.84 13.84 13.82 13.84 13.83 13.82 13.82 13.81 13.81 13.82 13.82 13.82 13.82 13.80 13.82 13.84 13.84 13.84 13.83 13.83 13.82 13.83 13.83 13.81 13.82 13.82 13.82 13.84 13.84 13.84 13.85 13.86 13.84 13.83 13.82 13.83 13.83 13.84 13.85 13.85 13.87 13.86 13.88 13.89 13.90 13.89 13.89 13.87 13.87 13.86
13.86 13.85 13.84 13.84 13.85 13.83 13.83 13.83 13.81 13.80 13.83 13.84 13.83 13.81 13.78 13.77 13.81 13.82 13.81 13.82 13.82 13.81 13.81 13.81 13.81 13.81 13.82 13.83 13.82 13.81 13.81 13.82 13.81 13.80 13.80 13.80 13.80 13.81 13.78 13.78 13.80 13.81 13.80 13.80 13.81 13.82 13.80 13.80 13.81 13.80 13.80 13.80 13.80 13.80 13.81 13.80 13.79 13.81 13.81 13.82 13.82 13.82 13.80 13.80 13.82 13.84 13.84 13.85 13.88 13.86 13.87 13.85 13.83 13.85 13.84 13.86 13.84
13.83 13.82 13.83 13.80 13.79 13.83 13.80 13.81 13.83 13.80 13.80 13.81 13.80 13.79 13.79 13.77 13.79 13.80 13.81 13.80 13.79 13.80 13.80 13.80 13.81 13.81 13.81 13.80 13.80 13.80 13.79 13.78 13.79 13.78 13.78 13.80 13.79 13.80 13.80 13.79 13.78 13.78 13.79 13.80 13.78 13.77 13.79 13.79 13.78 13.77 13.78 13.80 13.77 13.76 13.76 13.76 13.78 13.78 13.81 13.79 13.78 13.81 13.80 13.80 13.81 13.83 13.83 13.82 13.81 13.82 13.83 13.84 13.83 13.83 13.84 13.83 13.82
13.77 13.81 13.81 13.78 13.79 13.79 13.79 13.75 13.78 13.76 13.77 13.79 13.79 13.78 13.77 13.77 13.77 13.78 13.77 13.78 13.77 13.78 13.78 13.79 13.79 13.79 13.80 13.79 13.77 13.77 13.78 13.77 13.77 13.77 13.78 13.78 13.80 13.80 13.80 13.79 13.79 13.78 13.78 13.77 13.75 13.75 13.75 13.75 13.74 13.73 13.74 13.74 13.75 13.74 13.73 13.73 13.75 13.75 13.75 13.76 13.77 13.78 13.80 13.77 13.78 13.77 13.78 13.81 13.81 13.81 13.83 13.81 13.82 13.82 13.81 13.80 13.79
13.73 13.76 13.75 13.75 13.76 13.76 13.76 13.76 13.76 13.79 13.78 13.77 13.76 13.77 13.79 13.77 13.76 13.76 13.75 13.76 13.75 13.75 13.75 13.74 13.76 13.75 13.74 13.76 13.75 13.75 13.76 13.77 13.77 13.76 13.77 13.77 13.76 13.76 13.75 13.76 13.77 13.75 13.74 13.74 13.75 13.74 13.74 13.73 13.73 13.73 13.74 13.73 13.73 13.73 13.72 13.71 13.74 13.72 13.72 13.74 13.74 13.74 13.73 13.73 13.73 13.74 13.74 13.76 13.79 13.79 13.78 13.78 13.80 13.80 13.80 13.79 13.78
13.70 13.71 13.73 13.74 13.75 13.76 13.75 13.73 13.71 13.75 13.76 13.77 13.75 13.75 13.73 13.76 13.75 13.75 13.71 13.72 13.72 13.73 13.72 13.73 13.74 13.75 13.76 13.76 13.76 13.74 13.73 13.71 13.72 13.72 13.73 13.73 13.73 13.73 13.73 13.73 13.72 13.72 13.73 13.72 13.74 13.73 13.72 13.72 13.72 13.71 13.72 13.72 13.71 13.70 13.70 13.71 13.72 13.72 13.70 13.69 13.70 13.71 13.72 13.72 13.71 13.71 13.71 13.71 13.71 13.74 13.75 13.77 13.77 13.79 13.79 13.79 13.78
13.68 13.70 13.71 13.74 13.74 13.74 13.76 13.78 13.76 13.75 13.74 13.73 13.74 13.73 13.74 13.72 13.72 13.72 13.72 13.70 13.72 13.73 13.72 13.72 13.71 13.71 13.72 13.71 13.70 13.71 13.73 13.73 13.72 13.72 13.72 13.71 13.69 13.70 13.70 13.70 13.71 13.70 13.70 13.70 13.69 13.72 13.70 13.69 13.69 13.70 13.68 13.71 13.70 13.69 13.67 13.67 13.68 13.70 13.68 13.67 13.66 13.69 13.70 13.71 13.71 13.70 13.70 13.70 13.70 13.68 13.72 13.76 13.79 13.79 13.78 13.77 13.74
13.67 13.67 13.66 13.68 13.73 13.76 13.73 13.75 13.75 13.73 13.71 13.71 13.69 13.71 13.70 13.71 13.70 13.72 13.71 13.70 13.68 13.68 13.70 13.69 13.69 13.70 13.69 13.70 13.69 13.69 13.70 13.71 13.70 13.69 13.70 13.70 13.69 13.68 13.68 13.68 13.67 13.69 13.69 13.68 13.68 13.68 13.68 13.66 13.67 13.67 13.66 13.66 13.66 13.66 13.65 13.65 13.65 13.66 13.66 13.65 13.66 13.68 13.67 13.68 13.68 13.68 13.69 13.69 13.70 13.69 13.70 13.71 13.74 13.75 13.75 13.76 13.72
13.65 13.67 13.65 13.65 13.65 13.67 13.66 13.66 13.67 13.70 13.69 13.68 13.67 13.68 13.68 13.69 13.68 13.70 13.68 13.69 13.66 13.65 13.66 13.67 13.67 13.67 13.67 13.67 13.66 13.66 13.66 13.66 13.66 13.68 13.68 13.68 13.68 13.67 13.66 13.66 13.66 13.66 13.67 13.66 13.65 13.64 13.65 13.66 13.66 13.66 13.64 13.63 13.64 13.64 13.64 13.64 13.63 13.63 13.63 13.63 13.64 13.66 13.66 13.65 13.66 13.66 13.67 13.67 13.67 13.68 13.69 13.69 13.69 13.70 13.68 13.66 13.68
13.62 13.62 13.62 13.63 13.61 13.63 13.65 13.65 13.65 13.66 13.66 13.66 13.66 13.65 13.66 13.67 13.66 13.65 13.66 13.66 13.66 13.66 13.64 13.65 13.64 13.64 13.65 13.65 13.65 13.65 13.63 13.64 13.63 13.63 13.64 13.66 13.65 13.66 13.65 13.64 13.64 13.65 13.65 13.64 13.64 13.64 13.62 13.62 13.63 13.65 13.64 13.63 13.62 13.63 13.63 13.62 13.62 13.62 13.63 13.62 13.61 13.62 13.62 13.63 13.63 13.63 13.64 13.64 13.62 13.65 13.65 13.65 13.65 13.66 13.62 13.64 13.65
13.58 13.58 13.56 13.57 13.62 13.59 13.60 13.61 13.61 13.62 13.64 13.63 13.66 13.62 13.63 13.64 13.65 13.64 13.65 13.63 13.62 13.63 13.63 13.61 13.61 13.62 13.62 13.62 13.61 13.62 13.61 13.61 13.61 13.61 13.60 13.61 13.63 13.63 13.63 13.63 13.62 13.61 13.61 13.60 13.59 13.60 13.60 13.60 13.59 13.61 13.59 13.60 13.63 13.62 13.61 13.60 13.59 13.60 13.61 13.60 13.60 13.60 13.59 13.60 13.60 13.59 13.60 13.62 13.62 13.61 13.60 13.61 13.62 13.61 13.63 13.62 13.60
13.52 13.54 13.55 13.56 13.57 13.59 13.59 13.57 13.57 13.58 13.58 13.60 13.59 13.61 13.61 13.61 13.62 13.63 13.62 13.61 13.60 13.60 13.61 13.61 13.59 13.59 13.59 13.59 13.59 13.59 13.59 13.59 13.59 13.59 13.59 13.59 13.59 13.61 13.60 13.60 13.58 13.59 13.59 13.59 13.57 13.58 13.57 13.59 13.58 13.57 13.56 13.55 13.55 13.59 13.61 13.59 13.57 13.58 13.58 13.58 13.59 13.57 13.57 13.56 13.58 13.60 13.58 13.59 13.59 13.58 13.57 13.58 13.57 13.56 13.59 13.58 13.59
13.53 13.50 13.51 13.50 13.53 13.57 13.57 13.57 13.57 13.55 13.54 13.56 13.57 13.57 13.56 13.57 13.58 13.59 13.59 13.59 13.59 13.58 13.56 13.57 13.58 13.57 13.56 13.56 13.55 13.56 13.56 13.57 13.56 13.55 13.57 13.55 13.56 13.56 13.57 13.57 13.56 13.55 13.56 13.56 13.56 13.58 13.55 13.55 13.56 13.55 13.54 13.54 13.55 13.54 13.54 13.54 13.56 13.54 13.54 13.54 13.52 13.53 13.54 13.55 13.53 13.55 13.55 13.55 13.56 13.56 13.54 13.55 13.53 13.55 13.54 13.55 13.54
13.54 13.52 13.49 13.50 13.51 13.52 13.54 13.55 13.54 13.54 13.54 13.53 13.54 13.54 13.55 13.54 13.56 13.55 13.56 13.57 13.57 13.57 13.56 13.54 13.54 13.54 13.54 13.53 13.53 13.53 13.54 13.53 13.54 13.51 13.52 13.53 13.54 13.55 13.53 13.55 13.54 13.53 13.53 13.52 13.52 13.52 13.51 13.52 13.52 13.52 13.51 13.53 13.52 13.51 13.46 13.47 13.50 13.49 13.51 13.53 13.52 13.51 13.51 13.51 13.51 13.53 13.52 13.52 13.53 13.54 13.54 13.52 13.53 13.54 13.51 13.52 13.52
13.50 13.51 13.50 13.48 13.51 13.50 13.49 13.50 13.49 13.49 13.50 13.52 13.52 13.50 13.51 13.51 13.53 13.53 13.52 13.54 13.54 13.55 13.55 13.55 13.53 13.54 13.52 13.53 13.49 13.50 13.49 13.49 13.50 13.51 13.51 13.51 13.50 13.51 13.51 13.52 13.52 13.52 13.52 13.49 13.50 13.51 13.48 13.49 13.51 13.50 13.50 13.49 13.48 13.48 13.46 13.41 13.49 13.49 13.48 13.47 13.48 13.49 13.50 13.50 13.50 13.53 13.52 13.52 13.51 13.52 13.51 13.50 13.52 13.52 13.48 13.48 13.49
13.50 13.47 13.47 13.47 13.49 13.46 13.46 13.46 13.47 13.47 13.48 13.50 13.49 13.49 13.49 13.49 13.50 13.50 13.51 13.53 13.53 13.52 13.54 13.52 13.52 13.51 13.48 13.48 13.49 13.48 13.48 13.49 13.48 13.48 13.49 13.45 13.47 13.49 13.49 13.48 13.49 13.48 13.49 13.48 13.47 13.49 13.47 13.46 13.46 13.45 13.48 13.48 13.44 13.45 13.44 13.38 13.45 13.46 13.46 13.45 13.46 13.45 13.44 13.45 13.44 13.46 13.50 13.50 13.49 13.49 13.47 13.50 13.49 13.48 13.46 13.46 13.45
13.44 13.46 13.44 13.43 13.44 13.43 13.44 13.42 13.43 13.43 13.45 13.46 13.46 13.45 13.46 13.46 13.48 13.47 13.45 13.45 13.48 13.46 13.47 13.49 13.47 13.46 13.46 13.43 13.44 13.45 13.44 13.46 13.46 13.47 13.45 13.45 13.44 13.45 13.46 13.45 13.46 13.45 13.43 13.43 13.43 13.42 13.44 13.45 13.43 13.42 13.44 13.44 13.43 13.43 13.44 13.44 13.44 13.43 13.44 13.42 13.42 13.42 13.42 13.41 13.42 13.41 13.42 13.45 13.46 13.45 13.47 13.48 13.47 13.47 13.45 13.43 13.41
13.42 13.44 13.41 13.41 13.42 13.42 13.41 13.42 13.43 13.44 13.44 13.44 13.45 13.44 13.46 13.44 13.44 13.44 13.44 13.43 13.43 13.44 13.44 13.43 13.45 13.45 13.44 13.43 13.42 13.43 13.43 13.43 13.44 13.42 13.43 13.42 13.42 13.41 13.41 13.40 13.41 13.44 13.42 13.41 13.42 13.40 13.41 13.42 13.42 13.39 13.42 13.42 13.41 13.41 13.42 13.40 13.43 13.42 13.42 13.41 13.39 13.38 13.39 13.39 13.39 13.41 13.41 13.41 13.41 13.44 13.43 13.44 13.43 13.43 13.48 13.44 13.41
13.41 13.40 13.39 13.39 13.40 13.42 13.40 13.41 13.40 13.40 13.41 13.43 13.43 13.43 13.42 13.43 13.42 13.42 13.42 13.41 13.42 13.42 13.42 13.42 13.41 13.43 13.43 13.41 13.41 13.40 13.41 13.41 13.41 13.41 13.40 13.39 13.39 13.38 13.38 13.38 13.39 13.41 13.41 13.39 13.40 13.39 13.40 13.40 13.39 13.36 13.39 13.37 13.38 13.40 13.40 13.37 13.40 13.39 13.39 13.39 13.39 13.35 13.37 13.36 13.37 13.37 13.36 13.36 13.38 13.39 13.38 13.37 13.36 13.28 13.14 13.48 13.43
13.38 13.37 13.39 13.38 13.36 13.38 13.39 13.39 13.38 13.38 13.39 13.39 13.39 13.38 13.39 13.39 13.39 13.38 13.39 13.38 13.39 13.39 13.38 13.40 13.39 13.39 13.39 13.40 13.40 13.39 13.40 13.39 13.38 13.38 13.37 13.37 13.35 13.36 13.36 13.34 13.36 13.35 13.35 13.35 13.35 13.34 13.31 13.33 13.35 13.35 13.36 13.35 13.36 13.37 13.36 13.36 13.34 13.38 13.38 13.37 13.35 13.34 13.34 13.34 13.34 13.32 13.30 13.30 13.31 13.34 13.32 13.34 13.35 13.28 13.14 13.48 13.43
13.37 13.35 13.35 13.37 13.35 13.37 13.37 13.38 13.37 13.37 13.37 13.37 13.38 13.37 13.37 13.36 13.38 13.38 13.37 13.37 13.37 13.36 13.36 13.37 13.38 13.36 13.39 13.40 13.41 13.39 13.36 13.36 13.34 13.33 13.31 13.32 13.33 13.35 13.34 13.32 13.32 13.32 13.31 13.31 13.32 13.31 13.31 13.32 13.31 13.31 13.33 13.32 13.32 13.33 13.33 13.34 13.35 13.36 13.36 13.35 13.34 13.33 13.33 13.34 13.33 13.31 13.30 13.29 13.28 13.33 13.32 13.34 13.35 13.35 13.14 13.48 13.29
13.33 13.33 13.35 13.35 13.34 13.32 13.33 13.36 13.37 13.37 13.37 13.35 13.35 13.34 13.34 13.37 13.37 13.36 13.36 13.36 13.35 13.36 13.35 13.36 13.37 13.33 13.30 13.34 13.30 13.29 13.30 13.28 13.29 13.29 13.30 13.26 13.31 13.36 13.32 13.30 13.30 13.30 13.30 13.30 13.29 13.27 13.25 13.24 13.25 13.31 13.33 13.32 13.32 13.33 13.33 13.34 13.35 13.36 13.36 13.35 13.34 13.33 13.33 13.34 13.33 13.31 13.23 13.29 13.28 13.33 13.32 13.32 13.35 13.35 13.35 13.29 13.29
13.32 13.30 13.30 13.29 13.31 13.26 13.30 13.34 13.32 13.33 13.36 13.36 13.34 13.34 13.33 13.34 13.32 13.34 13.34 13.33 13.33 13.33 13.32 13.29 13.31 13.31 13.26 13.26 13.25 13.26 13.25 13.26 13.27 13.29 13.28 13.26 13.31 13.36 13.32 13.30 13.30 13.30 13.30 13.30 13.29 13.27 13.25 13.24 13.25 13.25 13.33 13.32 13.32 13.33 13.33 13.34 13.35 13.36 13.36 13.35 13.34 13.33 13.33 13.34 13.33 13.23 13.23 13.23 13.28 13.33 13.32 13.32 13.32 13.35 13.35 13.29 13.29
13.27 13.28 13.27 13.30 13.32 13.33 13.32 13.28 13.27 13.26 13.28 13.28 13.28 13.26 13.27 13.28 13.27 13.29 13.28 13.29 13.27 13.26 13.26 13.25 13.22 13.23 13.24 13.25 13.26 13.30 13.25 13.26 13.27 13.29 13.28 13.28 13.31 13.36 13.32 13.30 13.30 13.30 13.30 13.30 13.29 13.27 13.25 13.24 13.25 13.25 13.25 13.32 13.32 13.33 13.33 13.34 13.35 13.36 13.36 13.35 13.34 13.33 13.33 13.34 13.23 13.23 13.23 13.23 13.23 13.33 13.32 13.32 13.32 13.35 13.35 13.29 13.29
13.25 13.28 13.27 13.25 13.24 13.26 13.26 13.26 13.26 13.26 13.27 13.27 13.25 13.25 13.26 13.24 13.26 13.26 13.24 13.24 13.23 13.22 13.23 13.25 13.26 13.28 13.28 13.21 13.26 13.30 13.30 13.26 13.27 13.29 13.28 13.28 13.28 13.36 13.32 13.30 13.30 13.30 13.30 13.30 13.29 13.27 13.25 13.24 13.25 13.25 13.25 13.32 13.32 13.33 13.33 13.34 13.35 13.36 13.36 13.35 13.34 13.33 13.33 13.34 13.23 13.23 13.23 13.23 13.23 13.33 13.32 13.32 13.32 13.32 13.35 13.29 13.21
13.21 13.20 13.23 13.22 13.22 13.26 13.25 13.25 13.25 13.28 13.26 13.25 13.25 13.22 13.20 13.19 13.21 13.21 13.20 13.20 13.20 13.23 13.23 13.24 13.20 13.18 13.28 13.21 13.21 13.30 13.30 13.30 13.27 13.29 13.28 13.28 13.28 13.36 13.32 13.30 13.30 13.30 13.30 13.30 13.29 13.27 13.25 13.24 13.25 13.25 13.25 13.32 13.32 13.33 13.33 13.34 13.35 13.36 13.36 13.35 13.34 13.33 13.33 13.34 13.23 13.23 13.23 13.23 13.23 13.33 13.32 13.32 13.32 13.32 13.35 13.29 13.21
13.19 13.19 13.18 13.18 13.17 13.19 13.20 13.23 13.23 13.25 13.24 13.22 13.21 13.20 13.16 13.16 13.18 13.19 13.19 13.20 13.22 13.24 13.20 13.17 13.20 13.18 13.18 13.21 13.21 13.21 13.30 13.30 13.27 13.29 13.28 13.28 13.28 13.36 13.32 13.30 13.30 13.30 13.30 13.30 13.29 13.27 13.25 13.24 13.25 13.25 13.25 13.25 13.32 13.33 13.33 13.34 13.35 13.36 13.36 13.35 13.34 13.33 13.33 13.23 13.23 13.23 13.23 13.23 13.23 13.23 13.32 13.32 13.32 13.32 13.32 13.21 13.21
13.17 13.18 13.18 13.18 13.19 13.16 13.17 13.19 13.16 13.15 13.15 13.14 13.11 13.14 13.13 13.16 13.18 13.19 13.15 13.19 13.15 13.24 13.20 13.17 13.17 13.18 13.18 13.18 13.21 13.21 13.30 13.30 13.27 13.29 13.28 13.28 13.28 13.28 13.32 13.30 13.30 13.30 13.30 13.30 13.29 13.27 13.25 13.24 13.25 13.25 13.25 13.25 13.32 13.33 13.33 13.34 13.35 13.36 13.36 13.35 13.34 13.33 13.33 13.23 13.23 13.23 13.23 13.23 13.23 13.23 13.32 13.32 13.32 13.32 13.32 13.21 13.21
13.12 13.11 13.12 13.11 13.11 13.08 13.07 13.09 13.11 13.11 13.11 13.10 13.12 13.12 13.10 13.06 13.10 13.13 13.13 13.19 13.15 13.15 13.20 13.17 13.17 13.17 13.18 13.18 13.21 13.21 13.21 13.30 13.30 13.29 13.28 13.28 13.28 13.28 13.32 13.30 13.30 13.30 13.30 13.30 13.29 13.27 13.25 13.24 13.25 13.25 13.25 13.25 13.32 13.33 13.33 13.34 13.35 13.36 13.36 13.35 13.34 13.33 13.33 13.23 13.23 13.23 13.23 13.23 13.23 13.23 13.32 13.32 13.32 13.32 13.32 13.21 13.21
13.07 13.07 13.08 13.07 13.07 13.07 13.07 13.07 13.08 13.07 13.08 13.11 13.11 13.09 13.10 13.10 13.10 13.13 13.13 13.13 13.15 13.15 13.15 13.17 13.17 13.17 13.18 13.18 13.18 13.21 13.21 13.30 13.30 13.29 13.28 13.28 13.28 13.28 13.32 13.30 13.30 13.30 13.30 13.30 13.29 13.27 13.25 13.24 13.25 13.25 13.25 13.25 13.25 13.33 13.33 13.34 13.35 13.36 13.36 13.35 13.34 13.33 13.23 13.23 13.23 13.23 13.23 13.23 13.23 13.23 13.23 13.32 13.32 13.32 13.32 13.21 13.21
13.00 12.99 13.05 13.04 13.04 13.04 13.04 13.04 13.04 13.06 13.07 13.07 13.08 13.09 13.10 13.10 13.10 13.13 13.13 13.13 13.13 13.15 13.15 13.17 13.17 13.17 13.17 13.18 13.18 13.21 13.21 13.21 13.30 13.29 13.28 13.28 13.28 13.28 13.28 13.30 13.30 13.30 13.30 13.30 13.29 13.27 13.25 13.24 13.25 13.25 13.25 13.25 13.25 13.33 13.33 13.34 13.35 13.36 13.36 13.35 13.34 13.33 13.23 13.23 13.23 13.23 13.23 13.23 13.23 13.23 13.23 13.32 13.32 13.32 13.32 13.21 13.21
13.00 13.02 13.03 13.01 13.02 13.01 13.02 13.04 13.04 13.06 13.07 13.07 13.08 13.08 13.10 13.10 13.10 13.10 13.13 13.13 13.13 13.15 13.15 13.17 13.17 13.17 13.17 13.18 13.18 13.18 13.21 13.21 13.30 13.30 13.28 13.28 13.28 13.28 13.28 13.30 13.30 13.30 13.30 13.30 13.29 13.27 13.25 13.24 13.25 13.25 13.25 13.25 13.25 13.25 13.25 13.25 13.25 13.25 13.23 13.23 13.23 13.23 13.23 13.23 13.23 13.23 13.23 13.23 13.23 13.23 13.23 13.23 13.23 13.23 13.23 13.34 13.34
