Files/BOM data/2019071520190715.grid
ncols 839
nrows 679
xllcenter 112.0500
yllcenter -43.9500
cellsize 0.0500
nodata_value 99999.90
[rows 238 to 271 of 679, columns 616 to 692 of 839]
16.89 16.89 16.97 16.88 16.91 16.94 17.12 17.19 17.20 17.19 17.18 17.18 17.18 17.18 17.17 17.18 17.18 17.17 17.17 17.15 17.16 17.17 17.16 17.16 17.17 17.17 17.18 17.19 17.19 17.19 17.19 17.20 17.19 17.17 17.17 17.19 17.19 17.17 17.12 17.06 17.09 17.10 17.09 17.11 17.09 17.11 17.11 17.11 17.10 17.09 17.11 17.11 17.12 17.06 17.05 17.04 17.04 17.06 17.08 17.07 17.04 17.07 17.06 17.06 17.08 17.08 17.06 17.03 17.02 17.03 17.04 16.99 16.98 17.00 16.99 17.05 17.05
16.84 16.76 17.01 17.00 16.96 16.96 17.14 17.16 17.17 17.18 17.17 17.16 17.16 17.16 17.14 17.14 17.15 17.15 17.15 17.15 17.15 17.15 17.13 17.14 17.15 17.15 17.16 17.19 17.18 17.18 17.18 17.18 17.17 17.16 17.16 17.13 17.16 17.15 17.11 17.11 17.02 17.06 17.08 17.09 17.10 17.09 17.08 17.08 17.08 17.08 17.09 17.08 17.09 17.05 17.01 17.00 17.00 17.01 17.05 17.06 17.06 17.05 17.04 17.05 17.05 17.06 17.05 17.02 17.02 16.99 17.00 16.93 16.90 16.91 16.93 17.00 17.02
16.79 16.80 17.02 17.11 17.14 17.14 17.13 17.14 17.15 17.14 17.14 17.14 17.13 17.12 17.12 17.12 17.12 17.12 17.11 17.12 17.13 17.12 17.11 17.12 17.13 17.13 17.15 17.17 17.17 17.16 17.14 17.13 17.14 17.15 17.14 17.15 17.14 17.14 17.10 17.05 17.01 17.04 17.04 17.07 17.07 17.08 17.06 17.06 17.06 17.08 17.07 17.07 17.07 17.03 17.00 16.98 16.96 16.96 16.97 17.01 17.04 17.04 17.02 17.02 17.01 17.02 17.02 17.01 16.98 16.97 17.00 16.94 16.90 17.00 17.02 16.95 17.02
16.87 16.78 16.98 17.13 17.13 17.12 17.12 17.11 17.12 17.12 17.12 17.13 17.12 17.11 17.10 17.11 17.11 17.09 17.08 17.08 17.10 17.10 17.11 17.12 17.11 17.11 17.11 17.13 17.11 17.12 17.11 17.12 17.13 17.12 17.11 17.11 17.13 17.10 17.09 17.07 17.05 17.05 17.05 17.07 17.07 17.06 17.05 17.03 17.03 17.06 17.06 17.06 17.05 17.00 17.02 16.96 16.95 16.93 16.93 16.98 17.01 17.02 17.00 17.01 16.98 16.99 17.00 17.00 16.99 16.94 16.97 16.96 16.94 16.97 16.98 16.96 17.02
16.83 16.79 17.00 17.09 17.10 17.10 17.10 17.09 17.09 17.08 17.10 17.09 17.09 17.08 17.08 17.09 17.08 17.08 17.07 17.07 17.06 17.06 17.08 17.09 17.08 17.08 17.07 17.08 17.08 17.08 17.07 17.10 17.09 17.08 17.08 17.06 17.09 17.09 17.07 17.05 17.09 17.05 17.05 17.07 17.05 17.04 17.04 17.01 17.03 17.03 17.03 17.09 17.00 16.97 16.98 16.97 16.92 16.93 16.95 16.97 16.97 17.00 16.98 16.99 16.97 16.97 16.98 16.98 16.93 16.91 16.92 16.94 16.94 16.94 16.92 16.92 17.01
16.65 16.53 16.92 17.09 17.09 17.08 17.08 17.09 17.08 17.07 17.07 17.08 17.08 17.07 17.07 17.07 17.07 17.07 17.05 17.03 17.02 17.03 17.05 17.03 17.04 17.05 17.04 17.04 17.06 17.06 17.05 17.05 17.05 17.05 17.05 17.04 17.05 17.08 17.06 17.03 17.03 17.05 17.03 17.04 17.03 17.01 17.02 17.04 17.04 17.02 17.01 17.03 16.99 16.96 16.95 16.93 16.92 16.95 16.96 16.95 16.96 17.01 16.99 16.96 16.94 16.93 16.95 16.94 16.92 16.89 16.90 16.93 16.95 16.94 16.87 16.85 16.93
16.44 16.39 16.81 17.06 17.05 17.03 17.06 17.07 17.07 17.07 17.06 17.05 17.06 17.05 17.06 17.07 17.06 17.07 17.05 17.01 17.01 16.99 17.01 17.02 17.02 17.03 17.03 17.03 17.04 17.04 17.04 17.05 17.04 17.04 17.05 17.06 17.06 17.04 17.03 17.02 17.02 17.04 17.00 17.03 17.00 17.00 17.01 17.02 17.00 17.02 17.09 17.00 16.97 16.95 16.90 16.89 16.91 16.94 16.94 16.93 16.94 16.99 16.94 16.96 16.94 16.91 16.92 16.92 16.91 16.90 16.89 16.90 16.91 16.92 16.91 16.86 16.84
16.70 16.66 16.84 16.81 17.03 17.03 17.04 17.05 17.04 17.04 17.04 17.04 17.05 17.04 17.04 17.05 17.05 17.04 17.02 16.98 16.98 16.98 17.00 17.00 17.00 17.01 17.00 17.00 17.01 17.02 17.01 17.02 17.02 17.03 17.03 17.04 17.02 17.00 17.01 17.01 17.01 16.99 16.97 16.99 16.99 16.99 16.99 16.99 16.97 17.00 17.06 17.06 16.94 16.93 16.90 16.86 16.89 16.91 16.89 16.88 17.06 17.07 16.86 16.95 16.92 16.89 16.90 16.90 16.81 16.88 16.87 16.91 16.91 16.85 16.84 16.84 16.80
16.73 16.79 16.75 16.90 16.88 17.00 17.01 17.02 17.01 16.83 17.00 17.01 17.02 17.02 17.02 17.02 17.01 17.01 17.01 16.99 16.98 16.99 16.99 16.99 16.98 16.99 16.99 16.98 16.98 16.99 17.00 16.99 17.00 17.01 17.03 17.01 16.98 16.98 17.00 16.97 16.97 16.95 16.94 16.95 16.96 16.96 16.96 16.96 16.95 16.97 16.97 17.00 16.93 16.90 16.86 16.83 16.88 16.88 16.96 16.97 16.99 16.94 16.95 16.91 16.90 16.88 16.85 16.82 16.84 16.83 16.86 16.86 16.89 16.88 16.85 16.80 16.78
16.81 16.79 16.80 16.85 16.91 16.89 16.97 16.97 16.96 16.97 16.98 16.98 16.99 16.99 17.00 17.00 17.00 16.99 16.97 16.97 16.96 16.97 16.97 16.96 16.95 16.95 16.95 16.95 16.96 16.97 16.97 16.98 16.98 16.97 16.98 16.97 16.97 16.99 17.00 16.98 16.98 16.97 16.96 16.93 16.94 16.95 16.95 16.95 16.93 16.93 16.94 16.93 16.93 16.84 16.85 16.84 16.86 16.93 16.97 17.03 16.86 16.91 16.92 16.92 16.92 16.90 16.88 16.86 16.86 16.84 16.83 16.85 16.87 16.88 16.86 16.80 16.81
16.66 16.81 16.84 16.91 16.90 16.92 16.92 16.95 16.94 16.94 16.96 16.96 16.96 16.96 16.96 16.97 16.98 16.97 16.95 16.94 16.95 16.94 16.92 16.91 16.83 16.91 16.92 16.93 16.95 16.96 16.96 16.96 16.95 16.94 16.95 16.95 16.95 16.99 16.98 16.96 16.95 16.94 16.92 16.89 16.91 16.92 16.93 16.92 16.91 16.91 16.91 16.91 16.91 16.83 16.80 16.81 16.84 16.90 16.90 16.93 16.92 16.86 16.88 16.89 16.90 16.90 16.88 16.81 16.84 16.79 16.80 16.82 16.87 16.88 16.85 16.82 16.84
16.81 16.83 16.92 16.84 16.91 16.91 16.95 16.94 16.92 16.93 16.93 16.93 16.94 16.94 16.93 16.96 16.96 16.95 16.94 16.96 16.92 16.92 16.91 16.90 16.91 16.90 16.90 16.91 16.92 16.94 16.93 16.93 16.93 16.90 16.93 16.94 16.93 16.94 16.94 16.94 16.94 16.93 16.93 16.92 16.92 16.92 16.90 16.91 16.93 16.91 16.91 16.89 16.91 16.83 16.79 16.83 16.84 16.85 16.87 16.87 16.90 16.88 16.89 16.89 16.88 16.86 16.83 16.84 16.76 16.75 16.76 16.82 16.85 16.85 16.83 16.78 16.80
16.80 16.83 16.78 16.75 16.81 16.87 16.92 16.91 16.89 16.90 16.91 16.90 16.92 16.92 16.92 16.93 16.94 16.93 16.94 16.92 16.90 16.90 16.89 16.88 16.88 16.89 16.89 16.89 16.90 16.91 16.90 16.89 16.90 16.92 16.90 16.92 16.92 16.91 16.91 16.91 16.92 16.90 16.91 16.93 16.92 16.90 16.87 16.89 16.86 16.86 16.87 16.86 16.85 16.80 16.79 16.79 16.77 16.82 16.83 16.85 16.87 16.88 16.86 16.87 16.86 16.82 16.86 16.80 16.78 16.75 16.78 16.80 16.80 16.82 16.82 16.76 16.76
16.84 16.76 16.77 16.78 16.78 16.82 16.83 16.86 16.87 16.87 16.87 16.86 16.88 16.89 16.90 16.91 16.91 16.92 16.91 16.90 16.89 16.88 16.88 16.87 16.87 16.87 16.87 16.87 16.87 16.86 16.88 16.88 16.88 16.87 16.89 16.89 16.89 16.89 16.88 16.88 16.89 16.90 16.90 16.90 16.89 16.86 16.86 16.85 16.84 16.85 16.85 16.83 16.82 16.79 16.75 16.77 16.81 16.76 16.78 16.83 16.83 16.87 16.84 16.84 16.83 16.84 16.87 16.80 16.76 16.71 16.73 16.78 16.79 16.82 16.76 16.78 16.77
16.80 16.78 16.76 16.76 16.76 16.77 16.77 16.82 16.82 16.85 16.84 16.83 16.84 16.87 16.86 16.86 16.86 16.87 16.89 16.87 16.86 16.86 16.86 16.86 16.85 16.84 16.84 16.85 16.85 16.85 16.85 16.87 16.88 16.87 16.86 16.86 16.85 16.85 16.86 16.85 16.87 16.86 16.87 16.86 16.86 16.85 16.84 16.83 16.82 16.82 16.83 16.84 16.83 16.79 16.75 16.73 16.77 16.75 16.75 16.79 16.82 16.83 16.81 16.82 16.81 16.81 16.83 16.81 16.77 16.71 16.72 16.76 16.76 16.79 16.73 16.74 16.76
16.65 16.59 16.69 16.71 16.74 16.74 16.76 16.72 16.78 16.82 16.77 16.81 16.79 16.78 16.67 16.78 16.83 16.84 16.86 16.86 16.85 16.85 16.85 16.85 16.84 16.83 16.83 16.83 16.84 16.84 16.83 16.84 16.85 16.85 16.81 16.83 16.84 16.83 16.83 16.83 16.84 16.83 16.84 16.85 16.85 16.83 16.84 16.82 16.81 16.78 16.78 16.79 16.79 16.77 16.72 16.69 16.70 16.72 16.73 16.79 16.79 16.80 16.81 16.82 16.78 16.76 16.80 16.74 16.68 16.69 16.70 16.73 16.73 16.74 16.65 16.72 16.74
16.53 16.44 16.52 16.70 16.70 16.69 16.71 16.74 16.71 16.77 16.69 16.66 16.68 16.76 16.59 16.68 16.78 16.81 16.82 16.84 16.83 16.83 16.83 16.83 16.82 16.81 16.81 16.81 16.81 16.81 16.80 16.80 16.83 16.84 16.80 16.81 16.81 16.80 16.81 16.81 16.81 16.82 16.82 16.80 16.80 16.81 16.83 16.79 16.79 16.77 16.78 16.78 16.80 16.78 16.73 16.67 16.66 16.70 16.72 16.76 16.79 16.80 16.79 16.80 16.74 16.70 16.73 16.69 16.67 16.66 16.67 16.72 16.72 16.67 16.64 16.68 16.66
16.38 16.58 16.61 16.63 16.69 16.68 16.71 16.70 16.70 16.75 16.67 16.62 16.66 16.74 16.61 16.55 16.73 16.78 16.80 16.81 16.81 16.82 16.81 16.81 16.81 16.81 16.78 16.79 16.80 16.80 16.79 16.77 16.77 16.80 16.77 16.79 16.79 16.78 16.78 16.79 16.80 16.79 16.79 16.79 16.76 16.79 16.79 16.78 16.77 16.76 16.76 16.77 16.81 16.72 16.69 16.64 16.63 16.63 16.70 16.74 16.76 16.77 16.75 16.75 16.76 16.71 16.69 16.68 16.67 16.69 16.71 16.70 16.71 16.70 16.66 16.74 16.68
16.46 16.52 16.58 16.56 16.62 16.65 16.66 16.66 16.69 16.72 16.73 16.72 16.67 16.63 16.53 16.50 16.60 16.69 16.75 16.77 16.78 16.78 16.78 16.78 16.79 16.79 16.77 16.76 16.77 16.77 16.77 16.77 16.75 16.76 16.77 16.78 16.76 16.76 16.76 16.77 16.77 16.77 16.77 16.77 16.74 16.75 16.77 16.77 16.76 16.76 16.76 16.77 16.78 16.70 16.65 16.65 16.61 16.60 16.67 16.73 16.75 16.74 16.74 16.74 16.72 16.70 16.67 16.70 16.66 16.62 16.66 16.68 16.70 16.69 16.68 16.71 16.70
16.47 16.55 16.61 16.61 16.67 16.63 16.60 16.64 16.65 16.69 16.71 16.70 16.60 16.56 16.57 16.54 16.61 16.67 16.72 16.74 16.75 16.75 16.76 16.76 16.77 16.77 16.76 16.76 16.76 16.75 16.75 16.74 16.72 16.73 16.79 16.77 16.75 16.75 16.73 16.73 16.73 16.73 16.73 16.73 16.74 16.72 16.74 16.74 16.73 16.74 16.75 16.75 16.75 16.70 16.65 16.62 16.63 16.61 16.67 16.65 16.70 16.70 16.70 16.70 16.68 16.67 16.66 16.67 16.59 16.57 16.60 16.64 16.66 16.67 16.65 16.63 16.58
16.48 16.59 16.60 16.62 16.64 16.63 16.62 16.65 16.65 16.65 16.68 16.68 16.63 16.57 16.55 16.58 16.47 16.55 16.65 16.70 16.73 16.74 16.75 16.75 16.74 16.75 16.75 16.75 16.75 16.74 16.75 16.73 16.70 16.72 16.74 16.72 16.69 16.68 16.68 16.68 16.68 16.69 16.70 16.70 16.71 16.71 16.71 16.72 16.72 16.74 16.73 16.75 16.76 16.76 16.66 16.62 16.62 16.60 16.64 16.65 16.68 16.68 16.68 16.65 16.64 16.63 16.66 16.65 16.55 16.54 16.57 16.62 16.62 16.64 16.62 16.58 16.63
16.50 16.43 16.48 16.55 16.61 16.59 16.61 16.60 16.63 16.63 16.66 16.61 16.55 16.59 16.54 16.53 16.55 16.55 16.58 16.68 16.69 16.70 16.72 16.73 16.72 16.72 16.71 16.72 16.73 16.73 16.73 16.71 16.71 16.68 16.68 16.67 16.68 16.68 16.66 16.66 16.66 16.67 16.67 16.67 16.69 16.70 16.68 16.69 16.68 16.70 16.68 16.70 16.73 16.72 16.65 16.62 16.62 16.59 16.63 16.65 16.67 16.70 16.66 16.64 16.64 16.59 16.61 16.61 16.55 16.52 16.57 16.61 16.60 16.62 16.62 16.62 16.63
16.46 16.55 16.57 16.57 16.58 16.60 16.58 16.60 16.61 16.66 16.65 16.60 16.46 16.54 16.53 16.46 16.50 16.61 16.60 16.62 16.59 16.68 16.62 16.71 16.70 16.70 16.70 16.71 16.71 16.71 16.71 16.71 16.69 16.65 16.69 16.69 16.67 16.66 16.65 16.67 16.66 16.65 16.65 16.66 16.67 16.68 16.66 16.68 16.67 16.68 16.67 16.70 16.70 16.70 16.65 16.63 16.60 16.58 16.61 16.65 16.68 16.70 16.68 16.64 16.63 16.60 16.57 16.56 16.53 16.55 16.55 16.57 16.59 16.58 16.56 16.59 16.60
16.46 16.47 16.56 16.56 16.53 16.54 16.60 16.58 16.59 16.63 16.62 16.59 16.52 16.51 16.50 16.46 16.49 16.56 16.54 16.43 16.51 16.64 16.63 16.65 16.62 16.65 16.66 16.67 16.68 16.69 16.67 16.66 16.64 16.66 16.67 16.66 16.65 16.64 16.64 16.64 16.64 16.64 16.65 16.64 16.65 16.66 16.68 16.67 16.65 16.67 16.66 16.68 16.69 16.67 16.63 16.56 16.59 16.55 16.56 16.61 16.64 16.65 16.64 16.62 16.65 16.59 16.52 16.54 16.52 16.54 16.52 16.57 16.58 16.54 16.52 16.57 16.54
16.45 16.53 16.53 16.52 16.53 16.52 16.53 16.55 16.53 16.53 16.59 16.61 16.50 16.35 16.47 16.41 16.38 16.48 16.51 16.44 16.48 16.58 16.62 16.62 16.62 16.63 16.64 16.65 16.66 16.67 16.63 16.62 16.66 16.65 16.65 16.65 16.64 16.63 16.62 16.61 16.63 16.63 16.63 16.63 16.62 16.64 16.65 16.65 16.62 16.64 16.63 16.64 16.63 16.61 16.58 16.54 16.51 16.50 16.52 16.56 16.58 16.61 16.60 16.59 16.61 16.56 16.46 16.47 16.51 16.53 16.53 16.55 16.55 16.55 16.53 16.51 16.46
16.39 16.53 16.53 16.52 16.53 16.55 16.51 16.50 16.53 16.48 16.51 16.54 16.50 16.41 16.32 16.44 16.38 16.47 16.53 16.49 16.52 16.55 16.59 16.58 16.60 16.61 16.63 16.65 16.65 16.65 16.61 16.63 16.65 16.65 16.63 16.63 16.62 16.63 16.62 16.60 16.61 16.61 16.63 16.61 16.60 16.61 16.62 16.63 16.59 16.62 16.58 16.61 16.63 16.61 16.61 16.52 16.52 16.50 16.50 16.53 16.56 16.59 16.60 16.58 16.56 16.50 16.47 16.45 16.46 16.51 16.51 16.51 16.51 16.54 16.51 16.51 16.42
16.52 16.55 16.52 16.45 16.48 16.49 16.49 16.50 16.53 16.51 16.53 16.57 16.58 16.57 16.48 16.54 16.55 16.54 16.50 16.54 16.57 16.57 16.58 16.58 16.59 16.61 16.63 16.63 16.62 16.62 16.59 16.61 16.63 16.62 16.61 16.62 16.62 16.61 16.59 16.59 16.59 16.58 16.58 16.60 16.59 16.58 16.59 16.60 16.59 16.59 16.58 16.60 16.61 16.59 16.57 16.51 16.48 16.46 16.51 16.52 16.56 16.56 16.55 16.53 16.54 16.48 16.40 16.43 16.44 16.48 16.50 16.52 16.50 16.53 16.49 16.52 16.47
16.49 16.47 16.44 16.50 16.49 16.49 16.48 16.49 16.46 16.41 16.49 16.52 16.49 16.53 16.57 16.57 16.55 16.56 16.50 16.46 16.44 16.52 16.52 16.57 16.59 16.57 16.60 16.61 16.60 16.59 16.56 16.60 16.60 16.60 16.60 16.59 16.59 16.58 16.57 16.56 16.57 16.57 16.57 16.58 16.58 16.57 16.57 16.58 16.58 16.55 16.58 16.59 16.59 16.58 16.51 16.49 16.48 16.44 16.47 16.50 16.51 16.52 16.55 16.51 16.51 16.47 16.47 16.39 16.39 16.43 16.47 16.49 16.49 16.49 16.47 16.47 16.39
16.47 16.42 16.46 16.43 16.42 16.45 16.46 16.41 16.32 16.37 16.41 16.42 16.44 16.48 16.56 16.57 16.55 16.52 16.49 16.50 16.46 16.44 16.51 16.53 16.55 16.55 16.55 16.55 16.56 16.54 16.55 16.57 16.56 16.56 16.59 16.57 16.56 16.55 16.53 16.51 16.54 16.54 16.55 16.55 16.55 16.54 16.53 16.54 16.54 16.54 16.52 16.55 16.54 16.56 16.55 16.52 16.49 16.45 16.44 16.45 16.48 16.49 16.52 16.52 16.50 16.50 16.51 16.40 16.37 16.44 16.49 16.49 16.47 16.49 16.48 16.43 16.41
16.42 16.48 16.44 16.45 16.46 16.43 16.47 16.41 16.37 16.34 16.23 16.21 16.36 16.44 16.50 16.49 16.51 16.53 16.51 16.50 16.44 16.32 16.32 16.51 16.54 16.54 16.52 16.51 16.53 16.53 16.55 16.55 16.55 16.55 16.56 16.55 16.54 16.54 16.52 16.51 16.52 16.52 16.50 16.52 16.53 16.53 16.53 16.53 16.52 16.50 16.49 16.52 16.51 16.53 16.52 16.49 16.48 16.48 16.40 16.43 16.46 16.49 16.50 16.48 16.48 16.48 16.45 16.43 16.42 16.46 16.46 16.46 16.47 16.47 16.46 16.41 16.40
16.42 16.35 16.43 16.40 16.43 16.42 16.41 16.40 16.38 16.26 16.07 16.29 16.42 16.42 16.38 16.40 16.46 16.49 16.50 16.50 16.48 16.37 16.44 16.45 16.45 16.41 16.35 16.37 16.46 16.50 16.50 16.51 16.52 16.52 16.52 16.52 16.51 16.50 16.49 16.50 16.51 16.51 16.49 16.44 16.48 16.50 16.51 16.51 16.47 16.48 16.51 16.49 16.48 16.48 16.49 16.47 16.45 16.45 16.42 16.40 16.47 16.48 16.48 16.47 16.49 16.46 16.42 16.39 16.39 16.44 16.43 16.39 16.41 16.45 16.42 16.42 16.40
16.37 16.34 16.41 16.33 16.38 16.41 16.42 16.30 16.30 16.22 16.20 16.31 16.30 16.41 16.42 16.42 16.39 16.43 16.49 16.48 16.48 16.35 16.35 16.39 16.40 16.32 16.39 16.44 16.40 16.37 16.49 16.49 16.51 16.48 16.40 16.46 16.50 16.47 16.41 16.42 16.49 16.47 16.45 16.47 16.46 16.40 16.38 16.38 16.44 16.41 16.48 16.47 16.46 16.47 16.45 16.45 16.44 16.43 16.38 16.38 16.43 16.44 16.45 16.47 16.46 16.43 16.39 16.36 16.32 16.36 16.36 16.39 16.42 16.41 16.41 16.43 16.41
16.35 16.26 16.39 16.35 16.36 16.38 16.41 16.27 16.31 16.23 16.25 16.26 16.32 16.36 16.37 16.38 16.31 16.30 16.37 16.42 16.38 16.29 16.28 16.26 16.22 16.26 16.34 16.23 16.23 16.31 16.45 16.47 16.48 16.48 16.47 16.48 16.45 16.42 16.42 16.42 16.39 16.31 16.30 16.41 16.40 16.45 16.44 16.45 16.43 16.44 16.44 16.43 16.40 16.44 16.37 16.40 16.42 16.42 16.34 16.35 16.40 16.40 16.40 16.42 16.43 16.41 16.40 16.40 16.34 16.39 16.40 16.39 16.40 16.38 16.36 16.39 16.43
16.30 16.32 16.37 16.35 16.35 16.32 16.34 16.32 16.24 16.25 16.25 16.30 16.31 16.27 16.38 16.39 16.29 16.31 16.22 16.38 16.26 16.27 16.19 16.14 16.04 16.31 16.26 16.14 16.12 16.26 16.26 16.28 16.33 16.44 16.45 16.42 16.39 16.32 16.35 16.38 16.41 16.35 16.31 16.36 16.33 16.40 16.40 16.42 16.40 16.41 16.40 16.44 16.41 16.37 16.35 16.36 16.34 16.39 16.38 16.36 16.36 16.37 16.37 16.39 16.40 16.35 16.41 16.38 16.33 16.38 16.38 16.39 16.39 16.40 16.38 16.39 16.39
