Files/BOM data/2019073120190731 (1).grid
ncols 839
nrows 679
xllcenter 112.0500
yllcenter -43.9500
cellsize 0.0500
nodata_value 99999.90
[rows 408 to 441 of 679, columns 693 to 769 of 839]
14.21 14.11 14.01 14.38 14.28 14.44 14.27 14.30 14.67 14.65 14.34 14.47 14.64 14.55 14.37 14.43 14.47 14.52 14.68 14.30 14.23 14.31 14.15 13.41 14.13 13.89 14.00 14.25 13.69 14.57 14.02 14.20 13.91 13.55 13.76 13.93 14.03 14.06 14.45 14.60 14.40 14.56 14.34 14.20 14.20 14.36 14.20 14.53 14.69 14.50 14.28 14.19 14.31 14.50 14.42 14.63 14.67 14.70 14.58 14.74 14.66 14.61 14.43 14.38 14.71 14.74 14.66 14.53 14.52 14.23 13.67 13.59 13.16 13.98 14.02 14.18 14.37
14.34 14.30 14.29 14.19 14.40 14.20 14.48 14.52 14.41 14.55 14.41 14.44 14.62 14.56 14.46 14.39 14.25 14.56 14.59 14.37 14.34 14.11 14.21 13.80 14.29 13.97 13.58 14.18 14.22 14.10 13.46 13.55 14.14 13.75 14.17 14.14 14.03 13.99 13.81 13.77 13.98 13.17 14.34 14.38 14.49 14.37 13.76 13.74 14.13 14.36 14.36 14.12 14.52 14.51 14.37 14.57 14.49 14.62 14.67 14.67 14.65 14.61 14.60 14.63 14.72 14.73 14.73 14.71 14.68 14.36 14.15 14.07 13.50 13.79 14.04 13.76 13.84
14.34 14.23 14.40 14.37 14.39 14.38 14.48 14.60 14.52 14.71 14.44 14.59 14.45 14.47 14.44 14.37 14.62 14.58 14.27 14.55 14.51 14.35 14.52 14.10 14.26 14.03 13.46 14.09 13.48 13.62 14.45 13.88 14.23 14.29 14.13 14.10 13.78 13.67 14.20 14.02 13.50 13.47 13.25 13.15 13.88 13.79 13.50 13.46 14.08 13.94 13.96 14.12 14.22 14.12 14.47 14.47 14.50 14.57 14.57 14.60 14.60 14.61 14.62 14.64 14.67 14.70 14.70 14.67 14.66 14.25 14.13 13.65 13.35 14.11 14.33 13.89 14.06
14.09 13.85 14.38 14.30 14.40 14.44 14.29 14.40 14.52 14.61 14.61 14.67 14.61 14.48 14.38 14.44 14.50 14.46 14.45 14.58 14.49 14.14 14.17 14.37 13.86 14.04 13.62 14.08 14.16 14.33 14.44 14.30 14.14 13.88 14.11 13.76 13.44 13.62 13.28 12.64 12.69 12.93 13.49 13.60 13.98 14.19 13.87 14.01 13.78 14.01 13.68 14.15 14.04 14.31 14.31 14.39 14.54 14.55 14.56 14.58 14.57 14.59 14.59 14.60 14.62 14.64 14.68 14.57 14.52 14.38 14.19 14.37 14.61 14.60 14.35 14.22 14.36
14.04 13.82 14.14 14.08 14.04 14.22 14.36 14.39 14.27 14.40 14.56 14.44 14.18 14.24 14.33 14.28 14.16 14.38 14.37 14.23 14.26 14.13 13.94 13.76 13.67 13.96 14.30 14.52 14.43 13.97 14.21 14.15 14.30 14.10 14.13 13.63 13.77 13.52 13.45 13.14 13.31 13.15 13.44 13.58 13.90 14.34 14.14 13.42 13.71 13.28 13.62 14.09 14.04 14.29 14.25 14.26 14.51 14.53 14.53 14.54 14.57 14.56 14.56 14.54 14.55 14.63 14.61 14.62 14.58 14.52 14.64 14.65 14.59 14.56 14.09 14.18 14.28
13.68 13.92 14.14 14.04 14.16 13.99 14.33 14.30 14.55 14.43 14.33 14.41 14.61 14.45 14.37 14.23 14.06 14.32 14.38 14.41 14.28 14.37 13.98 14.21 14.06 14.31 13.85 13.85 14.11 13.49 13.61 13.46 14.07 14.02 14.12 13.13 13.41 12.93 12.88 12.90 13.12 12.93 13.31 13.05 13.80 14.21 13.95 13.86 13.81 13.59 13.66 13.78 14.06 14.28 14.04 14.33 14.43 14.43 14.46 14.54 14.55 14.56 14.54 14.61 14.59 14.62 14.58 14.57 14.61 14.62 14.61 14.53 14.57 14.51 14.18 14.35 14.06
13.95 14.13 13.91 13.79 14.20 14.12 14.26 14.31 14.45 14.34 14.09 14.44 14.48 14.17 14.17 14.33 14.25 14.10 14.21 14.36 14.19 14.28 14.27 14.20 13.79 14.28 14.29 14.33 13.99 14.17 14.30 13.99 14.01 14.03 13.99 13.46 12.87 13.17 13.22 14.05 13.62 13.09 13.48 13.53 13.12 13.92 13.71 13.53 13.86 13.37 14.12 14.28 14.28 14.13 14.00 14.31 14.27 14.43 14.50 14.52 14.52 14.55 14.56 14.60 14.57 14.60 14.60 14.60 14.59 14.58 14.58 14.50 14.53 14.47 14.47 14.50 13.65
13.81 14.16 14.08 14.14 14.31 14.19 14.42 14.33 14.41 14.56 14.39 14.14 14.38 13.99 14.10 14.09 14.23 14.19 14.39 14.49 14.36 14.26 14.41 14.22 14.15 14.33 14.15 14.09 14.27 14.22 13.87 13.97 13.76 14.44 14.25 14.00 13.73 13.91 13.66 14.22 14.05 13.74 12.88 13.85 13.20 13.59 13.79 13.80 14.03 13.95 14.14 14.08 14.07 14.26 14.14 14.07 14.19 14.28 14.43 14.49 14.50 14.51 14.56 14.58 14.54 14.55 14.57 14.58 14.59 14.58 14.48 14.49 14.49 14.25 14.22 14.17 14.02
14.06 14.09 13.80 14.28 14.28 14.43 14.37 14.15 14.21 14.35 14.23 14.36 14.39 14.29 14.05 13.96 14.10 14.10 14.32 14.20 13.97 14.18 14.20 14.23 14.29 14.36 14.21 13.83 14.18 13.67 14.20 14.06 13.67 13.68 14.12 13.90 13.95 13.52 13.98 13.51 14.36 13.87 14.37 14.20 13.87 13.51 13.42 13.81 13.65 14.04 13.87 14.07 14.18 14.27 14.13 14.29 14.39 14.40 14.44 14.46 14.45 14.46 14.54 14.58 14.56 14.56 14.56 14.55 14.58 14.50 14.54 14.58 14.45 14.44 14.28 14.22 14.06
14.07 14.15 13.97 14.19 13.89 14.27 14.34 14.28 14.22 14.26 14.31 14.37 14.26 14.27 14.14 13.87 14.05 13.96 13.98 14.00 14.26 14.31 14.36 14.45 14.35 14.37 14.06 14.21 13.88 14.27 14.02 13.75 13.90 13.39 14.15 14.06 13.52 13.74 14.00 13.52 14.14 13.25 14.00 14.19 14.25 14.02 13.72 13.34 13.56 14.01 13.63 14.03 14.23 14.30 14.41 14.26 14.29 14.34 14.37 14.44 14.43 14.47 14.46 14.57 14.53 14.52 14.53 14.47 14.53 14.53 14.54 14.55 14.53 14.35 14.40 14.32 14.12
14.23 14.18 14.28 14.32 14.14 14.30 14.26 14.29 14.09 13.87 14.21 14.32 14.29 14.09 14.03 13.68 13.80 13.81 13.98 13.81 13.71 13.94 14.18 14.28 14.06 13.99 14.45 14.38 14.33 14.08 13.94 14.30 13.73 13.81 13.67 13.81 14.25 13.87 13.94 14.07 14.03 14.07 14.05 13.82 14.01 13.80 14.11 13.87 13.49 13.67 13.94 14.05 14.16 14.26 14.13 14.28 14.30 14.33 14.40 14.36 14.46 14.37 14.23 14.44 14.47 14.50 14.51 14.50 14.49 14.42 14.39 14.33 14.49 14.46 14.26 14.24 14.21
14.02 14.00 14.08 14.33 14.23 14.29 14.22 14.41 14.29 14.19 13.99 14.35 14.05 13.94 13.81 14.14 13.89 14.01 13.92 14.15 14.08 13.75 14.28 14.25 14.53 14.45 14.39 14.16 14.25 14.06 14.21 14.10 13.85 13.41 13.10 13.96 13.60 13.58 13.96 14.24 14.33 14.11 14.25 14.26 13.92 13.70 12.99 13.72 13.55 13.39 13.59 14.09 14.08 14.17 14.21 14.12 14.13 14.29 14.33 14.33 14.46 14.22 14.47 14.50 14.49 14.49 14.50 14.47 14.30 14.29 14.35 14.34 14.26 14.35 14.26 14.30 14.31
13.70 13.86 13.95 14.16 14.16 14.11 14.14 14.31 14.36 14.38 14.19 14.40 14.00 14.31 14.08 14.02 14.11 13.96 13.96 13.74 13.66 13.63 13.12 13.79 13.75 14.08 14.04 14.02 14.04 13.89 13.47 13.35 13.80 13.19 13.54 13.10 13.76 13.91 13.81 13.99 13.48 13.35 13.20 13.35 13.26 13.20 13.22 12.89 13.43 12.41 13.22 13.43 14.10 14.15 13.91 14.19 14.13 13.99 14.32 14.22 14.33 14.33 14.48 14.42 14.45 14.45 14.41 14.26 14.31 14.36 14.33 14.27 14.37 14.36 14.19 14.30 13.72
14.11 13.97 13.95 13.96 14.17 13.98 14.13 14.21 14.45 14.40 14.30 14.38 14.41 14.30 14.03 14.32 14.23 13.85 14.08 13.92 13.99 13.40 13.65 13.76 13.55 13.36 13.33 14.09 13.72 13.52 13.92 13.98 12.93 13.79 13.68 13.70 13.57 13.67 13.46 12.96 12.37 12.06 12.27 12.47 13.40 13.88 13.84 12.79 13.30 12.57 13.75 13.27 13.72 13.68 14.05 13.90 13.88 14.19 14.25 14.12 14.23 14.25 14.06 14.28 14.42 14.46 14.44 14.35 14.30 14.22 14.32 14.25 14.41 14.27 14.27 14.41 14.16
14.06 14.00 13.98 14.14 13.99 14.02 14.00 13.91 14.29 14.24 14.31 14.32 14.35 14.36 14.25 14.21 14.28 14.14 14.12 13.84 14.11 14.18 14.37 13.57 13.40 13.29 13.24 13.51 13.47 13.43 13.39 12.84 13.55 13.39 13.66 13.50 12.87 14.01 13.02 12.10 12.36 13.20 12.76 13.14 12.90 13.41 13.78 12.84 12.59 12.31 12.52 12.50 13.25 13.79 13.73 13.78 14.01 13.96 14.12 14.05 14.10 13.90 14.28 14.26 14.30 14.39 14.40 14.40 14.37 14.30 14.22 14.15 14.42 14.32 14.23 14.18 13.91
13.97 13.94 14.12 14.22 14.17 13.86 14.15 14.17 14.16 14.28 14.22 14.21 14.19 14.16 14.16 14.13 14.22 14.11 14.19 14.27 14.26 14.13 13.80 14.13 14.03 13.87 13.80 13.61 13.97 13.21 13.96 14.02 13.89 13.16 14.04 13.91 13.59 13.02 11.99 13.66 13.43 13.54 13.10 12.88 13.13 13.56 13.45 13.70 13.45 13.83 13.03 12.93 12.72 13.78 13.59 13.95 13.56 13.96 14.01 13.73 13.54 13.76 14.25 14.11 14.33 14.30 14.38 14.29 14.34 14.22 14.34 14.33 14.16 14.32 14.22 13.36 13.54
14.03 14.13 14.24 14.30 14.24 14.28 14.26 14.20 14.20 14.30 14.40 14.23 14.34 14.18 14.00 14.09 14.02 13.98 13.96 13.99 14.20 14.20 13.95 13.74 13.87 13.99 13.94 13.74 13.88 13.77 13.49 13.92 14.07 13.68 13.50 12.79 12.60 13.39 13.41 13.57 13.49 12.79 12.31 12.41 12.84 11.36 11.57 12.76 13.40 13.13 13.29 13.68 13.37 13.25 12.97 13.67 13.66 13.98 13.81 13.94 13.75 14.08 14.05 13.89 14.23 14.27 14.32 14.38 14.37 14.28 14.24 14.02 14.01 14.02 13.92 13.48 13.60
13.93 13.98 13.95 14.22 14.16 14.21 14.23 14.38 14.29 14.18 14.25 14.16 14.12 14.14 14.27 13.55 14.08 14.08 14.01 13.88 13.81 13.91 14.06 14.04 13.72 14.07 13.80 14.25 14.13 14.02 13.83 13.38 13.16 13.19 12.91 13.07 14.12 14.24 13.60 13.31 12.85 12.56 13.51 13.16 12.79 12.91 12.94 13.29 13.16 13.38 13.23 13.45 13.75 13.75 13.94 13.89 13.98 13.98 13.81 14.05 13.92 14.05 13.94 13.96 14.07 14.27 14.20 14.22 14.30 14.24 14.19 14.03 14.00 13.99 14.05 14.09 14.08
14.03 14.13 13.98 13.94 14.15 14.19 14.15 14.15 14.16 14.27 14.24 14.07 14.30 14.21 14.20 14.06 13.81 13.28 13.76 13.72 13.84 13.90 13.95 14.01 14.10 13.90 13.59 13.67 13.31 13.42 13.94 13.44 13.77 12.90 12.76 13.53 13.83 13.29 13.08 12.37 11.97 13.60 12.66 10.65 10.69 12.63 12.90 13.85 13.83 13.54 13.62 13.68 13.78 13.63 13.87 14.00 14.02 14.12 13.79 13.85 13.44 13.80 13.93 13.84 13.93 14.11 14.11 14.27 14.23 14.15 14.04 14.06 14.11 13.98 14.14 14.10 14.19
13.79 13.86 14.15 13.96 14.18 13.98 14.04 14.16 14.18 14.22 13.90 13.91 13.92 13.95 14.07 13.88 14.10 14.02 13.54 13.55 13.62 13.83 14.10 14.06 14.19 14.11 13.96 14.06 14.11 13.94 14.03 14.06 14.11 13.36 14.07 13.69 13.44 13.22 13.37 12.88 13.00 12.96 11.73 11.33 11.75 12.16 12.95 13.76 13.70 13.79 13.54 13.71 13.33 13.55 13.71 14.14 14.22 14.25 14.22 14.22 14.18 14.07 14.08 13.95 13.94 14.04 13.96 14.03 14.15 14.15 13.95 14.02 13.74 13.86 13.89 13.87 13.81
14.16 13.91 13.73 13.84 14.04 14.12 14.15 13.92 14.25 14.23 14.20 14.18 14.06 14.16 14.14 14.09 14.04 13.81 13.75 13.78 13.80 13.91 14.06 14.11 14.08 14.09 14.11 13.99 13.93 13.72 13.92 13.80 13.97 14.03 13.41 12.91 13.21 13.14 13.40 13.50 13.58 12.50 12.74 12.79 13.01 12.96 13.73 13.93 13.61 12.97 13.38 13.51 13.10 13.18 13.26 13.69 13.77 14.00 14.03 14.12 13.99 13.95 13.99 14.07 13.99 14.19 14.14 14.26 14.11 13.90 14.05 13.90 13.91 13.93 14.02 13.90 13.67
14.19 14.20 14.09 13.86 13.87 13.65 14.12 14.10 14.04 14.04 14.12 14.10 13.76 14.21 13.74 13.86 14.03 14.00 14.07 13.79 13.77 13.77 13.85 13.89 13.63 13.11 13.11 13.55 13.76 13.50 13.61 13.81 13.82 13.54 13.70 13.75 13.35 13.32 13.34 13.02 12.96 13.09 13.55 13.63 13.38 13.52 13.68 13.85 13.57 12.92 12.45 11.87 11.28 10.90 10.23 10.94 11.11 12.56 13.43 13.31 13.84 13.97 14.00 14.09 14.07 14.24 14.21 14.20 14.26 14.21 14.06 13.85 13.90 13.99 14.08 14.14 14.19
14.18 14.22 14.20 14.16 13.76 13.92 13.95 13.95 13.97 14.07 14.06 13.97 13.99 13.89 13.84 13.97 13.65 13.92 13.60 13.95 13.41 13.75 14.07 13.69 13.59 13.82 13.63 13.94 13.73 13.70 13.89 13.40 13.44 13.37 13.61 13.69 13.71 13.53 13.50 13.28 12.64 13.29 12.86 13.19 13.30 13.79 13.32 13.06 12.83 11.16 12.36 11.77 11.91 11.51 11.79 12.37 12.90 13.18 13.32 13.27 13.59 13.86 14.01 13.99 14.16 14.23 14.20 14.08 14.10 14.05 14.06 13.99 13.82 13.95 14.12 14.03 14.03
14.23 14.15 14.02 14.11 13.91 13.79 13.93 14.07 14.06 14.19 13.85 14.14 14.07 13.95 14.00 13.93 14.07 14.09 13.85 13.92 13.88 13.29 13.69 13.67 13.78 13.72 13.32 13.31 13.03 13.41 13.30 13.22 13.31 13.16 13.29 13.44 13.27 13.55 13.33 13.73 13.82 13.19 12.90 13.18 13.57 13.22 13.54 13.20 12.68 12.14 12.61 11.62 12.15 12.67 12.90 13.11 11.88 11.93 11.91 12.28 13.33 12.76 13.02 13.09 12.93 13.95 14.12 14.05 13.87 13.72 13.78 13.78 13.91 13.96 14.03 14.16 14.17
13.93 14.01 13.93 13.88 13.86 13.93 13.96 14.07 13.83 13.90 13.97 13.75 13.87 13.88 13.83 13.61 13.96 13.66 14.01 13.28 13.86 13.43 13.90 13.89 13.51 13.41 13.28 13.80 13.67 13.62 13.43 13.90 13.53 13.33 13.27 13.88 13.50 13.69 13.72 13.67 13.61 13.01 12.79 13.37 13.61 13.27 13.18 12.95 13.00 13.18 12.85 12.60 13.00 12.65 13.26 13.45 13.22 12.88 12.41 12.62 11.90 11.57 12.51 12.95 12.85 13.22 13.95 13.99 13.79 13.21 13.40 13.75 13.69 13.87 14.10 14.17 14.16
13.90 13.63 13.71 13.49 14.02 13.74 13.68 13.75 13.63 13.91 13.74 13.69 13.93 13.83 13.85 13.84 13.51 13.31 13.76 13.70 13.73 13.59 13.71 13.67 13.90 13.80 13.62 13.49 13.25 13.79 13.44 13.10 13.76 13.79 13.97 13.95 13.62 13.59 13.83 13.96 13.63 13.59 13.50 13.51 13.35 13.62 13.66 13.09 13.32 13.32 13.23 13.20 13.57 13.54 13.48 13.63 13.33 13.16 13.48 13.76 13.46 13.33 12.46 12.84 13.38 12.64 13.11 13.94 13.85 13.49 13.03 12.98 13.19 13.54 14.07 14.12 14.15
13.90 13.77 13.51 13.67 13.67 13.53 13.71 13.92 13.84 13.57 13.75 13.86 14.04 13.67 13.65 13.45 13.44 13.56 13.39 13.62 13.53 13.81 13.77 13.70 13.67 13.40 13.93 13.77 13.50 13.85 13.83 13.69 13.90 13.71 13.70 13.77 13.94 13.84 13.69 13.81 13.66 13.82 13.79 13.75 13.79 13.83 13.64 13.63 13.45 13.33 13.22 13.29 13.65 13.74 13.58 13.67 13.74 13.66 13.60 13.54 13.59 13.21 12.85 13.10 13.18 13.19 13.17 13.07 13.33 13.59 13.11 12.19 12.42 12.48 13.41 13.50 13.75
13.64 13.45 13.55 13.65 13.13 12.91 13.66 13.90 14.14 13.86 13.99 13.88 14.07 13.88 13.74 13.71 13.78 13.57 13.38 13.50 13.64 13.86 13.83 13.82 13.72 13.94 13.98 13.76 14.09 13.76 13.90 13.68 13.80 13.88 13.94 13.91 13.72 13.74 13.58 13.77 13.72 13.58 13.69 13.87 13.72 13.61 13.58 13.60 13.58 13.37 13.13 13.18 13.17 13.26 13.35 13.42 13.69 13.52 13.50 13.60 12.94 11.94 12.76 12.71 11.99 11.61 12.01 11.50 11.54 11.81 12.85 12.75 12.36 12.76 12.63 13.08 13.26
13.99 14.04 13.96 13.85 13.85 13.58 13.64 13.83 13.82 14.01 13.93 13.87 14.03 13.85 13.77 13.59 13.74 13.86 13.89 13.87 13.76 13.78 13.84 13.84 13.50 13.42 13.11 13.57 13.70 13.67 13.80 13.78 13.68 14.00 13.80 13.67 13.53 13.44 13.74 13.58 13.65 13.55 13.87 13.85 13.88 13.70 13.56 13.75 13.66 13.53 13.18 13.43 13.44 13.18 13.21 13.49 13.58 13.59 13.39 12.59 11.46 12.71 11.40 10.20 10.73 10.16 10.66 10.67 9.05 8.51 7.68 7.66 9.59 9.20 10.17 11.20 11.50
13.96 14.05 13.94 13.76 13.88 13.64 13.57 13.62 13.55 13.77 13.89 13.79 13.90 13.66 13.76 13.55 13.56 13.71 13.64 13.80 13.60 13.67 13.86 13.54 13.74 13.67 13.84 13.66 13.67 13.68 13.69 13.74 13.77 13.36 13.29 13.55 13.36 13.37 13.31 13.46 13.28 13.59 13.47 13.69 13.46 13.61 13.49 13.48 13.41 13.40 13.10 13.57 13.51 13.65 13.52 13.51 13.44 13.21 12.88 11.66 11.99 12.11 9.62 10.31 9.59 10.36 9.47 9.47 8.21 7.59 6.68 6.81 7.64 7.66 8.76 9.55 9.41
13.91 14.02 13.91 13.80 13.77 13.54 13.51 13.67 13.72 13.34 13.52 13.58 13.70 13.50 13.71 13.40 13.25 13.28 13.55 13.55 13.30 13.73 13.50 13.83 13.93 14.03 13.56 13.64 13.54 13.30 13.49 13.76 13.44 13.73 13.71 13.42 13.96 13.78 13.73 13.77 13.94 13.51 13.59 13.46 13.53 13.47 13.38 13.32 12.82 12.97 13.04 13.47 13.04 13.41 13.24 13.43 12.66 12.91 12.89 11.28 12.89 10.83 10.05 10.20 10.76 9.05 8.44 8.60 9.08 8.04 8.16 8.14 8.96 8.88 9.08 9.99 9.73
13.84 13.77 13.67 13.69 13.39 13.56 13.59 13.62 13.36 13.47 13.35 13.03 13.19 13.57 13.34 13.32 13.11 13.58 13.32 13.50 13.57 13.35 13.57 13.73 13.82 13.63 13.79 13.60 13.65 13.57 13.44 13.72 13.71 13.66 13.65 13.72 13.96 13.68 13.29 13.80 13.60 13.64 13.59 13.47 13.52 13.49 13.53 13.33 12.83 12.79 13.11 13.04 12.87 13.06 12.92 12.94 12.45 12.49 13.11 12.90 11.91 10.19 10.23 10.81 10.37 8.57 8.87 9.25 8.94 8.66 9.06 9.16 10.41 8.52 8.05 8.86 9.56
13.97 13.82 13.62 13.81 13.61 13.75 13.35 13.55 13.32 13.38 13.59 13.59 13.43 13.65 13.72 13.19 13.45 13.05 13.23 13.68 13.46 13.68 13.76 13.62 13.50 13.55 13.71 13.55 13.42 13.46 13.49 13.64 13.80 13.51 13.59 13.49 13.52 13.57 13.45 13.60 13.60 13.65 13.27 13.50 13.43 13.47 13.31 13.16 13.04 13.63 12.60 12.77 12.55 13.16 13.52 12.48 12.24 12.92 13.21 11.57 10.68 9.74 10.29 11.01 9.83 9.40 9.81 9.50 9.11 8.92 9.41 8.83 8.42 7.87 8.78 9.49 8.73
13.51 13.63 13.56 13.23 13.32 13.11 13.32 13.62 13.53 13.81 13.62 13.75 13.29 13.82 13.56 13.36 13.52 13.11 12.93 13.16 12.95 13.12 13.28 13.58 13.65 13.52 13.68 13.56 13.46 13.73 13.57 13.31 13.62 13.75 13.52 13.50 13.51 13.59 13.40 13.54 13.71 13.66 13.25 13.58 13.39 13.45 13.50 13.00 13.39 13.38 12.32 13.14 12.29 12.82 13.49 11.86 12.00 12.57 12.32 11.98 10.70 11.03 10.40 9.77 9.99 9.92 9.71 9.36 8.83 8.18 8.25 8.95 9.31 8.94 9.01 9.37 8.70
