Files/BOM data/2019070220190702.grid
ncols 839
nrows 679
xllcenter 112.0500
yllcenter -43.9500
cellsize 0.0500
nodata_value 99999.90
[rows 306 to 339 of 679, columns 462 to 538 of 839]
14.97 15.00 15.02 15.01 14.97 14.97 14.99 14.97 14.92 14.95 14.94 14.91 14.90 14.91 14.93 14.92 14.94 14.97 14.96 14.95 15.00 15.01 15.04 15.05 15.02 15.01 15.00 15.00 15.03 15.01 15.01 15.00 14.99 14.98 14.98 14.99 14.99 14.97 15.01 15.00 15.02 15.04 15.02 15.03 15.03 15.02 15.01 15.01 15.01 15.04 15.06 15.09 15.07 15.06 15.03 15.04 15.08 15.05 15.04 15.02 15.01 15.01 15.00 15.00 15.02 15.01 15.01 15.02 15.04 15.15 15.02 15.00 15.01 15.04 14.98 15.02 15.04
14.96 14.97 14.98 14.98 14.99 15.00 15.02 15.01 14.97 14.95 14.93 14.93 14.92 14.89 14.93 14.91 14.91 14.94 14.95 14.95 14.99 14.99 15.00 15.05 15.02 15.01 14.98 15.00 14.99 14.99 14.98 14.98 14.98 14.97 14.96 14.97 14.98 14.97 14.98 14.99 15.00 15.02 15.02 15.02 15.01 15.03 15.01 15.01 14.99 15.02 15.02 15.03 15.06 15.04 15.02 14.98 15.04 15.02 15.00 15.03 15.01 15.01 15.04 15.01 14.99 15.00 15.03 15.05 15.05 15.11 15.08 15.02 15.00 14.98 14.97 15.02 14.99
14.99 14.98 14.98 14.95 14.97 14.94 14.96 14.95 15.00 14.98 14.93 14.91 14.93 14.90 14.92 14.91 14.90 14.90 14.92 14.97 14.96 14.99 14.96 14.99 15.00 14.97 14.98 14.99 14.98 14.98 14.98 14.97 14.97 14.95 14.96 14.96 14.98 14.97 14.99 14.98 14.97 14.98 14.93 15.02 15.01 15.01 15.03 15.01 15.01 15.01 14.99 15.00 15.04 15.03 15.05 15.02 15.01 15.01 14.99 15.03 15.02 15.04 15.03 15.02 15.00 15.01 14.99 15.00 15.01 15.03 15.08 15.00 14.97 14.95 14.99 14.98 14.98
14.99 14.95 14.92 14.92 14.96 14.95 14.95 14.94 14.94 14.94 14.95 14.93 14.97 14.92 14.94 14.94 14.91 14.88 14.94 14.93 14.92 14.96 14.96 14.97 14.97 14.94 14.94 14.98 14.97 14.95 14.96 14.97 14.95 14.92 14.95 14.93 14.93 14.95 14.98 14.98 14.98 14.95 14.90 14.94 15.00 15.01 14.99 14.98 14.96 14.93 14.96 14.98 14.98 15.01 15.02 15.00 14.99 14.91 14.86 14.97 14.97 14.98 14.99 14.97 14.98 14.97 14.96 14.96 14.97 14.99 15.11 15.01 14.98 14.91 14.94 14.95 14.96
14.87 14.94 14.91 14.92 14.90 14.88 14.90 14.88 14.85 14.82 14.87 14.91 14.92 14.92 14.89 14.89 14.89 14.86 14.95 14.90 14.89 14.90 14.87 14.90 14.90 14.91 14.93 14.92 14.93 14.93 14.91 14.93 14.93 14.88 14.91 14.91 14.89 14.92 14.92 14.93 14.93 14.91 14.88 14.86 14.95 14.96 14.96 14.96 14.92 14.91 14.93 14.94 14.95 14.96 14.98 14.95 14.93 14.92 14.85 14.87 14.95 14.92 14.95 14.97 14.95 14.96 14.92 14.93 14.95 14.95 15.04 14.94 14.92 14.89 14.85 14.90 14.91
14.90 14.88 14.87 14.87 14.90 14.90 14.89 14.83 14.80 14.78 14.79 14.80 14.87 14.88 14.90 14.89 14.90 14.91 14.92 14.92 14.89 14.90 14.88 14.89 14.90 14.90 14.91 14.91 14.91 14.93 14.93 14.92 14.94 14.91 14.91 14.90 14.93 14.93 14.93 14.93 14.94 14.93 14.86 14.83 14.91 14.97 14.98 14.96 14.97 14.96 14.93 14.94 14.92 14.93 14.96 14.87 14.76 14.80 14.91 14.84 14.95 14.96 14.96 14.96 14.94 14.96 14.95 14.96 14.94 14.96 14.97 15.01 14.93 14.92 14.90 14.90 14.89
14.87 14.88 14.86 14.86 14.86 14.89 14.88 14.81 14.82 14.79 14.80 14.80 14.81 14.82 14.85 14.86 14.91 14.90 14.91 14.91 14.90 14.91 14.87 14.87 14.87 14.88 14.87 14.87 14.89 14.87 14.90 14.90 14.91 14.93 14.91 14.90 14.92 14.89 14.95 14.93 14.92 14.93 14.85 14.81 14.83 14.89 14.91 14.91 14.90 14.93 14.92 14.93 14.91 14.86 14.90 14.90 14.85 14.73 14.86 14.89 14.93 14.91 14.91 14.91 14.93 14.94 14.92 14.90 14.91 14.91 14.93 15.01 14.91 14.95 14.90 14.90 14.90
14.82 14.82 14.82 14.84 14.89 14.90 14.86 14.79 14.77 14.76 14.79 14.78 14.82 14.82 14.83 14.81 14.88 14.88 14.86 14.87 14.89 14.90 14.89 14.88 14.84 14.84 14.85 14.84 14.85 14.85 14.86 14.86 14.84 14.86 14.88 14.85 14.90 14.88 14.90 14.90 14.89 14.90 14.89 14.87 14.87 14.84 14.81 14.84 14.82 14.83 14.89 14.88 14.91 14.91 14.84 14.84 14.84 14.89 14.89 14.76 14.90 14.89 14.89 14.89 14.90 14.90 14.90 14.90 14.87 14.88 14.92 14.96 14.93 14.92 14.90 14.89 14.92
14.81 14.78 14.79 14.79 14.87 14.87 14.87 14.83 14.77 14.73 14.76 14.75 14.82 14.79 14.81 14.83 14.81 14.83 14.83 14.85 14.86 14.89 14.90 14.90 14.88 14.89 14.86 14.85 14.84 14.84 14.85 14.82 14.82 14.82 14.86 14.85 14.87 14.87 14.88 14.87 14.87 14.87 14.85 14.87 14.87 14.83 14.74 14.77 14.85 14.78 14.83 14.86 14.87 14.88 14.87 14.76 14.80 14.75 14.86 14.79 14.86 14.87 14.87 14.88 14.87 14.88 14.86 14.86 14.84 14.87 14.87 14.93 14.96 14.89 14.89 14.87 14.88
14.81 14.80 14.79 14.80 14.84 14.80 14.83 14.85 14.80 14.72 14.74 14.77 14.79 14.76 14.75 14.81 14.79 14.81 14.80 14.84 14.83 14.85 14.85 14.86 14.88 14.88 14.87 14.85 14.83 14.83 14.84 14.85 14.85 14.82 14.86 14.82 14.83 14.85 14.84 14.87 14.84 14.85 14.82 14.84 14.86 14.81 14.63 14.69 14.86 14.81 14.82 14.82 14.81 14.83 14.85 14.83 14.68 14.48 14.59 14.53 14.80 14.85 14.84 14.85 14.84 14.85 14.85 14.85 14.84 14.86 14.86 14.91 14.92 14.89 14.86 14.85 14.84
14.76 14.78 14.74 14.77 14.77 14.73 14.79 14.82 14.75 14.66 14.72 14.75 14.79 14.74 14.74 14.75 14.75 14.78 14.78 14.80 14.80 14.81 14.80 14.81 14.83 14.84 14.84 14.82 14.82 14.81 14.81 14.82 14.84 14.83 14.84 14.84 14.82 14.81 14.81 14.77 14.82 14.86 14.84 14.83 14.82 14.82 14.73 14.56 14.69 14.64 14.72 14.85 14.80 14.82 14.82 14.83 14.65 14.32 14.54 14.48 14.68 14.83 14.83 14.84 14.83 14.84 14.84 14.85 14.83 14.82 14.84 14.85 14.89 14.92 14.85 14.85 14.78
14.76 14.65 14.60 14.70 14.76 14.76 14.75 14.79 14.75 14.71 14.71 14.72 14.76 14.80 14.78 14.79 14.77 14.77 14.76 14.78 14.78 14.79 14.78 14.78 14.78 14.80 14.82 14.81 14.78 14.79 14.82 14.79 14.82 14.81 14.81 14.82 14.82 14.82 14.79 14.80 14.78 14.83 14.86 14.83 14.79 14.80 14.81 14.67 14.54 14.57 14.43 14.64 14.68 14.71 14.74 14.77 14.76 14.12 14.27 14.26 14.52 14.74 14.80 14.81 14.79 14.80 14.80 14.79 14.80 14.79 14.78 14.79 14.85 14.85 14.88 14.80 14.78
14.70 14.74 14.68 14.72 14.72 14.75 14.71 14.74 14.76 14.73 14.70 14.69 14.74 14.79 14.77 14.76 14.75 14.75 14.74 14.75 14.74 14.76 14.78 14.77 14.76 14.77 14.80 14.81 14.81 14.79 14.80 14.78 14.79 14.79 14.76 14.79 14.82 14.82 14.78 14.77 14.75 14.81 14.83 14.85 14.77 14.76 14.79 14.69 14.54 14.56 14.46 13.63 14.37 14.47 14.64 14.65 14.51 14.23 14.36 14.43 14.57 14.62 14.61 14.76 14.77 14.77 14.77 14.77 14.77 14.78 14.76 14.78 14.82 14.85 14.87 14.79 14.80
14.75 14.72 14.69 14.71 14.70 14.73 14.70 14.74 14.74 14.74 14.73 14.70 14.73 14.76 14.73 14.76 14.74 14.74 14.72 14.74 14.71 14.73 14.74 14.75 14.75 14.75 14.74 14.74 14.77 14.80 14.82 14.81 14.76 14.75 14.74 14.76 14.75 14.76 14.77 14.78 14.75 14.80 14.80 14.83 14.85 14.75 14.78 14.75 14.66 14.61 14.49 14.47 14.45 14.29 14.53 14.57 14.37 14.20 13.89 14.56 14.57 14.64 14.58 14.62 14.77 14.76 14.75 14.75 14.74 14.76 14.74 14.74 14.79 14.79 14.80 14.84 14.76
14.73 14.67 14.65 14.65 14.72 14.70 14.72 14.70 14.70 14.69 14.68 14.74 14.75 14.71 14.68 14.76 14.74 14.75 14.73 14.71 14.70 14.70 14.71 14.72 14.73 14.72 14.72 14.71 14.71 14.73 14.80 14.82 14.82 14.76 14.75 14.74 14.73 14.72 14.74 14.73 14.73 14.74 14.78 14.81 14.80 14.77 14.74 14.74 14.70 14.39 14.45 14.35 14.15 14.18 13.24 13.76 12.28 13.78 14.66 14.62 14.58 14.70 14.64 14.53 14.67 14.72 14.71 14.71 14.71 14.72 14.71 14.68 14.74 14.75 14.73 14.84 14.81
14.69 14.67 14.69 14.62 14.66 14.70 14.72 14.69 14.70 14.63 14.67 14.71 14.75 14.70 14.71 14.70 14.71 14.74 14.72 14.71 14.71 14.72 14.71 14.71 14.72 14.71 14.72 14.72 14.69 14.71 14.73 14.74 14.80 14.79 14.78 14.72 14.72 14.70 14.70 14.71 14.70 14.69 14.70 14.78 14.80 14.72 14.69 14.69 14.61 14.65 14.45 14.39 12.55 13.53 13.85 14.36 12.51 13.81 14.64 14.69 14.66 14.71 14.70 14.62 14.48 14.68 14.69 14.68 14.70 14.69 14.69 14.66 14.68 14.72 14.73 14.78 14.80
14.67 14.67 14.68 14.62 14.67 14.66 14.68 14.68 14.68 14.65 14.71 14.71 14.67 14.70 14.70 14.71 14.64 14.69 14.68 14.66 14.67 14.68 14.68 14.66 14.65 14.66 14.69 14.69 14.67 14.68 14.69 14.68 14.71 14.73 14.74 14.72 14.69 14.66 14.69 14.69 14.70 14.68 14.64 14.70 14.68 14.65 14.62 14.60 14.67 14.65 14.55 14.29 13.68 12.73 13.79 14.27 14.11 14.59 14.50 14.53 14.66 14.70 14.69 14.68 14.53 14.55 14.66 14.66 14.69 14.65 14.66 14.65 14.66 14.69 14.69 14.67 14.77
14.64 14.65 14.63 14.63 14.66 14.65 14.65 14.65 14.66 14.68 14.66 14.69 14.67 14.68 14.64 14.64 14.65 14.62 14.67 14.69 14.68 14.67 14.68 14.68 14.69 14.67 14.67 14.65 14.67 14.65 14.65 14.64 14.64 14.61 14.60 14.65 14.62 14.62 14.63 14.67 14.66 14.67 14.65 14.66 14.63 14.58 14.54 14.56 14.60 14.61 14.61 14.36 13.13 14.24 14.23 12.09 13.89 14.41 14.56 14.39 14.56 14.64 14.64 14.58 14.61 14.55 14.65 14.64 14.65 14.63 14.64 14.61 14.65 14.63 14.68 14.68 14.77
14.60 14.63 14.63 14.62 14.63 14.62 14.65 14.62 14.67 14.64 14.64 14.65 14.66 14.66 14.68 14.64 14.60 14.61 14.63 14.64 14.65 14.66 14.67 14.69 14.69 14.68 14.67 14.66 14.64 14.64 14.66 14.67 14.64 14.63 14.64 14.63 14.63 14.63 14.59 14.63 14.62 14.63 14.62 14.62 14.59 14.58 14.50 14.50 14.54 14.53 14.22 14.26 13.72 13.78 13.54 13.34 14.42 14.59 14.51 14.53 14.44 14.51 14.61 14.63 14.57 14.59 14.64 14.64 14.64 14.62 14.63 14.60 14.61 14.67 14.66 14.67 14.74
14.56 14.62 14.62 14.60 14.61 14.59 14.62 14.61 14.63 14.63 14.57 14.63 14.63 14.63 14.62 14.59 14.53 14.59 14.62 14.58 14.62 14.65 14.65 14.67 14.68 14.66 14.67 14.64 14.63 14.61 14.63 14.64 14.63 14.62 14.63 14.63 14.61 14.61 14.61 14.61 14.58 14.59 14.60 14.58 14.56 14.55 14.47 14.51 14.50 13.53 14.40 14.29 13.14 11.50 13.27 13.84 14.45 12.97 14.54 14.57 14.50 14.40 14.46 14.53 14.57 14.55 14.55 14.60 14.62 14.59 14.62 14.60 14.59 14.66 14.65 14.64 14.65
14.52 14.58 14.56 14.56 14.57 14.56 14.58 14.52 14.48 14.56 14.57 14.61 14.58 14.62 14.61 14.58 14.60 14.58 14.56 14.60 14.58 14.58 14.63 14.63 14.64 14.63 14.65 14.62 14.60 14.61 14.61 14.60 14.60 14.61 14.59 14.60 14.59 14.60 14.59 14.59 14.59 14.55 14.54 14.55 14.52 14.53 14.48 14.47 14.50 13.99 14.32 13.41 12.71 12.80 12.69 13.29 14.00 13.23 14.46 14.53 14.44 14.33 14.39 14.39 14.30 14.30 14.39 14.51 14.52 14.57 14.55 14.56 14.59 14.59 14.62 14.61 14.63
14.55 14.58 14.53 14.55 14.56 14.56 14.50 14.25 14.33 14.57 14.40 14.54 14.55 14.57 14.58 14.56 14.59 14.53 14.57 14.59 14.62 14.62 14.62 14.60 14.62 14.61 14.64 14.63 14.62 14.62 14.63 14.59 14.58 14.59 14.59 14.59 14.58 14.59 14.59 14.59 14.60 14.57 14.53 14.51 14.49 14.49 14.48 14.50 14.45 14.43 14.37 13.79 13.66 14.26 13.84 13.36 13.97 13.79 13.97 14.32 14.00 14.18 14.43 14.27 14.19 14.36 14.38 14.40 14.43 14.53 14.55 14.54 14.62 14.61 14.55 14.55 14.60
14.55 14.55 14.53 14.54 14.55 14.54 14.47 14.37 14.55 14.58 14.57 14.60 14.57 14.59 14.58 14.53 14.62 14.55 14.52 14.56 14.60 14.59 14.60 14.59 14.61 14.61 14.62 14.60 14.61 14.60 14.59 14.57 14.56 14.56 14.54 14.55 14.57 14.57 14.58 14.57 14.57 14.57 14.53 14.54 14.49 14.48 14.43 14.04 14.43 14.45 14.48 14.40 11.14 13.97 14.13 12.97 14.31 13.60 14.27 14.20 14.46 14.45 14.51 14.21 13.65 14.45 14.48 14.47 14.42 14.47 14.54 14.54 14.53 14.56 14.52 14.54 14.63
14.51 14.51 14.50 14.52 14.51 14.54 14.43 14.30 14.54 14.56 14.56 14.55 14.55 14.55 14.55 14.48 14.57 14.54 14.54 14.57 14.56 14.57 14.58 14.58 14.60 14.58 14.60 14.60 14.59 14.58 14.58 14.55 14.49 14.53 14.54 14.55 14.54 14.55 14.57 14.56 14.55 14.55 14.55 14.52 14.53 14.49 14.39 12.96 14.01 14.13 14.44 14.44 12.65 12.10 14.01 14.06 12.93 14.31 14.38 13.44 13.97 13.60 14.00 14.45 14.22 14.48 14.36 14.43 14.43 14.48 14.48 14.50 14.50 14.52 14.55 14.51 14.60
14.50 14.50 14.49 14.49 14.51 14.53 14.52 14.39 14.52 14.54 14.53 14.53 14.52 14.52 14.51 14.51 14.53 14.52 14.51 14.56 14.54 14.54 14.54 14.53 14.57 14.55 14.57 14.57 14.57 14.57 14.57 14.55 14.50 14.47 14.47 14.53 14.52 14.51 14.52 14.51 14.52 14.47 14.49 14.50 14.50 14.48 14.39 14.07 13.20 14.26 14.40 14.39 14.09 12.85 13.40 13.31 13.77 14.13 14.37 14.36 13.92 13.83 14.27 14.44 14.45 14.38 14.32 14.36 14.43 14.46 14.47 14.44 14.45 14.47 14.49 14.50 14.57
14.48 14.47 14.46 14.46 14.51 14.51 14.52 14.51 14.50 14.52 14.51 14.51 14.48 14.52 14.50 14.48 14.47 14.47 14.51 14.51 14.53 14.50 14.51 14.49 14.52 14.53 14.53 14.54 14.53 14.52 14.51 14.51 14.51 14.50 14.49 14.50 14.48 14.49 14.49 14.49 14.49 14.48 14.48 14.44 14.47 14.45 14.22 14.28 12.65 12.00 12.58 14.27 14.29 14.28 14.13 13.38 13.36 13.25 10.80 13.47 14.30 13.55 14.06 14.40 14.39 14.29 14.43 14.33 14.40 14.25 14.30 14.49 14.46 14.44 14.47 14.45 14.49
14.43 14.43 14.43 14.49 14.47 14.47 14.48 14.47 14.45 14.49 14.48 14.48 14.47 14.48 14.48 14.43 14.44 14.49 14.50 14.49 14.51 14.49 14.50 14.48 14.48 14.50 14.52 14.52 14.50 14.49 14.49 14.49 14.49 14.49 14.47 14.49 14.46 14.44 14.43 14.46 14.45 14.43 14.45 14.28 13.82 14.43 14.33 13.68 12.63 13.17 10.76 11.28 12.90 13.96 14.32 13.17 13.81 13.54 11.95 13.05 13.68 13.92 13.59 14.38 14.38 13.73 14.37 14.36 14.35 14.37 14.32 14.43 14.47 14.46 14.44 14.48 14.54
14.39 14.40 14.39 14.39 14.45 14.45 14.45 14.42 14.43 14.47 14.44 14.44 14.46 14.46 14.43 14.41 14.42 14.43 14.47 14.47 14.47 14.47 14.46 14.46 14.45 14.49 14.49 14.49 14.49 14.48 14.47 14.47 14.46 14.48 14.46 14.46 14.43 14.40 14.31 14.37 14.37 14.31 14.12 14.27 14.17 14.20 14.38 13.74 12.55 12.81 12.04 10.62 10.80 11.55 13.56 12.30 14.16 13.12 14.07 13.75 13.08 14.33 14.34 13.35 14.11 14.33 14.34 14.37 14.27 14.18 14.38 14.39 14.45 14.43 14.46 14.48 14.41
14.38 14.38 14.38 14.39 14.39 14.43 14.43 14.42 14.44 14.44 14.44 14.43 14.44 14.41 14.39 14.39 14.38 14.32 14.43 14.43 14.43 14.43 14.43 14.42 14.42 14.44 14.44 14.45 14.44 14.43 14.44 14.43 14.44 14.42 14.42 14.42 14.40 14.36 14.32 14.21 14.17 14.18 14.00 13.81 14.14 12.85 14.30 13.56 13.46 13.22 13.23 12.44 13.22 12.95 13.26 13.99 13.95 13.25 14.14 13.32 13.87 13.79 14.35 14.22 14.21 14.21 14.32 14.32 14.34 14.35 14.38 14.38 14.43 14.45 14.45 14.37 14.36
14.33 14.35 14.33 14.39 14.36 14.38 14.36 14.40 14.36 14.40 14.40 14.39 14.38 14.40 14.35 14.37 14.38 14.36 14.40 14.38 14.40 14.40 14.41 14.40 14.40 14.40 14.41 14.41 14.41 14.41 14.40 14.41 14.41 14.39 14.40 14.40 14.38 14.37 14.37 14.37 14.30 13.22 14.28 14.06 13.50 12.63 11.03 14.18 13.89 13.96 14.23 14.25 14.27 14.17 13.83 13.76 14.17 13.80 14.15 13.63 14.12 13.42 14.14 14.31 14.05 14.07 14.29 14.25 14.30 14.33 14.33 14.31 14.39 14.41 14.39 14.33 14.32
14.33 14.34 14.37 14.37 14.37 14.34 14.33 14.37 14.39 14.39 14.39 14.39 14.39 14.37 14.34 14.36 14.36 14.37 14.41 14.39 14.40 14.41 14.40 14.41 14.40 14.40 14.40 14.41 14.41 14.42 14.40 14.40 14.39 14.39 14.40 14.40 14.39 14.39 14.38 14.34 14.38 13.65 13.85 14.34 13.10 13.87 11.39 13.79 14.21 14.11 13.51 13.62 14.29 14.28 13.77 13.73 13.58 13.30 13.87 13.18 13.52 13.92 14.23 14.24 14.25 14.14 14.17 14.23 14.33 14.33 14.34 14.38 14.37 14.39 14.28 14.29 14.34
14.27 14.32 14.37 14.36 14.32 14.35 14.34 14.34 14.37 14.37 14.36 14.37 14.36 14.34 14.36 14.36 14.36 14.36 14.35 14.36 14.37 14.37 14.38 14.37 14.37 14.38 14.38 14.38 14.37 14.38 14.36 14.38 14.36 14.37 14.38 14.36 14.37 14.37 14.35 14.33 14.28 14.24 13.21 13.72 13.93 12.97 13.47 13.96 14.11 13.29 11.63 11.76 12.59 13.47 14.06 13.91 14.12 13.70 14.08 13.49 14.15 13.99 14.10 13.87 14.14 14.21 14.32 14.36 14.32 14.27 14.31 14.31 14.33 14.24 14.29 14.38 14.43
14.32 14.33 14.35 14.33 14.32 14.35 14.32 14.33 14.32 14.33 14.34 14.33 14.33 14.33 14.35 14.32 14.34 14.34 14.33 14.34 14.34 14.34 14.36 14.37 14.36 14.35 14.35 14.36 14.37 14.37 14.36 14.37 14.31 14.31 14.37 14.35 14.36 14.36 14.35 14.34 14.31 14.30 13.08 12.92 13.29 13.90 14.19 14.26 14.14 13.66 13.93 14.08 13.69 13.46 14.24 14.08 13.98 14.20 14.22 13.92 13.19 14.21 14.07 14.19 14.15 14.13 14.27 14.31 14.32 14.25 14.24 14.32 14.24 14.27 14.34 14.36 14.33
14.29 14.27 14.31 14.28 14.33 14.32 14.30 14.32 14.32 14.33 14.33 14.33 14.33 14.29 14.35 14.30 14.32 14.32 14.32 14.33 14.32 14.33 14.31 14.35 14.33 14.34 14.34 14.35 14.33 14.35 14.34 14.35 14.34 14.32 14.33 14.32 14.35 14.34 14.35 14.32 14.33 14.30 13.73 13.04 13.38 13.97 14.23 14.26 14.17 12.26 12.81 13.84 13.76 14.20 14.14 14.25 14.18 14.27 14.17 14.25 14.12 14.19 14.19 14.17 14.19 14.23 14.32 14.24 14.37 14.17 14.25 14.25 14.18 14.29 14.34 14.37 14.29
