Files/BOM data/2019071220190712.grid
ncols 839
nrows 679
xllcenter 112.0500
yllcenter -43.9500
cellsize 0.0500
nodata_value 99999.90
[rows 442 to 475 of 679, columns 693 to 769 of 839]
11.67 11.66 11.20 10.87 11.38 11.49 11.22 10.89 10.81 11.31 11.09 11.03 11.21 11.11 11.28 11.34 11.07 11.08 11.39 11.25 11.22 11.51 11.07 10.95 10.62 10.63 10.93 10.85 10.74 10.41 10.26 10.19 9.88 10.48 10.32 10.06 10.29 10.24 10.18 9.86 9.37 9.63 9.56 9.07 9.40 8.81 8.81 9.62 9.22 9.40 9.46 8.79 9.10 9.28 8.82 9.88 9.15 8.32 9.63 8.42 8.75 9.43 8.81 8.51 8.97 10.10 9.10 9.71 10.66 9.40 10.38 10.90 9.76 10.79 9.94 10.15 10.96
11.37 11.62 11.55 11.06 10.91 10.87 11.21 11.51 10.94 11.30 11.43 10.80 11.02 11.05 11.19 10.98 10.88 10.85 11.01 10.91 10.96 11.31 11.42 11.61 10.95 10.63 10.43 10.40 10.85 10.96 10.80 10.37 10.12 10.18 10.06 9.80 9.65 9.99 9.86 9.74 9.79 10.10 9.73 9.57 9.60 8.64 9.09 9.41 8.79 9.40 9.53 8.75 8.92 8.79 8.76 9.64 8.36 8.80 9.42 8.21 8.86 9.62 8.40 8.49 9.36 8.84 8.13 9.60 9.99 9.16 10.54 10.28 9.40 10.48 9.59 10.18 10.55
11.21 10.98 11.24 11.32 10.91 11.33 10.96 11.17 11.39 11.11 11.14 11.41 11.41 10.52 10.57 10.77 10.62 10.91 10.92 11.15 11.12 11.25 10.98 10.95 11.20 11.05 11.12 10.99 10.71 9.85 9.80 9.80 9.88 10.06 9.54 9.70 9.53 9.77 9.92 9.34 9.44 9.39 9.44 9.34 9.28 8.72 9.46 8.80 8.75 9.27 9.18 8.37 8.80 8.59 9.22 9.09 9.18 9.19 8.49 8.76 8.91 9.58 8.22 8.48 9.27 8.83 8.84 9.70 9.41 9.32 9.76 9.46 9.55 10.16 9.52 10.41 9.67
11.23 11.13 10.64 10.88 10.89 11.25 11.26 11.34 11.08 11.16 11.22 11.11 10.99 11.21 10.96 10.75 10.78 11.17 10.47 10.53 10.76 10.93 11.43 11.56 11.01 10.56 10.23 10.62 10.90 10.82 10.67 10.32 10.05 9.64 9.74 9.95 9.82 9.87 10.06 9.84 9.72 9.67 9.80 8.89 8.76 8.93 8.73 8.46 8.89 9.07 8.61 8.79 8.73 8.81 8.82 8.99 9.27 9.16 8.85 9.19 8.53 8.98 8.64 8.86 9.00 8.76 8.97 9.39 8.93 9.23 9.27 9.23 9.91 9.61 9.82 10.55 10.09
10.66 10.47 10.85 11.00 10.79 10.40 10.76 11.04 10.73 11.28 11.55 11.67 11.46 11.18 10.59 10.70 10.41 10.45 10.63 10.91 10.49 10.57 11.02 11.10 11.26 10.85 10.78 10.59 10.29 10.04 10.05 10.37 10.69 10.24 10.28 10.26 9.73 9.87 9.70 9.47 9.68 9.55 9.42 9.03 9.23 9.12 8.80 8.62 8.85 8.82 8.99 8.99 8.29 9.25 8.67 9.18 8.86 8.49 9.08 8.81 8.55 9.13 8.77 8.68 9.44 8.56 8.58 9.62 8.94 9.40 9.62 9.01 9.43 10.00 9.94 10.65 10.05
10.17 10.04 10.23 10.73 10.91 10.88 10.69 10.64 10.62 10.60 11.12 11.21 11.59 11.39 11.12 10.90 10.92 10.81 10.41 10.83 11.18 10.36 10.66 10.88 11.05 11.08 10.69 10.00 10.22 10.41 10.13 9.64 9.58 9.63 10.14 9.81 9.31 9.92 9.81 9.73 9.69 9.30 9.04 8.98 9.24 9.07 8.52 8.63 8.83 9.05 9.12 9.36 8.69 8.94 8.32 8.96 8.84 7.99 9.23 8.77 8.41 9.17 8.82 8.96 9.35 8.83 9.13 9.51 8.75 8.81 9.19 9.59 9.43 9.68 9.49 10.30 10.21
10.08 10.01 9.94 9.89 10.58 11.07 10.89 11.10 10.83 10.70 10.51 10.65 11.18 11.08 11.01 10.70 10.99 10.80 10.82 10.90 10.46 10.97 10.69 10.95 10.45 10.83 10.52 9.68 9.23 9.26 9.55 9.09 9.31 9.21 9.75 9.81 9.60 9.48 8.74 8.89 9.31 9.08 9.01 9.25 8.83 8.60 7.97 8.37 8.34 8.73 8.93 8.24 8.13 8.64 8.77 9.65 8.96 7.81 9.91 8.33 8.23 9.09 8.34 8.09 8.87 8.66 8.37 9.40 9.12 8.40 9.67 9.87 9.00 9.65 9.78 9.71 9.69
10.05 10.26 10.17 10.14 9.99 10.14 10.35 10.85 10.61 10.63 10.68 10.56 10.31 10.62 10.79 10.63 10.63 10.81 10.68 10.48 10.95 10.71 10.79 10.60 10.32 10.14 10.70 10.36 9.60 9.97 9.62 9.55 9.27 9.21 9.49 9.29 9.03 9.25 9.06 9.08 8.65 8.63 9.15 8.63 8.62 8.46 8.36 9.23 8.69 8.46 8.95 8.05 8.04 8.04 8.32 8.63 8.56 8.63 9.02 8.12 8.61 9.29 7.92 8.18 8.97 8.21 7.99 9.78 8.53 7.83 9.84 9.74 9.55 9.73 10.32 9.67 10.29
9.91 9.34 9.77 10.81 9.92 10.42 10.26 10.01 9.83 10.61 10.38 10.63 10.74 10.67 10.28 9.95 10.02 10.53 9.98 10.26 10.34 9.98 10.28 9.80 9.66 10.09 10.31 10.30 10.35 10.14 9.56 9.20 8.93 9.31 9.18 9.29 8.32 8.89 8.87 8.88 9.48 9.06 8.85 9.02 8.61 8.76 7.92 7.86 7.90 8.19 8.72 8.05 8.05 8.28 8.70 8.55 8.77 7.96 8.33 7.79 7.96 7.95 7.70 8.66 8.72 8.03 8.49 8.87 8.49 7.79 9.70 9.27 9.02 9.68 9.35 10.08 9.80
9.86 9.99 10.01 10.00 10.25 10.42 10.51 9.58 9.67 10.01 9.99 10.18 10.89 10.54 10.36 9.97 9.84 10.05 10.09 9.55 9.74 9.56 9.66 9.40 9.60 9.34 9.64 10.17 10.13 9.77 9.40 9.53 8.74 7.90 8.43 9.02 7.77 8.64 8.50 8.50 8.76 8.66 8.70 8.24 8.04 8.14 7.83 7.74 7.93 7.91 8.72 7.13 7.13 7.68 7.79 8.12 8.56 7.93 8.93 7.60 8.05 8.43 7.88 7.64 7.73 8.69 8.13 8.36 8.60 7.34 9.60 9.52 8.78 9.45 9.82 9.15 8.54
9.93 9.71 9.51 10.34 9.93 10.66 10.19 9.56 9.99 9.78 9.95 9.54 9.83 9.72 10.01 9.90 9.45 9.61 9.92 10.05 9.80 9.57 9.62 9.83 9.67 9.45 9.60 9.90 10.07 9.44 8.52 8.56 8.59 8.51 8.91 7.97 7.50 8.72 8.47 8.82 8.42 8.25 8.70 8.38 7.78 7.79 7.33 7.65 8.02 7.91 7.63 7.73 7.13 7.62 7.90 7.53 7.23 6.92 8.70 7.81 7.18 8.46 8.13 8.03 8.33 8.50 8.33 8.47 8.05 7.86 8.68 9.60 8.60 9.54 9.24 8.56 9.91
9.35 9.84 9.80 9.49 10.04 10.34 10.07 9.80 9.83 9.55 10.04 10.17 10.09 9.57 9.68 9.90 9.01 9.45 9.55 9.17 9.58 9.73 9.64 9.73 9.97 9.46 9.19 9.00 9.45 9.43 8.78 8.44 7.77 8.40 9.95 7.80 8.20 8.33 8.47 9.12 8.62 7.94 8.25 8.17 7.98 8.48 7.65 7.52 8.02 7.63 7.63 7.73 7.47 7.46 7.85 7.45 7.78 7.58 8.34 7.99 7.19 8.64 8.11 7.21 8.26 8.00 8.16 7.98 8.16 8.14 8.10 8.79 9.32 8.62 8.48 8.86 10.40
10.13 9.04 8.89 9.43 9.81 9.36 9.35 9.39 10.13 9.66 9.64 9.50 9.88 10.23 9.81 9.36 9.35 9.08 9.21 9.22 9.05 9.46 9.62 10.18 9.50 9.40 9.66 8.96 9.47 8.96 8.52 8.62 8.24 7.73 9.45 7.06 8.86 8.79 8.19 8.06 8.33 8.53 8.43 7.69 8.31 8.19 7.86 8.63 8.66 8.66 7.63 7.77 7.63 7.40 8.15 7.30 7.42 7.38 7.68 7.68 7.12 9.15 8.39 7.30 8.21 8.45 7.59 8.14 8.39 7.73 7.41 8.86 10.31 6.68 8.53 10.94 8.62
9.21 8.28 9.06 9.24 9.42 9.01 8.86 8.91 9.54 9.82 10.12 9.05 9.61 9.66 9.52 9.78 9.34 8.87 9.62 9.22 9.33 9.12 9.60 9.94 9.53 9.55 9.59 9.34 9.57 9.32 9.20 8.63 8.33 7.97 9.04 7.31 9.86 8.62 8.33 8.21 7.96 7.77 7.95 7.80 8.52 7.49 7.44 8.06 8.38 8.38 8.56 7.77 7.00 7.40 8.17 7.22 7.09 7.32 7.58 7.43 7.48 8.72 8.25 7.18 9.00 8.60 7.66 8.14 8.39 7.85 7.85 8.78 9.08 7.32 9.23 10.79 8.63
9.16 7.98 8.85 9.02 9.03 8.75 8.90 8.52 9.12 9.13 9.65 8.95 9.16 9.07 9.51 9.26 9.23 9.57 9.74 9.62 10.09 9.34 8.76 8.65 8.82 9.37 9.12 9.45 9.82 9.58 9.35 9.31 8.33 7.99 8.89 8.05 8.94 8.44 7.99 8.43 8.52 7.20 7.51 7.84 8.32 7.65 8.37 8.43 7.30 7.15 8.56 8.56 6.91 7.68 8.10 7.12 6.59 7.22 7.44 6.96 7.85 8.64 8.43 7.11 9.18 9.21 7.42 8.84 8.79 7.80 7.90 8.89 8.55 8.25 9.50 10.61 9.10
9.57 8.92 8.91 8.62 9.43 9.13 8.80 7.77 8.87 8.83 8.92 9.11 9.03 8.28 8.45 9.13 9.24 9.33 9.51 8.95 9.33 9.46 9.35 9.13 9.36 8.83 8.83 8.74 9.21 9.11 9.07 9.22 9.01 7.57 7.70 8.00 7.73 8.28 7.74 7.52 8.20 7.48 7.89 8.08 7.46 6.98 8.37 8.57 7.72 7.76 8.46 8.46 7.27 7.90 8.06 7.00 6.76 7.70 7.35 6.94 7.77 8.62 7.71 7.28 9.09 9.32 7.41 9.26 8.44 7.31 7.64 8.37 9.29 9.30 9.97 9.55 8.81
8.70 9.04 9.29 9.20 9.08 8.54 8.94 8.32 8.42 8.60 8.64 9.10 9.04 8.69 8.75 8.57 8.90 9.39 9.17 9.02 8.66 8.87 9.06 8.77 8.64 8.78 8.89 8.78 8.71 8.62 8.71 8.41 8.56 8.16 8.68 7.89 6.76 8.22 8.08 7.01 7.80 7.53 8.17 8.46 7.01 7.05 8.32 8.67 8.29 8.81 8.14 6.97 7.48 7.54 7.52 7.02 7.07 7.36 7.44 7.40 8.06 7.50 7.07 8.24 8.52 8.87 8.39 9.63 9.12 7.27 7.77 10.39 9.10 8.34 9.59 10.65 9.27
8.49 8.44 8.63 9.27 8.75 8.57 8.85 8.64 8.24 8.21 8.68 8.77 8.56 8.52 9.15 9.02 8.97 8.40 8.71 8.69 9.10 8.93 8.72 8.42 8.35 9.01 8.54 8.30 8.44 8.67 8.18 8.17 7.25 7.67 8.17 7.39 7.16 8.03 8.13 6.83 8.03 8.13 7.89 8.08 7.38 7.05 7.52 7.39 7.93 9.08 8.63 7.69 6.88 7.00 7.43 7.01 7.08 6.56 7.30 7.37 6.86 6.47 7.56 7.22 6.63 8.84 9.35 7.65 8.22 8.42 8.35 9.61 8.15 8.67 10.57 10.19 8.38
8.07 8.62 8.85 8.95 8.92 8.77 8.87 8.56 8.98 9.00 8.65 8.51 8.58 8.39 8.28 8.79 9.12 8.87 7.98 8.36 8.10 8.71 8.40 8.38 8.61 8.52 8.19 8.70 8.33 8.46 8.63 8.66 7.69 7.96 7.79 7.11 7.32 7.59 7.72 6.72 7.28 8.28 7.55 7.43 7.19 6.96 7.13 6.58 6.63 7.36 8.25 7.34 7.01 7.19 7.38 7.75 7.35 6.70 6.77 7.55 6.43 6.53 7.48 6.79 6.99 8.90 9.04 6.03 8.33 9.23 6.81 8.22 8.39 9.23 9.33 9.15 8.49
8.35 8.64 9.10 9.10 9.06 8.76 8.84 9.18 8.60 8.57 8.60 8.66 8.81 8.42 8.72 8.62 8.08 8.68 8.42 7.62 7.99 8.16 8.34 7.91 8.32 8.37 8.59 8.05 7.34 7.43 7.94 8.31 8.17 8.40 7.96 7.47 7.03 7.76 7.10 6.77 6.90 7.65 6.73 7.46 7.48 6.65 7.13 7.23 7.04 7.13 7.79 6.13 6.97 7.20 7.73 7.45 7.07 6.88 6.60 6.90 6.84 6.86 7.27 6.35 7.57 8.76 7.99 6.43 7.56 9.88 5.67 6.63 10.29 9.26 7.71 9.39 9.55
8.71 8.61 9.15 9.61 9.36 8.95 9.28 8.84 8.64 8.12 8.37 8.47 8.41 8.57 8.48 8.75 8.73 8.75 8.98 8.51 7.60 8.19 8.02 7.50 7.60 8.21 8.30 8.03 7.99 7.48 7.34 7.48 7.43 8.24 7.73 7.96 6.88 7.91 6.93 7.00 7.43 6.82 6.14 7.19 7.39 6.14 6.80 7.16 7.27 7.31 8.47 6.28 6.48 7.61 7.77 7.16 6.71 6.67 6.99 6.21 6.43 6.74 7.17 6.70 8.30 9.07 7.30 6.42 8.56 7.78 5.91 7.59 10.69 9.16 7.24 9.40 10.06
8.29 8.83 9.35 8.69 8.63 8.79 8.96 8.56 8.66 8.18 8.39 9.08 8.85 8.82 8.77 8.68 8.64 8.29 8.34 8.21 8.24 8.60 8.33 8.10 8.34 7.48 7.23 7.74 7.85 7.38 7.26 7.28 7.62 7.15 7.32 7.92 7.04 7.80 7.37 7.46 7.03 5.99 6.47 6.50 6.67 5.90 6.83 6.97 6.62 7.58 7.67 5.99 6.66 7.65 7.82 7.24 6.96 7.13 6.96 5.74 6.40 6.38 5.84 7.20 8.13 7.17 6.65 7.20 7.52 7.56 6.71 9.26 10.41 9.59 8.57 9.66 10.17
8.85 8.59 8.21 8.38 8.17 8.54 8.21 8.69 8.58 8.32 8.43 8.49 8.47 8.79 8.71 8.37 8.66 8.58 9.10 8.30 7.50 7.72 7.86 7.89 7.94 7.72 8.34 7.77 7.86 6.99 6.83 6.97 7.07 6.93 8.10 8.03 6.63 7.36 7.46 7.01 6.95 6.31 6.94 5.93 6.21 6.23 6.44 6.75 6.17 7.23 7.31 6.19 5.94 7.45 8.14 5.85 6.87 7.94 7.07 6.11 6.21 7.30 5.61 7.41 8.26 7.53 7.01 6.46 6.38 7.87 8.36 7.49 10.03 10.83 9.11 9.24 10.50
8.52 8.06 7.36 7.73 7.39 7.78 7.80 8.17 8.51 8.25 7.92 7.97 8.34 8.85 9.19 8.24 8.04 7.98 7.52 7.75 7.91 7.72 7.91 8.02 7.82 7.63 7.87 8.07 8.29 7.62 6.98 6.78 6.18 6.80 6.94 6.37 7.30 7.80 6.96 6.83 6.69 6.36 5.98 5.92 5.72 6.46 6.01 6.66 6.70 6.50 6.86 7.00 6.74 7.36 7.94 5.32 7.51 8.15 6.20 6.13 6.92 7.36 5.62 7.35 8.67 8.24 6.92 6.36 7.08 8.39 7.02 8.13 10.71 10.49 8.71 9.24 11.04
8.25 7.91 7.84 7.87 7.61 7.60 7.18 7.64 8.27 8.59 8.50 8.29 8.67 8.74 9.61 8.46 8.46 8.60 7.98 7.54 7.80 7.54 7.88 7.77 7.64 7.09 7.63 7.40 7.70 7.74 7.24 7.35 7.16 7.19 6.65 6.95 7.09 6.59 6.75 6.66 5.73 5.76 5.38 5.54 5.47 5.40 5.52 7.18 7.27 5.40 6.72 7.19 6.51 7.44 7.78 5.39 7.63 8.96 5.21 6.44 7.16 6.01 5.44 6.69 8.48 8.17 6.32 5.45 6.88 6.71 7.08 8.59 10.23 10.67 9.52 9.44 11.09
7.51 7.43 7.55 6.67 7.27 7.42 7.64 8.24 8.16 8.43 8.42 7.80 8.33 7.88 9.10 8.01 8.32 8.93 8.14 7.68 7.63 7.86 7.91 7.99 7.42 7.51 7.31 7.06 7.20 7.07 6.98 7.45 6.50 6.89 7.13 6.38 6.03 6.52 6.78 6.06 5.57 5.57 5.30 5.22 5.58 5.18 6.40 8.05 6.42 5.74 6.78 6.93 5.17 6.12 6.37 7.00 7.60 7.51 6.01 7.08 7.39 5.58 5.26 6.91 7.69 8.73 6.15 4.94 7.34 7.03 7.49 9.36 10.07 10.05 9.60 9.53 10.96
7.17 6.81 6.57 6.53 6.31 6.23 7.67 8.06 7.36 7.90 8.35 8.36 8.43 8.32 8.26 7.40 8.24 8.24 7.76 8.07 7.86 7.66 8.05 8.15 7.68 7.77 7.64 7.21 7.71 7.52 7.18 7.22 6.65 6.46 6.09 5.72 6.11 6.75 6.85 5.56 6.06 6.47 5.65 5.13 5.57 6.10 5.81 5.90 6.02 6.33 6.75 6.89 6.06 5.53 6.42 7.41 6.24 6.11 7.53 6.28 6.23 6.04 5.26 7.21 9.29 8.16 6.41 6.18 7.44 7.56 7.04 9.58 10.54 9.48 9.40 10.25 10.64
7.17 6.69 6.87 7.16 6.40 6.51 7.73 7.21 7.28 7.70 7.86 7.98 8.47 8.64 7.41 7.81 7.90 7.39 7.25 8.70 7.67 7.43 7.97 7.54 7.81 7.89 7.85 7.97 8.20 7.38 7.20 6.84 6.49 6.32 6.47 6.29 6.16 6.55 6.26 5.72 6.67 6.81 5.63 5.05 5.82 6.76 5.74 5.29 5.67 6.39 6.28 6.23 6.13 5.67 6.67 6.25 4.03 6.01 6.94 6.24 5.78 6.60 6.43 7.58 9.63 7.51 5.18 7.08 6.43 6.16 7.43 8.59 10.20 8.89 8.35 10.59 10.92
8.22 7.78 7.07 7.30 7.69 7.65 7.36 7.45 8.04 7.48 7.22 7.81 8.18 8.64 7.89 7.59 7.30 6.55 7.13 8.10 8.06 7.99 8.06 7.58 7.47 7.17 7.62 7.62 7.99 7.47 6.85 6.74 6.53 6.45 6.30 6.18 6.54 6.53 6.00 5.64 6.26 6.10 5.67 5.44 6.02 6.20 5.26 5.27 6.19 6.49 5.59 5.60 6.01 6.20 6.73 5.80 4.81 5.72 6.92 5.38 4.81 5.92 7.05 7.35 8.45 7.69 5.97 6.71 8.77 6.43 7.10 7.67 8.33 9.85 8.62 9.36 10.97
8.03 7.78 7.49 7.99 8.44 8.15 7.13 7.13 7.35 7.16 7.43 7.60 7.62 8.37 8.54 7.97 7.58 6.94 7.38 7.63 7.69 7.59 7.78 7.52 7.72 7.40 7.42 7.22 7.32 7.35 6.73 6.61 6.48 6.41 6.22 6.48 6.68 6.13 5.91 5.69 5.74 5.68 5.51 5.95 5.63 5.83 5.41 6.03 6.74 6.18 4.58 5.39 6.39 6.53 5.34 5.81 6.47 5.53 6.71 5.93 4.76 6.17 5.80 6.31 6.43 6.20 5.74 6.48 8.05 8.66 5.89 5.88 8.83 9.35 8.70 8.35 10.30
7.98 8.11 8.04 7.97 8.06 8.35 7.11 6.92 7.47 7.60 7.68 7.10 7.65 8.36 7.40 7.48 7.61 6.78 6.94 7.41 7.47 7.43 7.80 7.76 7.95 7.33 6.46 6.69 7.26 6.83 6.73 6.44 6.22 6.28 5.56 6.18 6.32 5.62 5.51 5.70 5.62 5.82 5.32 5.66 5.44 5.29 5.58 5.94 5.89 5.33 4.77 5.82 6.01 5.53 5.55 6.28 6.38 5.83 5.74 6.08 5.28 5.15 6.50 6.72 6.48 5.70 5.48 5.55 7.94 7.34 5.23 5.47 7.66 10.88 7.53 7.02 10.33
8.21 8.08 7.72 7.86 7.52 7.79 7.06 6.98 7.65 7.81 8.11 7.54 7.19 7.44 7.39 7.31 7.04 6.97 6.77 6.41 6.76 6.70 7.12 7.48 7.08 7.56 6.68 6.32 6.75 6.80 6.56 6.78 6.34 5.55 5.33 6.14 5.86 5.34 5.64 6.14 6.06 6.26 6.17 5.77 5.88 5.39 5.32 5.09 4.97 4.86 5.35 5.31 5.16 5.38 5.83 5.95 5.91 6.03 5.90 5.54 5.26 5.34 5.85 6.22 6.09 6.72 5.62 5.10 8.79 7.70 4.10 6.17 8.21 10.46 9.56 6.46 9.99
7.65 7.65 7.82 8.28 7.74 8.15 7.32 6.89 7.67 8.35 8.64 8.48 7.65 7.08 6.89 7.46 7.32 7.17 7.28 6.93 7.29 6.97 6.83 6.90 6.85 7.02 7.08 5.55 6.35 6.79 6.83 6.69 5.69 5.12 6.65 6.11 5.21 5.17 5.91 6.37 6.12 6.70 6.60 5.57 6.01 5.80 5.13 5.27 5.05 5.11 5.39 4.91 4.53 5.53 6.09 5.63 5.45 5.71 5.74 5.24 5.66 5.68 5.12 5.70 6.44 6.83 6.01 5.77 8.09 8.99 4.01 5.81 9.33 10.83 8.73 6.15 9.15
6.64 7.28 6.98 7.34 8.12 7.73 7.15 7.23 7.62 7.93 8.37 8.21 7.80 7.98 7.75 7.07 7.00 7.31 7.67 7.67 7.31 6.72 6.80 7.03 7.46 6.64 6.08 6.02 6.08 5.58 6.26 6.32 5.50 5.79 6.64 6.23 5.94 6.02 6.04 6.11 6.41 6.58 6.12 5.49 5.74 5.56 5.01 4.97 5.43 5.39 5.37 4.39 5.22 5.86 5.94 4.39 4.56 5.92 5.47 5.35 5.40 5.25 5.16 5.62 6.82 6.96 5.78 7.24 9.52 8.14 4.91 5.79 10.30 10.34 5.55 8.67 11.10
