Files/BOM data/2019071620190716.grid
ncols 839
nrows 679
xllcenter 112.0500
yllcenter -43.9500
cellsize 0.0500
nodata_value 99999.90
[rows 170 to 203 of 679, columns 462 to 538 of 839]
17.76 17.47 17.33 17.48 17.42 17.18 17.23 17.45 17.35 17.46 17.64 18.02 18.11 18.26 18.27 18.25 18.39 18.39 18.52 18.53 18.54 18.55 18.54 18.52 18.51 18.48 18.47 18.48 18.54 18.47 18.47 18.46 18.47 18.45 18.43 18.43 18.45 18.46 18.44 18.43 18.40 18.40 18.42 18.45 18.41 18.45 18.48 18.51 18.49 18.49 18.47 18.45 18.46 18.47 18.44 18.45 18.47 18.47 18.47 18.48 18.44 18.45 18.46 18.45 18.46 18.45 18.38 18.46 18.46 18.43 18.42 18.41 18.40 18.35 18.41 18.28 18.32
17.91 18.08 18.07 17.83 17.69 17.36 17.52 17.37 17.64 17.48 17.64 17.70 17.79 18.18 18.22 18.22 18.34 18.39 18.47 18.51 18.48 18.52 18.52 18.51 18.48 18.50 18.46 18.48 18.50 18.46 18.45 18.44 18.45 18.45 18.44 18.42 18.41 18.44 18.41 18.43 18.37 18.41 18.42 18.43 18.45 18.45 18.45 18.45 18.45 18.47 18.45 18.47 18.45 18.45 18.46 18.44 18.45 18.44 18.45 18.46 18.48 18.46 18.45 18.47 18.46 18.44 18.42 18.47 18.49 18.36 18.38 18.36 18.35 18.40 18.41 18.37 18.35
18.04 18.17 18.06 17.93 17.81 17.73 17.69 17.63 17.83 17.58 17.67 17.71 17.62 17.79 18.20 18.19 18.36 18.31 18.45 18.43 18.43 18.42 18.48 18.51 18.46 18.49 18.42 18.40 18.42 18.43 18.43 18.42 18.41 18.42 18.40 18.41 18.37 18.40 18.42 18.40 18.36 18.41 18.42 18.41 18.44 18.42 18.43 18.43 18.44 18.41 18.43 18.43 18.41 18.41 18.42 18.42 18.41 18.42 18.42 18.42 18.42 18.44 18.42 18.44 18.42 18.40 18.39 18.49 18.48 18.34 18.32 18.36 18.45 18.40 18.38 18.37 18.35
18.23 18.26 18.33 18.23 17.68 17.68 17.78 18.07 18.13 17.90 18.05 18.02 18.00 17.70 17.84 18.03 18.19 18.29 18.40 18.44 18.40 18.42 18.45 18.46 18.44 18.44 18.42 18.37 18.41 18.41 18.42 18.42 18.40 18.40 18.39 18.39 18.37 18.40 18.42 18.40 18.38 18.35 18.40 18.40 18.39 18.39 18.41 18.40 18.40 18.42 18.41 18.43 18.39 18.40 18.40 18.40 18.41 18.45 18.46 18.46 18.45 18.43 18.42 18.40 18.35 18.34 18.33 18.35 18.40 18.36 18.31 18.36 18.37 18.39 18.37 18.33 18.34
18.23 18.25 18.42 18.32 17.95 17.87 17.85 17.88 17.98 17.97 17.85 17.82 18.08 18.15 18.09 17.84 17.85 18.14 18.33 18.36 18.38 18.38 18.41 18.42 18.38 18.42 18.40 18.36 18.33 18.37 18.42 18.38 18.41 18.36 18.37 18.34 18.35 18.41 18.44 18.42 18.43 18.39 18.41 18.37 18.35 18.36 18.33 18.38 18.41 18.39 18.38 18.37 18.39 18.37 18.39 18.39 18.40 18.38 18.36 18.40 18.41 18.40 18.40 18.39 18.39 18.38 18.34 18.35 18.37 18.38 18.36 18.33 18.33 18.36 18.34 18.29 18.26
18.23 18.21 18.32 18.35 18.17 18.03 18.12 17.96 17.84 18.15 17.90 17.71 18.07 18.21 18.15 18.07 17.82 17.82 18.10 18.30 18.36 18.37 18.39 18.43 18.40 18.32 18.37 18.39 18.34 18.36 18.40 18.38 18.39 18.36 18.33 18.31 18.33 18.36 18.37 18.39 18.39 18.37 18.58 18.45 18.42 18.41 18.35 18.37 18.39 18.40 18.36 18.35 18.35 18.40 18.36 18.36 18.39 18.39 18.43 18.42 18.39 18.38 18.38 18.40 18.39 18.35 18.37 18.35 18.31 18.32 18.31 18.36 18.33 18.34 18.34 18.30 18.28
18.15 18.30 18.31 18.27 18.20 18.10 18.16 18.17 18.23 18.31 17.95 17.62 18.02 17.99 18.01 18.12 18.10 17.85 17.82 18.07 18.24 18.34 18.35 18.30 18.35 18.34 18.37 18.37 18.37 18.37 18.39 18.39 18.35 18.28 18.33 18.31 18.35 18.34 18.26 18.28 18.32 18.37 18.47 18.41 18.42 18.43 18.42 18.42 18.42 18.36 18.32 18.40 18.31 18.32 18.40 18.36 18.37 18.40 18.37 18.39 18.36 18.38 18.36 18.38 18.37 18.36 18.36 18.34 18.31 18.33 18.34 18.31 18.32 18.31 18.30 18.33 18.30
18.39 18.31 18.29 18.21 18.07 18.15 18.29 18.03 18.21 18.23 18.16 17.87 17.85 18.07 18.04 17.94 18.15 18.08 18.10 17.98 18.00 18.23 18.32 18.25 18.20 18.29 18.36 18.37 18.35 18.37 18.37 18.36 18.38 18.30 18.24 18.25 18.31 18.33 18.29 18.26 18.38 18.40 18.44 18.38 18.35 18.37 18.42 18.39 18.40 18.36 18.37 18.38 18.39 18.40 18.41 18.33 18.32 18.37 18.38 18.36 18.33 18.33 18.32 18.34 18.33 18.33 18.32 18.30 18.31 18.31 18.31 18.33 18.31 18.30 18.27 18.26 18.25
18.43 18.38 18.33 18.37 18.22 18.18 18.25 18.16 18.05 18.19 18.18 18.19 18.14 18.11 18.19 18.16 18.16 18.26 18.08 18.16 18.09 18.10 18.21 18.26 18.19 18.23 18.30 18.31 18.35 18.34 18.31 18.32 18.34 18.28 18.22 18.24 18.31 18.30 18.29 18.28 18.35 18.37 18.45 18.36 18.34 18.37 18.41 18.40 18.39 18.39 18.44 18.37 18.32 18.40 18.39 18.31 18.32 18.30 18.34 18.32 18.30 18.32 18.31 18.33 18.32 18.32 18.33 18.31 18.30 18.28 18.27 18.31 18.29 18.28 18.27 18.27 18.22
18.33 18.22 18.30 18.37 18.34 18.26 18.26 18.21 18.16 18.29 18.37 18.20 18.27 18.16 18.04 18.23 18.16 18.28 18.25 18.16 18.32 18.27 18.25 18.11 18.12 18.12 18.22 18.29 18.33 18.32 18.31 18.28 18.32 18.31 18.27 18.31 18.38 18.29 18.32 18.24 18.30 18.32 18.37 18.35 18.37 18.37 18.39 18.37 18.44 18.39 18.36 18.31 18.38 18.40 18.36 18.30 18.30 18.28 18.32 18.31 18.29 18.30 18.31 18.33 18.30 18.34 18.33 18.30 18.28 18.24 18.28 18.32 18.29 18.25 18.24 18.22 18.19
18.25 18.16 18.14 18.28 18.29 18.15 18.21 18.32 18.02 18.19 18.28 18.22 18.29 18.25 18.14 18.20 18.25 18.11 18.22 18.20 18.26 18.14 18.21 18.18 18.10 18.03 18.06 18.21 18.27 18.33 18.31 18.27 18.24 18.26 18.30 18.32 18.35 18.31 18.30 18.28 18.29 18.28 18.32 18.29 18.33 18.33 18.31 18.32 18.34 18.30 18.28 18.31 18.32 18.32 18.29 18.23 18.27 18.26 18.28 18.27 18.28 18.30 18.28 18.30 18.29 18.32 18.31 18.29 18.29 18.26 18.30 18.27 18.27 18.24 18.24 18.25 18.22
18.16 18.16 18.10 18.17 18.34 18.25 18.17 18.34 18.10 18.11 18.24 18.17 18.30 18.22 18.09 18.02 18.21 18.18 18.18 18.09 18.07 18.12 18.19 18.26 18.29 18.12 18.07 18.08 18.17 18.25 18.25 18.25 18.25 18.27 18.32 18.27 18.32 18.32 18.28 18.22 18.18 18.24 18.28 18.29 18.32 18.29 18.31 18.35 18.37 18.28 18.27 18.28 18.29 18.30 18.26 18.23 18.19 18.20 18.22 18.25 18.26 18.28 18.26 18.31 18.27 18.27 18.27 18.25 18.26 18.28 18.27 18.24 18.23 18.25 18.23 18.23 18.23
18.19 18.19 18.22 18.23 18.24 18.18 18.24 18.35 18.26 18.20 18.25 18.08 18.12 18.18 18.18 17.96 18.20 18.28 18.11 18.07 18.01 18.12 18.12 18.15 18.23 18.25 18.22 18.11 17.98 18.12 18.23 18.21 18.23 18.26 18.21 18.26 18.31 18.28 18.24 18.23 18.20 18.21 18.22 18.28 18.26 18.31 18.31 18.31 18.29 18.27 18.25 18.28 18.29 18.25 18.27 18.23 18.23 18.22 18.26 18.25 18.25 18.26 18.26 18.26 18.24 18.23 18.24 18.26 18.28 18.26 18.27 18.23 18.22 18.22 18.22 18.23 18.21
18.18 18.19 18.17 18.32 18.25 18.14 18.25 18.31 18.32 18.09 18.11 18.22 18.04 18.13 18.05 18.03 18.16 18.30 18.19 17.98 18.01 18.17 18.03 17.92 17.97 18.15 18.29 18.25 18.12 18.10 18.20 18.24 18.23 18.22 18.22 18.29 18.27 18.25 18.23 18.19 18.19 18.20 18.28 18.26 18.27 18.29 18.27 18.29 18.32 18.25 18.23 18.24 18.23 18.23 18.24 18.20 18.22 18.19 18.21 18.20 18.23 18.20 18.23 18.23 18.22 18.22 18.24 18.25 18.26 18.24 18.25 18.25 18.22 18.20 18.18 18.22 18.19
18.12 18.16 18.23 18.21 18.25 18.23 18.19 18.21 18.21 18.16 18.09 18.18 18.11 18.14 18.05 18.08 18.26 18.27 18.18 18.05 17.92 17.96 17.79 17.86 18.05 17.92 18.16 18.25 18.22 18.09 18.15 18.19 18.21 18.18 18.22 18.24 18.21 18.27 18.24 18.21 18.16 18.17 18.27 18.22 18.23 18.25 18.27 18.30 18.28 18.23 18.19 18.17 18.22 18.23 18.17 18.22 18.21 18.17 18.21 18.17 18.18 18.21 18.23 18.24 18.28 18.24 18.23 18.21 18.23 18.25 18.27 18.25 18.20 18.19 18.20 18.19 18.21
18.10 18.24 18.36 18.33 18.23 18.29 18.23 18.23 18.28 18.17 18.21 18.15 18.24 18.15 18.19 18.06 18.09 18.27 18.27 18.21 18.16 18.03 17.86 17.89 18.08 18.01 18.03 18.20 18.18 18.00 18.00 18.13 18.10 18.05 18.24 18.27 18.25 18.20 18.25 18.24 18.20 18.17 18.27 18.18 18.17 18.20 18.18 18.18 18.18 18.13 18.17 18.14 18.16 18.14 18.12 18.14 18.11 18.14 18.19 18.15 18.18 18.16 18.18 18.20 18.28 18.18 18.22 18.23 18.21 18.18 18.23 18.25 18.20 18.15 18.15 18.15 18.16
18.09 18.12 18.21 18.21 18.26 18.32 18.24 18.16 18.18 18.16 18.12 18.10 18.18 18.22 18.17 18.12 17.97 18.15 18.18 18.23 18.22 18.17 18.02 17.99 18.13 18.15 17.96 18.13 18.13 18.13 18.00 18.05 18.12 18.10 18.09 18.23 18.18 18.18 18.18 18.18 18.18 18.08 18.19 18.20 18.18 18.17 18.14 18.14 18.14 18.13 18.12 18.08 18.10 18.06 18.05 18.05 18.14 18.15 18.17 18.17 18.13 18.17 18.17 18.20 18.25 18.19 18.21 18.18 18.17 18.23 18.22 18.22 18.20 18.17 18.14 18.15 18.12
18.10 18.10 18.13 18.09 18.16 18.18 18.14 18.11 18.11 18.08 18.07 18.12 18.10 18.14 18.14 18.13 18.03 18.05 18.16 18.21 18.10 18.20 18.13 17.93 18.09 18.14 18.09 18.07 18.12 18.18 18.07 18.03 18.10 18.16 18.13 18.15 18.18 18.17 18.17 18.12 18.08 18.09 18.20 18.25 18.18 18.17 18.15 18.15 18.14 18.12 18.10 18.05 18.04 18.02 18.00 18.06 18.07 18.17 18.18 18.13 18.08 18.11 18.12 18.12 18.17 18.18 18.20 18.18 18.20 18.17 18.17 18.16 18.20 18.16 18.12 18.13 18.11
18.08 18.10 18.09 18.06 18.06 18.07 18.11 18.06 18.08 18.07 18.06 18.09 18.08 18.09 18.04 18.06 18.04 18.04 18.01 18.07 18.18 18.19 18.19 18.09 18.07 18.11 18.07 18.02 18.12 18.13 18.02 18.02 18.05 18.09 18.17 18.12 18.12 18.16 18.19 18.12 18.04 17.98 18.09 18.22 18.18 18.16 18.13 18.14 18.14 18.14 18.17 18.02 18.05 18.09 18.07 18.00 18.02 18.11 18.08 18.08 18.07 18.01 18.08 18.12 18.12 18.13 18.17 18.14 18.10 18.09 18.10 18.11 18.13 18.11 18.10 18.11 18.09
18.11 18.10 18.11 18.07 18.03 18.06 18.10 18.05 18.08 18.07 18.06 18.07 18.03 18.06 18.02 18.06 18.08 18.10 17.99 18.00 18.07 18.14 18.14 18.16 18.11 18.11 18.05 18.12 18.18 18.07 18.03 18.07 18.00 17.95 18.16 18.23 18.21 18.12 18.08 18.11 18.13 18.04 18.07 18.12 18.11 18.09 18.09 18.10 18.08 18.15 18.21 18.09 18.03 18.05 18.05 18.00 18.00 18.01 18.04 17.99 18.04 18.10 18.15 18.10 18.09 18.12 18.13 18.11 18.04 18.08 18.06 18.03 18.07 18.13 18.10 18.07 18.05
18.06 18.08 18.10 18.07 18.06 18.05 18.07 18.00 18.01 17.99 18.01 18.01 18.01 18.04 18.04 18.05 18.05 18.06 18.04 18.00 18.02 18.05 18.01 18.09 18.05 18.13 18.04 18.09 18.18 18.11 18.03 18.05 17.96 17.75 18.08 18.17 18.15 18.16 18.13 18.00 18.08 18.05 18.07 18.07 18.06 18.02 18.06 18.09 18.07 18.12 18.19 18.13 17.95 17.92 18.04 18.04 17.90 17.96 18.11 18.13 18.06 18.06 18.11 18.09 18.06 18.07 18.09 18.07 18.03 18.02 18.03 18.05 18.06 18.08 18.08 18.06 18.01
18.06 18.06 18.09 18.10 18.07 18.09 18.07 18.02 18.03 18.01 18.02 17.99 17.99 18.04 18.02 18.05 18.06 18.05 18.06 18.03 18.06 18.03 18.04 18.13 18.09 18.09 18.11 18.07 18.10 18.14 18.10 18.04 17.96 17.76 18.08 18.09 18.06 18.03 18.08 18.11 17.93 18.01 18.05 18.03 18.02 18.00 18.04 18.05 17.99 18.03 18.00 18.10 17.97 17.95 18.00 18.02 18.06 18.07 18.01 17.99 18.07 18.07 18.05 18.02 18.01 18.05 18.04 18.03 18.06 17.99 18.03 18.01 18.00 17.99 18.05 18.05 18.00
18.03 18.04 18.06 18.08 18.08 18.11 18.04 18.02 18.03 18.01 18.00 17.97 17.96 18.00 18.03 18.04 18.03 18.05 18.05 18.03 18.02 18.05 18.01 18.04 18.08 18.10 18.05 18.00 17.99 18.06 18.10 18.00 18.04 17.96 17.96 18.00 18.04 18.04 18.03 17.97 17.97 17.98 18.07 18.07 18.07 18.06 18.01 18.02 17.99 17.98 17.99 18.03 17.98 18.02 18.05 18.04 18.05 17.98 17.99 18.03 17.98 18.02 18.00 17.99 18.00 18.02 18.09 18.07 17.99 18.00 18.00 18.03 17.97 18.01 18.01 18.06 18.02
18.02 18.01 18.01 18.01 18.06 18.06 18.03 18.01 17.98 18.00 18.00 17.95 17.93 17.95 17.98 17.98 17.99 18.00 17.98 17.95 17.99 18.03 18.05 18.04 18.04 18.07 18.03 18.02 17.97 18.01 18.03 18.05 18.13 18.11 18.04 18.01 18.02 17.93 18.00 17.96 17.94 18.04 18.02 18.06 18.03 18.00 18.00 17.97 17.97 17.99 18.01 17.96 17.90 17.98 17.97 17.93 17.93 17.89 17.97 18.05 17.97 17.98 17.94 18.01 18.05 18.02 18.03 18.02 18.02 17.99 17.96 18.02 17.96 18.02 18.02 18.00 17.99
17.96 17.95 17.98 17.98 18.01 18.01 18.00 18.00 17.95 17.96 17.95 17.96 17.91 17.94 17.95 17.96 17.97 18.00 17.98 17.88 17.97 18.01 17.97 17.97 18.00 18.02 18.01 17.99 18.05 18.04 17.99 17.97 18.11 18.10 18.08 17.97 17.88 17.89 17.99 17.98 17.94 17.97 17.98 18.01 18.01 17.99 17.99 17.96 17.97 17.94 17.96 17.94 17.89 18.01 18.05 17.95 17.85 17.83 17.91 17.98 17.95 17.96 17.95 17.95 18.00 18.01 18.02 18.01 17.99 17.97 17.93 18.02 17.98 18.00 17.98 17.99 17.99
17.94 17.89 17.95 17.98 17.97 17.98 17.97 17.97 17.97 17.95 17.98 17.95 17.91 17.93 17.89 17.93 17.94 17.97 17.93 17.95 17.95 18.00 17.97 17.99 17.97 17.97 17.96 17.98 18.02 18.00 17.97 17.95 18.00 17.98 17.89 17.87 17.89 17.82 17.94 17.97 17.90 17.92 17.95 17.92 17.95 17.97 17.96 17.98 17.98 17.96 17.96 17.94 17.96 17.97 17.97 18.01 17.86 17.77 17.83 17.86 17.91 17.94 17.96 17.95 18.02 17.96 17.97 17.96 18.00 17.95 17.99 17.97 17.95 17.98 17.93 17.97 17.99
17.88 17.88 17.89 17.92 17.92 17.94 17.92 17.94 17.93 17.95 17.95 17.97 17.93 17.91 17.91 17.94 17.92 17.94 17.93 17.95 17.98 17.97 17.97 17.95 17.93 17.93 17.92 17.93 17.96 17.87 17.92 17.94 17.94 17.93 17.83 17.72 17.95 17.78 17.92 17.95 17.93 17.92 17.90 17.85 17.90 17.94 17.94 17.99 17.96 17.94 17.91 17.98 17.92 17.83 17.83 17.86 17.76 17.80 17.87 17.89 17.87 17.93 17.91 17.96 17.96 17.93 17.93 17.95 17.96 17.96 17.95 17.93 17.92 17.94 17.94 17.97 17.98
17.89 17.89 17.89 17.91 17.87 17.88 17.88 17.89 17.91 17.89 17.95 17.93 17.94 17.90 17.88 17.87 17.85 17.82 17.91 17.89 17.87 17.94 17.92 17.91 17.90 17.89 17.87 17.87 17.90 17.86 17.85 17.89 17.93 17.89 17.82 17.79 17.82 17.88 17.87 17.92 17.89 17.87 17.88 17.91 17.91 17.92 17.90 17.95 17.94 17.94 17.89 17.90 17.86 17.73 17.68 17.86 17.72 17.77 17.80 17.87 17.86 17.88 17.89 17.90 17.90 17.91 17.89 17.94 17.91 17.90 17.90 17.88 17.91 17.91 17.92 17.94 17.93
17.86 17.85 17.81 17.89 17.85 17.83 17.85 17.88 17.89 17.88 17.88 17.89 17.91 17.89 17.87 17.85 17.85 17.85 17.87 17.88 17.79 17.89 17.88 17.89 17.88 17.85 17.83 17.83 17.83 17.80 17.80 17.89 17.90 17.90 17.84 17.80 17.61 17.81 17.89 17.89 17.85 17.84 17.92 17.97 17.92 17.92 17.88 17.91 17.94 17.89 17.88 17.89 17.85 17.74 17.60 17.73 17.89 17.87 17.80 17.78 17.87 17.86 17.85 17.87 17.88 17.89 17.86 17.90 17.92 17.91 17.92 17.89 17.88 17.90 17.88 17.88 17.88
17.85 17.84 17.80 17.84 17.84 17.83 17.85 17.88 17.88 17.86 17.82 17.86 17.89 17.87 17.85 17.86 17.85 17.87 17.87 17.88 17.82 17.85 17.89 17.86 17.85 17.83 17.78 17.77 17.77 17.79 17.76 17.79 17.85 17.93 17.92 17.77 17.51 17.71 17.76 17.87 17.83 17.81 17.91 17.94 17.87 17.91 17.85 17.85 17.86 17.88 17.84 17.89 17.87 17.77 17.69 17.75 17.80 17.86 17.86 17.95 17.84 17.85 17.82 17.84 17.82 17.83 17.81 17.85 17.89 17.87 17.88 17.86 17.86 17.84 17.84 17.88 17.91
17.84 17.84 17.82 17.81 17.82 17.80 17.80 17.86 17.83 17.82 17.86 17.86 17.85 17.83 17.80 17.80 17.82 17.85 17.85 17.86 17.81 17.84 17.88 17.85 17.81 17.80 17.73 17.73 17.74 17.78 17.76 17.75 17.88 17.91 17.87 17.75 17.51 17.69 17.85 17.90 17.87 17.86 17.88 17.88 17.90 17.89 17.87 17.87 17.81 17.87 17.88 17.88 17.90 17.85 17.81 17.81 17.74 17.74 17.88 17.96 17.82 17.84 17.84 17.82 17.74 17.74 17.77 17.80 17.85 17.86 17.83 17.87 17.81 17.84 17.82 17.85 17.83
17.79 17.81 17.80 17.80 17.81 17.81 17.81 17.80 17.79 17.83 17.84 17.83 17.84 17.82 17.81 17.77 17.77 17.83 17.82 17.84 17.83 17.83 17.82 17.83 17.79 17.80 17.73 17.71 17.71 17.73 17.79 17.79 17.78 17.78 17.75 17.76 17.64 17.57 17.75 17.75 17.87 17.87 17.87 17.83 17.82 17.78 17.83 17.85 17.80 17.84 17.85 17.87 17.85 17.85 17.86 17.80 17.73 17.70 17.77 17.80 17.83 17.79 17.80 17.72 17.72 17.72 17.72 17.78 17.80 17.82 17.81 17.82 17.81 17.79 17.81 17.83 17.77
17.76 17.78 17.78 17.79 17.78 17.80 17.78 17.79 17.81 17.79 17.81 17.78 17.81 17.81 17.78 17.78 17.78 17.78 17.77 17.80 17.84 17.81 17.78 17.79 17.75 17.72 17.73 17.73 17.69 17.74 17.72 17.75 17.71 17.74 17.73 17.74 17.78 17.70 17.77 17.86 17.82 17.86 17.91 17.87 17.86 17.83 17.82 17.85 17.81 17.82 17.83 17.85 17.76 17.74 17.84 17.76 17.89 17.81 17.80 17.98 17.86 17.82 17.73 17.74 17.74 17.71 17.69 17.75 17.77 17.79 17.77 17.80 17.74 17.75 17.67 17.73 17.75
17.72 17.75 17.77 17.76 17.79 17.79 17.74 17.71 17.75 17.74 17.78 17.77 17.78 17.79 17.77 17.75 17.76 17.75 17.78 17.79 17.78 17.77 17.72 17.75 17.69 17.55 17.71 17.67 17.67 17.72 17.70 17.70 17.71 17.73 17.70 17.70 17.78 17.71 17.78 17.89 17.89 17.90 17.82 17.78 17.78 17.81 17.80 17.83 17.83 17.82 17.78 17.81 17.76 17.73 17.72 17.70 17.78 17.76 17.76 17.76 17.79 17.82 17.81 17.71 17.68 17.74 17.70 17.64 17.64 17.65 17.76 17.73 17.66 17.60 17.47 17.66 17.75
