Files/BOM data/2019070220190702.grid
ncols 839
nrows 679
xllcenter 112.0500
yllcenter -43.9500
cellsize 0.0500
nodata_value 99999.90
[rows 374 to 407 of 679, columns 462 to 538 of 839]
13.54 13.55 13.51 13.53 13.49 13.50 13.55 13.50 13.52 13.49 13.48 13.48 13.50 13.53 13.55 13.54 13.57 13.55 13.55 13.54 13.50 13.51 13.50 13.52 13.55 13.58 13.58 13.55 13.57 13.56 13.55 13.57 13.58 13.58 13.52 13.49 13.23 13.66 13.58 13.15 13.61 13.59 13.60 13.54 13.66 13.69 13.75 13.64 13.74 13.12 12.98 13.20 13.48 13.49 13.42 13.47 13.53 13.49 13.47 13.48 13.46 13.49 13.51 13.54 13.50 13.54 13.52 13.50 13.39 13.53 13.56 13.54 13.53 13.42 13.41 13.52 13.49
13.47 13.51 13.48 13.43 13.37 13.40 13.37 13.40 13.47 13.43 13.45 13.48 13.56 13.54 13.53 13.52 13.50 13.51 13.51 13.52 13.47 13.50 13.54 13.53 13.57 13.56 13.51 13.53 13.53 13.54 13.54 13.56 13.54 13.57 13.51 13.58 13.61 13.52 13.51 13.53 13.50 13.54 13.56 13.44 13.66 13.56 13.63 13.62 13.56 13.17 12.73 12.83 13.26 13.26 13.39 13.13 13.38 13.38 13.41 13.45 13.40 13.42 13.49 13.50 13.49 13.44 13.51 13.50 13.49 13.48 13.52 13.51 13.52 13.43 13.45 13.43 13.41
13.39 13.35 13.33 13.35 13.34 13.45 13.31 13.32 13.37 13.47 13.53 13.52 13.54 13.52 13.48 13.49 13.48 13.49 13.51 13.49 13.47 13.49 13.49 13.50 13.52 13.52 13.50 13.50 13.51 13.54 13.50 13.52 13.53 13.52 13.46 13.51 13.46 13.45 13.46 13.47 13.49 13.60 13.49 13.46 13.45 13.61 13.66 13.65 13.31 13.09 13.10 12.77 13.36 13.24 13.24 13.34 13.30 13.04 13.28 13.34 13.39 13.39 13.51 13.50 13.42 13.49 13.52 13.49 13.49 13.44 13.49 13.41 13.44 13.36 13.45 13.37 13.52
13.30 13.34 13.41 13.46 13.43 13.41 13.27 13.29 13.28 13.40 13.51 13.47 13.48 13.46 13.49 13.47 13.47 13.46 13.45 13.43 13.43 13.43 13.46 13.47 13.48 13.44 13.49 13.49 13.50 13.51 13.48 13.51 13.47 13.50 13.50 13.50 13.44 13.42 13.43 13.47 13.57 13.50 13.53 13.42 13.52 13.37 13.42 13.40 13.16 13.02 13.06 12.95 13.26 13.36 13.27 13.36 13.31 13.13 13.25 13.40 13.38 13.34 13.49 13.50 13.44 13.46 13.45 13.46 13.41 13.33 13.41 13.41 13.42 13.46 13.52 13.46 13.36
13.35 13.35 13.43 13.46 13.46 13.43 13.38 13.42 13.37 13.34 13.46 13.46 13.43 13.39 13.43 13.40 13.38 13.41 13.43 13.38 13.44 13.42 13.42 13.43 13.44 13.46 13.47 13.48 13.47 13.47 13.49 13.48 13.39 13.49 13.47 13.42 13.46 13.42 13.41 13.44 13.53 13.46 13.41 13.46 13.53 13.40 13.36 13.10 13.06 13.14 13.19 13.06 13.13 13.41 13.36 13.33 13.39 13.35 13.35 13.41 13.43 13.45 13.44 13.44 13.43 13.40 13.44 13.42 13.40 13.38 13.41 13.39 13.42 13.46 13.46 13.43 13.37
13.35 13.36 13.43 13.38 13.44 13.41 13.40 13.39 13.40 13.41 13.41 13.44 13.43 13.40 13.33 13.35 13.40 13.33 13.36 13.37 13.39 13.39 13.40 13.42 13.43 13.22 13.46 13.48 13.44 13.46 13.47 13.45 13.41 13.47 13.48 13.49 13.45 13.45 13.43 13.48 13.46 13.41 13.40 13.49 13.49 13.42 13.34 12.98 12.92 13.16 13.07 13.23 13.39 13.19 13.25 13.13 13.23 13.21 13.24 13.30 13.28 13.37 13.37 13.40 13.45 13.39 13.43 13.41 13.40 13.28 13.40 13.33 13.38 13.38 13.38 13.41 13.33
13.38 13.38 13.37 13.37 13.40 13.44 13.45 13.44 13.44 13.46 13.44 13.43 13.44 13.41 13.40 13.38 13.42 13.40 13.40 13.38 13.37 13.37 13.38 13.41 13.38 13.22 13.44 13.43 13.41 13.44 13.42 13.42 13.31 13.44 13.41 13.44 13.44 13.42 13.41 13.43 13.45 13.40 13.42 13.50 13.48 13.35 13.34 13.29 13.28 13.13 13.30 13.36 13.32 13.24 13.04 12.83 12.76 12.98 13.11 13.23 13.31 13.37 13.38 13.36 13.32 13.38 13.39 13.38 13.37 13.29 13.31 13.31 13.37 13.33 13.32 13.33 13.28
13.31 13.35 13.36 13.37 13.40 13.41 13.42 13.45 13.43 13.42 13.39 13.39 13.39 13.38 13.37 13.31 13.40 13.40 13.38 13.37 13.39 13.35 13.23 13.35 13.39 13.40 13.40 13.39 13.40 13.40 13.40 13.40 13.41 13.41 13.40 13.41 13.40 13.41 13.39 13.42 13.42 13.41 13.42 13.42 13.35 13.33 13.32 13.30 13.27 13.31 13.38 13.37 13.27 13.22 13.15 13.17 13.04 13.14 13.12 13.32 13.21 13.23 13.26 13.32 13.27 13.30 13.30 13.28 13.27 13.29 13.25 13.30 13.37 13.37 13.34 13.29 13.27
13.27 13.36 13.33 13.34 13.36 13.36 13.41 13.40 13.39 13.37 13.34 13.35 13.35 13.34 13.34 13.37 13.38 13.34 13.33 13.40 13.37 13.36 13.14 13.01 13.37 13.37 13.37 13.35 13.35 13.39 13.37 13.34 13.35 13.36 13.37 13.41 13.38 13.37 13.36 13.36 13.37 13.35 13.35 13.39 13.33 13.31 13.30 13.10 13.15 13.27 13.32 13.27 13.25 13.23 13.28 13.20 13.14 13.14 13.09 13.22 13.23 13.13 13.19 13.12 13.18 13.28 13.28 13.28 13.31 13.38 13.31 13.28 13.39 13.31 13.26 13.27 13.29
13.33 13.34 13.33 13.33 13.33 13.35 13.36 13.35 13.37 13.32 13.35 13.31 13.30 13.29 13.37 13.33 13.35 13.34 13.36 13.35 13.34 13.36 13.28 13.05 13.36 13.36 13.34 13.25 13.29 13.28 13.34 13.32 13.34 13.35 13.29 13.35 13.37 13.34 13.33 13.29 13.37 13.34 13.35 13.22 13.16 13.15 13.26 13.10 12.89 13.08 13.20 13.15 13.23 13.16 13.20 13.14 13.06 13.12 13.16 13.19 13.22 13.12 13.06 13.20 13.24 13.31 13.33 13.33 13.31 13.34 13.31 13.31 13.39 13.35 13.37 13.36 13.36
13.23 13.30 13.30 13.31 13.32 13.33 13.31 13.31 13.29 13.26 13.31 13.34 13.32 13.32 13.34 13.34 13.33 13.35 13.33 13.34 13.32 13.33 13.34 13.32 13.34 13.30 13.31 13.27 13.25 13.28 13.26 13.31 13.34 13.32 13.29 13.34 13.32 13.33 13.27 13.32 13.20 13.18 13.19 12.87 13.01 12.91 12.94 12.83 13.02 13.04 13.15 13.11 13.18 13.13 13.20 13.24 13.26 13.26 13.25 13.23 13.19 13.23 13.25 13.28 13.31 13.34 13.34 13.37 13.36 13.36 13.31 13.32 13.30 13.28 13.31 13.32 13.33
13.26 13.33 13.33 13.34 13.32 13.31 13.29 13.33 13.31 13.30 13.32 13.30 13.30 13.29 13.33 13.32 13.30 13.31 13.31 13.31 13.31 13.31 13.28 13.33 13.31 13.30 13.29 13.31 13.29 13.29 13.24 13.27 13.29 13.28 13.28 13.21 13.24 13.28 13.31 13.26 13.21 13.16 13.12 12.82 12.97 12.84 13.01 13.08 13.04 13.22 13.18 13.23 13.15 13.13 13.22 13.22 13.14 13.26 13.27 13.30 13.28 13.23 13.27 13.32 13.31 13.31 13.30 13.27 13.28 13.29 13.22 13.28 13.31 13.31 13.29 13.31 13.30
13.24 13.25 13.26 13.26 13.27 13.22 13.27 13.25 13.26 13.23 13.24 13.31 13.28 13.24 13.27 13.25 13.22 13.23 13.26 13.27 13.28 13.30 13.28 13.32 13.30 13.28 13.25 13.23 13.24 13.22 13.23 13.20 13.17 13.13 13.14 13.13 13.17 13.19 13.21 13.21 13.01 12.94 12.46 12.41 12.87 12.88 13.14 13.24 13.13 13.30 13.17 13.13 13.26 13.24 13.22 13.19 13.26 13.25 13.21 13.19 13.23 13.27 13.23 13.18 13.21 13.22 13.26 13.26 13.23 13.25 13.27 13.29 13.28 13.27 13.23 13.28 13.25
13.22 13.19 13.22 13.17 13.21 13.19 13.24 13.20 13.16 13.21 13.22 13.26 13.26 13.22 13.24 13.17 13.03 13.08 13.04 13.02 13.22 13.29 13.27 13.28 13.27 13.24 13.21 13.16 13.01 13.18 13.22 13.25 13.16 13.09 13.17 13.03 13.03 13.22 13.20 13.18 13.02 12.82 12.37 12.64 12.94 13.05 13.14 13.16 13.03 13.17 13.18 13.24 13.23 13.22 13.18 13.20 13.21 13.19 13.17 13.12 13.10 13.14 13.23 13.17 13.23 13.24 13.23 13.24 13.28 13.29 13.27 13.26 13.22 13.27 13.25 13.28 13.25
13.23 13.16 13.13 13.09 13.11 13.18 13.21 13.20 13.19 13.22 13.14 13.17 13.18 13.22 13.22 13.20 13.11 13.08 12.99 12.98 13.15 13.19 13.09 13.18 13.21 13.13 13.05 13.20 13.10 13.13 13.21 13.15 13.16 13.06 12.99 13.08 13.22 13.21 13.19 13.14 13.14 12.79 12.89 13.09 13.07 12.97 13.17 13.20 13.22 13.19 13.26 13.24 13.22 13.22 13.14 13.10 13.06 13.23 13.22 13.16 13.09 13.11 13.24 13.22 13.26 13.26 13.24 13.25 13.22 13.23 13.26 13.25 13.22 13.21 13.21 13.24 13.22
13.18 13.11 13.08 12.76 12.96 13.07 13.15 13.14 13.23 13.21 13.19 13.04 13.06 13.15 13.14 13.18 13.04 13.03 13.11 12.92 13.06 13.02 13.01 13.14 13.10 12.98 13.18 13.12 12.99 13.16 13.16 13.01 13.02 13.05 13.07 13.00 13.21 13.24 13.23 13.10 12.91 12.87 13.16 13.23 13.25 13.19 13.14 13.00 13.08 13.19 13.19 13.20 13.25 13.13 13.04 13.14 13.23 13.19 13.18 13.02 13.07 13.21 13.26 13.24 13.23 13.22 13.23 13.23 13.21 13.24 13.22 13.21 13.19 13.17 13.22 13.21 13.20
13.22 13.03 13.19 12.86 13.00 12.96 13.09 13.17 13.20 13.19 13.24 13.17 13.08 13.06 13.14 13.13 13.06 12.91 13.06 13.02 13.07 13.06 12.97 13.03 12.94 13.05 12.87 13.14 13.19 13.14 13.14 13.05 12.89 12.88 13.05 13.11 13.19 13.22 13.15 13.12 12.96 12.96 13.14 13.16 13.12 13.12 13.00 13.19 12.85 13.12 13.23 13.17 13.19 13.19 13.21 13.17 13.19 13.17 13.16 13.21 13.19 13.19 13.20 13.17 13.19 13.17 13.20 13.21 13.21 13.23 13.19 13.22 13.20 13.22 13.20 13.17 13.18
13.16 13.13 12.73 12.93 13.11 12.94 13.02 13.06 13.20 13.20 13.20 13.20 13.14 13.03 13.14 13.17 13.09 13.09 13.14 13.14 13.14 13.14 13.09 12.99 13.07 13.14 13.03 13.00 13.05 13.12 13.10 13.10 13.10 13.06 12.92 13.07 13.12 13.00 13.04 13.03 12.97 13.01 13.01 13.13 13.03 13.00 13.04 13.13 13.11 13.16 13.14 13.18 13.20 13.16 13.20 13.17 13.18 13.14 13.17 13.16 13.16 13.16 13.14 13.11 13.16 13.11 13.14 13.17 13.20 13.19 13.19 13.19 13.17 13.16 13.18 13.15 13.15
13.10 13.14 12.99 13.18 13.07 13.09 13.04 13.14 13.09 13.03 12.99 13.11 13.10 13.17 13.13 13.12 13.12 13.08 13.07 13.14 13.08 12.93 12.94 12.91 12.99 13.05 13.01 12.95 13.03 12.99 12.84 12.96 12.94 12.88 12.94 13.00 13.01 12.86 12.83 12.87 12.99 13.07 13.08 13.01 13.03 13.04 13.14 13.10 13.15 13.12 13.11 13.11 13.14 13.11 13.15 13.14 13.14 13.14 13.14 13.17 13.15 13.17 13.13 13.17 13.14 13.12 13.10 13.15 13.16 13.17 13.18 13.15 13.18 13.15 13.15 13.12 13.10
13.04 12.92 13.00 13.02 13.05 13.03 13.04 13.05 12.87 12.87 12.95 13.12 13.07 13.09 12.99 12.77 12.89 13.07 13.04 13.09 12.92 12.85 12.83 12.91 12.88 12.95 12.95 13.06 13.02 12.89 12.84 12.96 12.83 12.99 13.01 12.96 12.90 12.88 13.08 13.03 13.17 13.13 13.06 13.16 13.13 13.12 13.11 13.12 13.12 13.07 13.13 13.10 13.13 13.13 13.15 13.13 13.12 13.10 13.10 13.17 13.13 13.12 13.14 13.15 13.09 13.14 13.11 13.02 13.14 13.13 13.12 13.10 13.10 13.10 13.12 13.12 13.13
12.99 12.85 12.96 12.96 12.99 13.08 13.04 12.89 13.01 13.03 13.10 13.02 12.97 12.93 13.15 12.95 13.00 13.02 13.07 13.05 12.95 12.99 12.89 12.89 12.98 12.86 12.98 13.00 13.09 13.05 13.03 12.97 13.00 13.02 13.04 12.93 13.10 13.11 13.11 13.03 13.14 13.10 13.09 13.15 13.10 13.11 13.10 13.11 13.09 13.11 13.06 13.11 13.09 13.10 13.11 13.09 13.10 13.05 13.11 13.09 13.11 13.08 13.12 13.11 13.11 13.15 13.12 13.07 13.10 13.08 13.12 13.06 13.10 13.07 13.10 13.10 13.12
13.00 13.02 12.99 12.83 12.95 12.95 12.96 12.96 13.04 13.06 13.03 12.88 12.91 13.00 12.98 13.03 13.03 13.06 12.98 13.00 13.05 13.10 12.96 12.91 12.90 12.94 13.03 12.96 13.04 13.05 12.98 13.05 12.99 13.10 13.02 12.97 13.12 13.07 13.07 12.95 13.09 13.04 13.08 13.09 13.09 13.07 13.06 13.09 13.09 13.09 13.09 13.12 13.09 13.07 13.06 13.07 13.08 13.05 13.08 13.05 13.03 13.08 13.06 13.07 13.07 13.12 13.11 13.09 13.08 13.09 13.08 13.07 13.09 13.06 13.06 13.09 13.10
12.92 12.96 12.99 12.95 13.00 13.04 13.06 13.02 13.03 13.09 13.06 13.10 13.11 13.10 13.06 13.04 13.08 13.08 13.10 13.09 13.08 13.09 13.07 12.91 12.82 13.06 13.09 13.08 13.08 13.06 13.06 13.05 13.12 13.08 13.11 13.04 13.07 13.05 13.08 13.05 13.05 13.02 13.09 13.08 13.07 13.06 13.08 13.02 13.06 13.06 13.05 13.07 13.04 13.04 13.03 13.03 13.05 13.03 13.04 13.05 13.04 13.06 13.05 13.06 13.04 13.08 13.09 13.11 13.08 13.07 13.07 13.08 13.07 13.04 13.00 13.06 13.07
12.99 12.96 13.04 13.05 12.84 12.84 12.95 12.73 12.97 13.02 12.80 12.93 12.95 12.83 12.93 12.98 12.96 13.02 12.91 12.97 13.01 13.05 13.06 13.06 13.01 13.06 13.02 13.07 13.06 13.08 13.07 13.09 13.04 13.01 13.05 13.04 13.04 13.01 13.05 13.04 13.00 12.98 13.00 13.04 13.02 13.05 13.03 13.05 13.02 13.02 13.03 13.03 13.02 13.03 13.03 13.04 13.03 13.02 13.01 13.04 13.04 13.05 13.05 13.07 13.03 13.06 13.07 13.08 13.08 13.04 12.99 13.03 12.98 13.02 13.04 13.00 13.05
12.91 12.90 12.90 12.72 12.71 12.77 12.63 12.49 12.84 12.79 12.88 12.90 12.72 12.70 12.97 12.98 12.98 12.90 12.66 12.74 12.84 13.03 12.94 12.98 12.93 12.92 12.99 12.99 13.02 13.01 13.05 13.02 13.01 13.01 13.00 13.01 13.03 13.00 13.02 13.00 13.02 12.99 13.00 12.99 13.01 13.02 13.01 13.03 12.99 13.04 13.01 12.99 12.99 13.01 13.00 12.99 13.01 12.99 13.02 13.01 13.01 12.98 13.03 13.02 13.02 13.03 13.04 13.05 13.05 13.04 13.00 13.00 13.00 12.97 13.02 12.98 13.04
12.76 12.58 12.74 12.79 12.62 12.62 12.53 12.47 12.75 12.70 12.45 12.50 12.60 12.76 12.98 12.90 12.87 12.69 12.94 12.87 12.94 13.02 13.01 12.98 12.90 12.89 12.97 12.96 12.99 12.97 12.99 13.00 13.00 12.99 12.99 12.98 12.97 12.99 12.98 12.98 13.01 12.99 13.02 12.97 12.96 13.02 12.99 12.99 12.99 13.00 12.98 12.98 12.99 12.99 13.00 12.96 13.00 12.98 12.99 12.99 12.98 12.85 12.99 13.01 13.01 13.02 13.02 13.03 13.03 13.01 13.02 13.01 13.00 13.02 13.02 13.01 13.00
12.88 12.89 12.88 12.93 12.86 12.71 12.70 12.74 12.85 12.91 12.88 12.79 12.68 12.89 12.98 12.84 12.88 12.75 12.90 12.91 12.92 12.98 12.88 12.99 12.95 12.91 12.92 12.95 12.92 12.94 12.97 12.96 12.97 12.95 12.97 12.94 12.99 12.98 12.96 12.98 12.97 12.96 12.99 12.94 12.97 12.94 12.97 12.95 12.95 12.96 12.96 12.99 12.96 12.99 12.99 12.99 12.98 12.98 12.96 12.96 12.98 12.98 12.99 12.97 13.00 12.98 12.99 13.01 13.00 12.99 12.99 12.98 12.99 12.97 12.99 12.99 12.98
12.75 12.88 12.89 12.92 12.92 12.90 12.56 12.77 12.68 12.82 12.83 12.82 12.72 12.93 12.96 12.92 12.90 12.94 12.91 12.92 12.91 12.96 12.95 12.88 12.97 12.95 12.93 12.92 12.90 12.93 12.92 12.92 12.95 12.94 12.92 12.96 12.95 12.92 12.93 12.96 12.95 12.93 12.97 12.92 12.94 12.93 12.87 12.91 12.91 12.93 12.94 12.97 12.93 12.93 12.95 12.97 12.94 12.96 12.93 12.94 12.96 12.97 12.94 12.85 12.98 12.96 12.97 12.97 12.98 12.98 12.96 12.95 12.96 12.96 12.97 12.96 12.96
12.88 12.83 12.90 12.87 12.90 12.89 12.89 12.71 12.57 12.60 12.66 12.81 12.82 12.81 12.70 12.74 12.84 12.91 12.79 12.87 12.93 12.91 12.90 12.88 12.93 12.89 12.93 12.91 12.86 12.83 12.87 12.90 12.90 12.87 12.88 12.92 12.93 12.89 12.94 12.93 12.89 12.93 12.92 12.91 12.80 12.87 12.86 12.89 12.87 12.90 12.89 12.93 12.92 12.95 12.90 12.95 12.95 12.92 12.94 12.93 12.90 12.90 12.94 12.94 12.94 12.94 12.94 12.94 12.94 12.91 12.91 12.91 12.95 12.94 12.93 12.93 12.93
12.84 12.83 12.78 12.84 12.86 12.89 12.88 12.88 12.82 12.83 12.87 12.88 12.86 12.89 12.91 12.89 12.88 12.91 12.87 12.87 12.90 12.84 12.87 12.83 12.89 12.88 12.90 12.89 12.87 12.88 12.88 12.87 12.86 12.89 12.87 12.89 12.91 12.88 12.90 12.90 12.87 12.70 12.51 12.78 12.82 12.89 12.89 12.88 12.89 12.89 12.86 12.89 12.91 12.93 12.89 12.91 12.91 12.89 12.90 12.90 12.85 12.90 12.91 12.89 12.93 12.91 12.88 12.90 12.90 12.88 12.89 12.91 12.92 12.91 12.89 12.89 12.89
12.82 12.85 12.85 12.84 12.85 12.83 12.86 12.84 12.79 12.82 12.85 12.85 12.82 12.87 12.87 12.85 12.84 12.88 12.85 12.88 12.87 12.82 12.86 12.78 12.43 12.90 12.85 12.88 12.88 12.85 12.88 12.84 12.82 12.85 12.89 12.89 12.87 12.87 12.87 12.88 12.85 12.54 12.31 12.39 12.64 12.76 12.90 12.90 12.88 12.86 12.87 12.90 12.87 12.88 12.87 12.87 12.89 12.87 12.87 12.85 12.87 12.86 12.87 12.89 12.86 12.89 12.88 12.91 12.87 12.87 12.89 12.88 12.87 12.87 12.88 12.87 12.87
12.80 12.82 12.84 12.82 12.81 12.86 12.84 12.82 12.85 12.85 12.85 12.84 12.82 12.83 12.86 12.85 12.85 12.84 12.83 12.85 12.84 12.83 12.84 12.77 12.82 12.87 12.84 12.83 12.83 12.83 12.86 12.86 12.85 12.86 12.89 12.88 12.84 12.85 12.85 12.86 12.87 12.79 12.37 12.16 12.62 12.64 12.79 12.90 12.84 12.87 12.88 12.88 12.87 12.88 12.86 12.87 12.83 12.84 12.84 12.84 12.83 12.82 12.85 12.85 12.83 12.86 12.84 12.85 12.80 12.83 12.86 12.85 12.84 12.84 12.83 12.82 12.83
12.78 12.76 12.84 12.79 12.82 12.80 12.82 12.80 12.81 12.84 12.82 12.80 12.82 12.83 12.83 12.83 12.82 12.83 12.80 12.80 12.82 12.82 12.83 12.83 12.82 12.81 12.81 12.83 12.82 12.83 12.85 12.83 12.84 12.83 12.84 12.84 12.84 12.83 12.83 12.83 12.82 12.84 12.85 12.77 12.80 12.72 12.56 12.85 12.84 12.84 12.86 12.86 12.85 12.85 12.85 12.83 12.83 12.81 12.82 12.82 12.79 12.83 12.82 12.83 12.82 12.84 12.82 12.82 12.82 12.84 12.83 12.81 12.81 12.81 12.81 12.80 12.80
12.76 12.80 12.79 12.78 12.78 12.75 12.79 12.78 12.80 12.79 12.79 12.78 12.81 12.79 12.80 12.80 12.76 12.77 12.77 12.80 12.81 12.80 12.81 12.78 12.80 12.76 12.83 12.81 12.80 12.79 12.80 12.78 12.80 12.82 12.80 12.82 12.81 12.82 12.82 12.81 12.83 12.82 12.82 12.79 12.80 12.80 12.43 12.47 12.81 12.82 12.84 12.84 12.81 12.83 12.81 12.83 12.82 12.80 12.80 12.79 12.81 12.82 12.79 12.81 12.80 12.79 12.77 12.81 12.80 12.81 12.81 12.79 12.79 12.80 12.80 12.78 12.79
