Files/BOM data/2019071820190718.grid
ncols 839
nrows 679
xllcenter 112.0500
yllcenter -43.9500
cellsize 0.0500
nodata_value 99999.90
[rows 340 to 373 of 679, columns 385 to 461 of 839]
15.08 15.03 15.01 15.03 15.05 15.03 15.05 15.02 15.00 15.00 15.01 15.03 15.01 15.02 15.03 15.03 15.03 14.99 15.00 14.99 14.99 15.02 15.02 15.01 15.02 14.99 14.97 14.97 14.99 14.97 14.98 14.98 14.98 14.98 15.00 15.00 15.03 15.06 15.09 15.06 15.06 15.03 15.03 15.05 15.05 15.05 15.07 15.02 15.07 15.08 15.10 15.07 15.00 15.08 15.06 15.06 15.08 15.10 15.09 15.08 15.03 15.06 15.03 15.07 15.04 15.04 15.04 15.03 15.00 15.02 15.01 15.03 15.03 15.05 15.06 15.06 15.04
15.00 15.02 15.02 15.00 15.02 15.03 15.01 15.04 15.01 15.00 14.96 15.00 15.00 14.96 14.99 14.99 15.00 15.04 15.00 15.01 15.00 14.98 14.97 14.95 14.94 14.98 15.02 15.02 14.99 14.98 14.99 14.98 14.98 14.96 14.95 14.96 14.98 14.99 14.92 14.96 14.99 15.02 15.02 15.02 14.99 14.97 15.02 15.02 15.03 15.03 15.04 15.08 15.08 15.02 15.05 15.05 15.02 15.05 15.05 15.06 15.07 15.06 15.06 15.01 15.04 15.03 15.03 15.04 15.05 15.05 15.04 15.04 15.03 15.00 15.00 14.99 15.02
14.98 14.97 14.99 14.96 14.96 14.98 14.98 14.97 15.03 14.99 14.96 14.98 15.01 14.97 14.97 14.91 14.94 14.94 14.93 14.95 14.96 14.98 14.99 14.96 14.96 14.99 15.03 15.04 14.99 15.02 14.99 14.96 14.97 14.95 14.95 14.96 14.89 14.97 14.97 14.93 14.91 14.96 14.94 14.95 14.98 14.97 14.96 14.99 14.99 15.00 14.96 15.00 14.99 15.03 15.01 14.94 14.96 14.95 15.02 14.99 15.03 15.05 15.08 15.08 15.02 15.06 15.01 15.03 15.03 15.01 14.99 15.01 15.01 14.95 14.99 14.97 15.03
14.95 14.99 14.99 14.98 14.99 15.00 14.97 14.97 14.96 14.96 14.97 14.94 14.94 14.95 14.96 14.92 14.93 14.96 14.94 14.94 14.94 14.93 14.91 14.93 14.95 14.91 14.91 14.91 14.92 14.96 14.96 14.98 14.97 14.95 14.96 14.96 14.92 14.88 14.96 14.95 14.95 14.94 14.95 14.89 14.95 15.03 15.00 14.92 14.97 14.98 15.03 15.05 14.99 14.95 14.98 15.00 15.00 14.98 14.96 14.94 14.94 14.95 14.93 14.94 14.93 14.97 15.00 14.94 14.95 14.99 14.99 14.96 14.93 14.98 14.97 14.95 14.92
14.97 14.97 15.00 14.98 14.95 14.94 14.93 14.95 14.96 14.94 14.93 14.95 14.96 14.93 14.96 14.93 14.94 14.92 14.93 14.88 14.91 14.95 14.95 14.91 14.86 14.84 14.90 14.93 14.92 14.96 14.97 14.99 14.99 14.97 14.92 14.97 14.94 14.93 14.91 14.90 14.90 14.91 14.96 14.88 14.92 14.93 14.93 14.97 15.03 14.98 14.94 14.89 14.93 14.96 15.01 14.96 15.02 15.01 14.95 14.94 14.96 14.99 15.01 15.01 14.98 14.98 14.96 15.00 14.96 14.93 14.97 15.00 15.03 14.91 14.94 14.93 14.93
14.91 14.93 14.93 14.95 14.95 14.93 14.91 14.87 14.92 14.94 14.93 14.95 14.93 14.91 14.89 14.92 14.92 14.92 14.94 14.91 14.85 14.88 14.89 14.96 14.93 14.92 14.86 14.91 14.89 14.88 14.95 14.96 14.98 14.97 14.94 14.92 14.91 14.91 14.90 14.93 14.97 14.90 14.89 14.91 14.89 14.92 14.96 14.91 14.91 14.93 14.93 14.95 14.98 14.93 14.93 14.97 14.88 14.93 14.98 14.97 14.97 15.00 14.96 14.94 14.96 14.97 14.93 14.93 14.90 14.96 14.90 14.94 14.88 14.96 14.93 14.96 14.91
14.88 14.87 14.93 14.89 14.90 14.92 14.92 14.88 14.92 14.89 14.90 14.91 14.91 14.91 14.92 14.90 14.91 14.93 14.91 14.91 14.87 14.84 14.83 14.81 14.90 14.91 14.90 14.85 14.88 14.83 14.82 14.86 14.88 14.90 14.92 14.89 14.89 14.88 14.88 14.79 14.81 14.89 14.87 14.86 14.85 14.87 14.88 14.85 14.97 14.97 14.95 14.93 14.97 14.95 14.92 14.92 14.92 14.92 14.87 14.95 14.89 14.88 14.87 14.93 14.92 14.88 14.92 14.98 14.89 14.84 14.94 14.91 14.88 14.91 14.86 14.82 14.78
14.87 14.85 14.84 14.88 14.86 14.88 14.87 14.86 14.87 14.86 14.88 14.91 14.90 14.88 14.89 14.88 14.91 14.88 14.90 14.89 14.90 14.85 14.82 14.78 14.77 14.82 14.85 14.83 14.85 14.88 14.84 14.84 14.85 14.89 14.88 14.86 14.86 14.87 14.87 14.87 14.85 14.86 14.87 14.87 14.86 14.83 14.89 14.87 14.82 14.81 14.91 14.87 14.79 14.88 14.89 14.90 14.90 14.89 14.87 14.79 14.90 14.95 14.93 14.89 14.87 14.91 14.88 14.94 14.92 14.88 14.85 14.86 14.89 14.88 14.86 14.84 14.85
14.86 14.86 14.87 14.87 14.87 14.88 14.88 14.86 14.86 14.83 14.76 14.84 14.83 14.84 14.84 14.87 14.84 14.85 14.84 14.86 14.88 14.84 14.84 14.83 14.82 14.82 14.84 14.84 14.81 14.80 14.79 14.83 14.82 14.83 14.88 14.87 14.83 14.84 14.82 14.83 14.86 14.86 14.89 14.88 14.86 14.84 14.83 14.86 14.85 14.84 14.84 14.88 14.92 14.90 14.92 14.90 14.92 14.86 14.86 14.85 14.84 14.80 14.82 14.86 14.86 14.88 14.91 14.89 14.92 14.88 14.89 14.89 14.90 14.88 14.87 14.90 14.86
14.86 14.87 14.85 14.86 14.85 14.85 14.85 14.84 14.83 14.84 14.83 14.82 14.82 14.82 14.82 14.80 14.82 14.81 14.82 14.84 14.87 14.87 14.84 14.84 14.84 14.80 14.81 14.81 14.81 14.81 14.79 14.76 14.81 14.80 14.82 14.83 14.84 14.81 14.81 14.82 14.79 14.83 14.82 14.81 14.81 14.81 14.83 14.83 14.84 14.82 14.87 14.85 14.87 14.92 14.84 14.90 14.88 14.88 14.90 14.87 14.84 14.88 14.86 14.90 14.89 14.85 14.87 14.87 14.95 14.93 14.86 14.86 14.86 14.90 14.83 14.87 14.86
14.83 14.83 14.84 14.86 14.84 14.83 14.82 14.85 14.83 14.80 14.80 14.81 14.81 14.79 14.81 14.79 14.80 14.81 14.80 14.80 14.83 14.85 14.84 14.81 14.80 14.80 14.80 14.80 14.80 14.76 14.78 14.76 14.77 14.79 14.80 14.80 14.81 14.83 14.82 14.82 14.81 14.77 14.81 14.81 14.79 14.78 14.76 14.79 14.81 14.83 14.80 14.84 14.79 14.85 14.85 14.82 14.82 14.81 14.83 14.83 14.81 14.85 14.86 14.86 14.85 14.83 14.82 14.80 14.77 14.85 14.82 14.82 14.84 14.79 14.85 14.81 14.82
14.83 14.82 14.80 14.80 14.83 14.82 14.79 14.79 14.79 14.76 14.78 14.77 14.76 14.75 14.74 14.77 14.77 14.77 14.75 14.77 14.75 14.79 14.79 14.78 14.77 14.77 14.76 14.76 14.77 14.77 14.70 14.66 14.77 14.76 14.75 14.77 14.78 14.78 14.81 14.81 14.80 14.78 14.77 14.76 14.76 14.75 14.73 14.75 14.77 14.77 14.76 14.83 14.79 14.78 14.81 14.83 14.81 14.83 14.79 14.82 14.82 14.79 14.81 14.79 14.79 14.80 14.84 14.77 14.79 14.79 14.81 14.81 14.78 14.80 14.80 14.77 14.81
14.77 14.79 14.78 14.78 14.77 14.78 14.78 14.77 14.77 14.75 14.76 14.75 14.76 14.73 14.75 14.74 14.76 14.73 14.72 14.74 14.76 14.75 14.77 14.78 14.78 14.78 14.77 14.76 14.76 14.77 14.73 14.73 14.65 14.75 14.73 14.75 14.76 14.76 14.76 14.76 14.76 14.76 14.75 14.75 14.73 14.71 14.73 14.74 14.75 14.77 14.75 14.75 14.83 14.73 14.83 14.76 14.76 14.82 14.79 14.75 14.84 14.78 14.81 14.83 14.78 14.78 14.74 14.89 14.88 14.90 14.82 14.78 14.77 14.76 14.78 14.78 14.75
14.78 14.78 14.78 14.73 14.75 14.75 14.75 14.74 14.73 14.71 14.71 14.70 14.72 14.72 14.71 14.72 14.74 14.73 14.72 14.72 14.72 14.78 14.75 14.74 14.71 14.73 14.75 14.73 14.73 14.73 14.75 14.76 14.74 14.70 14.73 14.75 14.74 14.74 14.74 14.74 14.74 14.74 14.76 14.73 14.71 14.69 14.72 14.73 14.72 14.73 14.73 14.66 14.77 14.82 14.78 14.80 14.76 14.78 14.83 14.74 14.66 14.81 14.80 14.72 14.88 14.86 14.84 14.72 14.74 14.74 14.79 14.78 14.80 14.81 14.71 14.73 14.74
14.73 14.74 14.75 14.72 14.71 14.71 14.71 14.72 14.71 14.71 14.71 14.70 14.69 14.69 14.69 14.67 14.66 14.70 14.68 14.63 14.66 14.65 14.71 14.73 14.70 14.67 14.71 14.72 14.72 14.70 14.69 14.69 14.70 14.75 14.72 14.71 14.73 14.73 14.73 14.75 14.76 14.73 14.71 14.72 14.70 14.72 14.71 14.71 14.72 14.70 14.69 14.70 14.63 14.72 14.74 14.82 14.77 14.73 14.69 14.76 14.72 14.68 14.71 14.74 14.54 14.67 14.59 14.77 14.67 14.64 14.77 14.73 14.70 14.78 14.76 14.72 14.71
14.68 14.69 14.69 14.71 14.70 14.69 14.67 14.66 14.68 14.68 14.68 14.64 14.66 14.66 14.66 14.67 14.67 14.67 14.67 14.69 14.66 14.68 14.66 14.67 14.68 14.67 14.64 14.67 14.70 14.70 14.69 14.70 14.70 14.64 14.67 14.68 14.67 14.70 14.69 14.71 14.71 14.73 14.71 14.68 14.67 14.70 14.69 14.69 14.69 14.68 14.67 14.67 14.61 14.68 14.70 14.65 14.70 14.69 14.69 14.75 14.74 14.75 14.73 14.72 14.73 14.65 14.71 14.55 14.80 14.75 14.66 14.74 14.69 14.69 14.67 14.67 14.63
14.66 14.68 14.67 14.67 14.69 14.68 14.69 14.68 14.66 14.66 14.65 14.66 14.66 14.66 14.63 14.63 14.65 14.64 14.63 14.64 14.67 14.65 14.65 14.63 14.64 14.65 14.64 14.65 14.66 14.67 14.64 14.65 14.65 14.66 14.66 14.65 14.65 14.66 14.69 14.70 14.70 14.69 14.69 14.69 14.67 14.66 14.69 14.69 14.70 14.67 14.65 14.64 14.62 14.56 14.60 14.65 14.64 14.71 14.71 14.67 14.69 14.70 14.72 14.76 14.71 14.71 14.70 14.68 14.70 14.73 14.72 14.66 14.72 14.71 14.67 14.66 14.69
14.64 14.66 14.67 14.67 14.63 14.63 14.63 14.65 14.66 14.64 14.64 14.65 14.65 14.65 14.62 14.62 14.62 14.63 14.63 14.61 14.61 14.60 14.60 14.61 14.60 14.61 14.62 14.60 14.60 14.60 14.63 14.62 14.63 14.64 14.64 14.63 14.61 14.62 14.63 14.65 14.65 14.63 14.62 14.62 14.62 14.63 14.62 14.64 14.64 14.65 14.65 14.64 14.63 14.66 14.64 14.69 14.67 14.65 14.66 14.64 14.61 14.66 14.71 14.70 14.69 14.67 14.67 14.59 14.56 14.68 14.73 14.66 14.63 14.61 14.65 14.64 14.68
14.64 14.62 14.61 14.64 14.64 14.59 14.62 14.61 14.64 14.66 14.64 14.65 14.65 14.65 14.64 14.63 14.63 14.62 14.61 14.61 14.63 14.62 14.61 14.61 14.64 14.61 14.62 14.59 14.60 14.61 14.62 14.64 14.64 14.61 14.62 14.60 14.63 14.61 14.61 14.63 14.65 14.63 14.64 14.63 14.63 14.62 14.63 14.61 14.64 14.64 14.63 14.63 14.61 14.62 14.64 14.67 14.62 14.62 14.66 14.71 14.67 14.64 14.65 14.65 14.66 14.66 14.66 14.60 14.66 14.57 14.57 14.70 14.58 14.55 14.65 14.68 14.64
14.63 14.66 14.68 14.64 14.62 14.60 14.59 14.57 14.58 14.59 14.61 14.62 14.59 14.60 14.61 14.59 14.61 14.60 14.59 14.57 14.61 14.60 14.60 14.62 14.59 14.59 14.61 14.63 14.60 14.60 14.61 14.61 14.60 14.61 14.63 14.59 14.58 14.59 14.62 14.59 14.61 14.60 14.59 14.60 14.59 14.61 14.61 14.61 14.60 14.63 14.61 14.61 14.62 14.60 14.56 14.61 14.62 14.59 14.58 14.64 14.63 14.63 14.66 14.66 14.64 14.61 14.64 14.63 14.65 14.60 14.56 14.54 14.70 14.67 14.67 14.62 14.69
14.61 14.57 14.53 14.63 14.60 14.65 14.61 14.58 14.58 14.55 14.55 14.60 14.60 14.57 14.56 14.56 14.56 14.58 14.58 14.57 14.57 14.58 14.58 14.58 14.59 14.59 14.60 14.62 14.61 14.60 14.60 14.59 14.60 14.58 14.59 14.60 14.58 14.54 14.54 14.58 14.59 14.60 14.60 14.59 14.59 14.58 14.58 14.59 14.59 14.60 14.59 14.60 14.60 14.61 14.61 14.59 14.62 14.58 14.61 14.55 14.62 14.60 14.58 14.65 14.67 14.60 14.61 14.63 14.56 14.60 14.58 14.53 14.46 14.47 14.51 14.59 14.67
14.58 14.58 14.59 14.59 14.60 14.59 14.61 14.57 14.56 14.57 14.55 14.53 14.60 14.61 14.60 14.58 14.57 14.54 14.57 14.61 14.58 14.56 14.55 14.57 14.56 14.59 14.60 14.60 14.60 14.56 14.54 14.56 14.57 14.56 14.56 14.60 14.60 14.58 14.55 14.57 14.56 14.57 14.57 14.57 14.56 14.59 14.57 14.56 14.57 14.58 14.57 14.56 14.56 14.57 14.59 14.59 14.58 14.61 14.59 14.49 14.56 14.54 14.63 14.53 14.59 14.60 14.58 14.55 14.57 14.56 14.55 14.59 14.59 14.53 14.47 14.49 14.46
14.55 14.56 14.54 14.54 14.54 14.55 14.58 14.56 14.53 14.52 14.53 14.52 14.52 14.56 14.56 14.56 14.54 14.51 14.49 14.51 14.56 14.57 14.55 14.54 14.53 14.54 14.55 14.56 14.58 14.57 14.55 14.53 14.53 14.56 14.57 14.57 14.57 14.56 14.54 14.53 14.56 14.54 14.54 14.54 14.54 14.54 14.54 14.54 14.54 14.54 14.55 14.56 14.55 14.58 14.57 14.58 14.50 14.40 14.58 14.57 14.54 14.55 14.62 14.57 14.52 14.56 14.57 14.60 14.60 14.57 14.54 14.51 14.53 14.57 14.55 14.51 14.55
14.56 14.53 14.52 14.53 14.51 14.53 14.55 14.55 14.54 14.49 14.51 14.52 14.54 14.53 14.53 14.51 14.50 14.51 14.52 14.51 14.53 14.54 14.51 14.51 14.52 14.53 14.54 14.55 14.56 14.56 14.55 14.55 14.56 14.54 14.50 14.53 14.56 14.55 14.49 14.48 14.49 14.53 14.52 14.52 14.51 14.52 14.52 14.52 14.54 14.53 14.53 14.53 14.53 14.54 14.55 14.57 14.56 14.56 14.49 14.54 14.57 14.42 14.50 14.54 14.65 14.56 14.57 14.52 14.56 14.55 14.56 14.54 14.50 14.54 14.55 14.51 14.53
14.55 14.54 14.54 14.52 14.51 14.53 14.53 14.52 14.54 14.50 14.49 14.49 14.52 14.52 14.52 14.52 14.49 14.48 14.50 14.51 14.52 14.53 14.55 14.53 14.49 14.50 14.51 14.52 14.51 14.53 14.53 14.51 14.49 14.50 14.50 14.49 14.47 14.50 14.54 14.51 14.53 14.52 14.51 14.49 14.50 14.50 14.50 14.50 14.50 14.50 14.51 14.51 14.51 14.50 14.51 14.50 14.51 14.51 14.52 14.49 14.50 14.51 14.38 14.53 14.42 14.51 14.57 14.53 14.56 14.51 14.48 14.51 14.54 14.53 14.52 14.52 14.50
14.52 14.51 14.50 14.52 14.54 14.52 14.54 14.53 14.54 14.50 14.46 14.49 14.50 14.50 14.51 14.50 14.48 14.43 14.46 14.48 14.49 14.53 14.51 14.50 14.49 14.48 14.49 14.46 14.48 14.51 14.52 14.53 14.49 14.50 14.49 14.51 14.49 14.47 14.46 14.46 14.49 14.47 14.46 14.47 14.47 14.47 14.47 14.47 14.48 14.47 14.47 14.48 14.48 14.49 14.49 14.48 14.49 14.50 14.51 14.48 14.40 14.49 14.37 14.45 14.58 14.51 14.44 14.41 14.46 14.49 14.49 14.45 14.49 14.53 14.53 14.54 14.52
14.48 14.50 14.49 14.50 14.50 14.49 14.50 14.54 14.51 14.50 14.49 14.47 14.48 14.47 14.49 14.49 14.49 14.46 14.44 14.47 14.47 14.52 14.52 14.48 14.46 14.47 14.47 14.47 14.47 14.47 14.50 14.51 14.46 14.48 14.48 14.47 14.44 14.48 14.47 14.45 14.42 14.44 14.44 14.43 14.43 14.45 14.45 14.45 14.46 14.46 14.46 14.46 14.47 14.47 14.48 14.48 14.44 14.47 14.49 14.50 14.48 14.49 14.44 14.51 14.43 14.46 14.47 14.49 14.48 14.51 14.46 14.45 14.41 14.40 14.41 14.50 14.54
14.48 14.47 14.46 14.49 14.50 14.47 14.46 14.47 14.46 14.45 14.47 14.45 14.44 14.44 14.46 14.48 14.49 14.48 14.43 14.43 14.46 14.45 14.51 14.50 14.44 14.42 14.44 14.46 14.46 14.45 14.45 14.46 14.46 14.43 14.44 14.43 14.44 14.42 14.43 14.44 14.45 14.43 14.44 14.44 14.42 14.44 14.44 14.44 14.44 14.45 14.47 14.48 14.46 14.46 14.46 14.45 14.46 14.49 14.53 14.50 14.51 14.54 14.44 14.36 14.50 14.49 14.48 14.42 14.43 14.43 14.44 14.40 14.41 14.45 14.45 14.37 14.40
14.46 14.46 14.44 14.45 14.45 14.47 14.46 14.45 14.47 14.48 14.47 14.46 14.44 14.45 14.44 14.44 14.48 14.46 14.39 14.28 14.38 14.43 14.42 14.41 14.44 14.43 14.40 14.43 14.44 14.43 14.44 14.45 14.48 14.46 14.42 14.42 14.40 14.41 14.42 14.43 14.44 14.44 14.42 14.42 14.40 14.42 14.42 14.42 14.44 14.44 14.45 14.44 14.46 14.47 14.46 14.44 14.48 14.45 14.35 14.49 14.46 14.45 14.42 14.34 14.39 14.46 14.51 14.48 14.43 14.45 14.43 14.44 14.35 14.43 14.44 14.44 14.42
14.44 14.47 14.47 14.46 14.46 14.44 14.48 14.46 14.45 14.45 14.45 14.45 14.45 14.46 14.44 14.38 14.39 14.44 14.38 14.33 14.38 14.42 14.45 14.45 14.43 14.43 14.44 14.40 14.43 14.44 14.43 14.42 14.41 14.44 14.41 14.42 14.41 14.41 14.40 14.40 14.40 14.38 14.39 14.40 14.39 14.39 14.38 14.39 14.39 14.41 14.42 14.43 14.43 14.43 14.44 14.44 14.36 14.47 14.40 14.35 14.39 14.42 14.33 14.44 14.52 14.49 14.42 14.47 14.43 14.41 14.42 14.47 14.42 14.42 14.42 14.43 14.39
14.44 14.41 14.41 14.41 14.45 14.44 14.44 14.44 14.43 14.42 14.43 14.43 14.42 14.37 14.35 14.35 14.31 14.33 14.38 14.34 14.31 14.39 14.38 14.41 14.41 14.42 14.40 14.40 14.40 14.41 14.39 14.40 14.40 14.41 14.39 14.42 14.40 14.41 14.38 14.37 14.37 14.36 14.38 14.36 14.36 14.34 14.36 14.36 14.38 14.38 14.41 14.39 14.42 14.42 14.42 14.40 14.42 14.37 14.45 14.40 14.36 14.37 14.43 14.36 14.25 14.46 14.42 14.44 14.44 14.44 14.43 14.40 14.42 14.41 14.41 14.42 14.39
14.41 14.40 14.41 14.38 14.40 14.42 14.42 14.39 14.44 14.43 14.42 14.43 14.42 14.41 14.38 14.39 14.39 14.40 14.41 14.39 14.33 14.31 14.38 14.39 14.37 14.38 14.38 14.38 14.39 14.38 14.38 14.38 14.37 14.38 14.38 14.36 14.39 14.38 14.36 14.38 14.37 14.36 14.34 14.33 14.32 14.30 14.32 14.34 14.36 14.38 14.36 14.38 14.39 14.39 14.41 14.38 14.33 14.41 14.39 14.42 14.43 14.37 14.37 14.39 14.25 14.29 14.30 14.33 14.31 14.30 14.37 14.39 14.37 14.41 14.40 14.42 14.38
14.38 14.39 14.37 14.38 14.36 14.36 14.40 14.41 14.41 14.42 14.40 14.41 14.42 14.43 14.37 14.35 14.37 14.34 14.37 14.36 14.37 14.26 14.36 14.36 14.37 14.37 14.36 14.36 14.34 14.36 14.34 14.35 14.35 14.34 14.35 14.37 14.31 14.35 14.36 14.34 14.36 14.37 14.35 14.33 14.34 14.33 14.32 14.34 14.34 14.37 14.39 14.35 14.37 14.37 14.38 14.38 14.35 14.32 14.37 14.39 14.35 14.39 14.30 14.37 14.40 14.36 14.30 14.33 14.35 14.35 14.29 14.32 14.25 14.36 14.35 14.38 14.43
14.37 14.37 14.38 14.35 14.35 14.32 14.34 14.36 14.37 14.37 14.40 14.39 14.40 14.35 14.36 14.34 14.33 14.33 14.35 14.38 14.33 14.31 14.31 14.34 14.35 14.33 14.32 14.34 14.34 14.34 14.34 14.33 14.35 14.35 14.33 14.34 14.32 14.32 14.31 14.31 14.30 14.32 14.35 14.33 14.32 14.31 14.30 14.30 14.32 14.32 14.34 14.34 14.31 14.33 14.31 14.34 14.36 14.30 14.34 14.30 14.35 14.33 14.31 14.29 14.25 14.31 14.35 14.29 14.34 14.30 14.24 14.30 14.33 14.31 14.32 14.34 14.32
