Files/BOM data/2019072020190720.grid
ncols 839
nrows 679
xllcenter 112.0500
yllcenter -43.9500
cellsize 0.0500
nodata_value 99999.90
[rows 102 to 135 of 679, columns 616 to 692 of 839]
20.11 20.10 20.08 20.04 20.06 20.07 20.06 20.06 20.08 20.09 20.08 20.09 20.10 20.08 20.08 20.10 20.14 20.14 20.13 20.12 20.12 20.12 20.13 20.14 20.14 20.13 20.14 20.14 20.14 20.13 20.14 20.15 20.16 20.16 20.17 20.16 20.17 20.17 20.16 20.16 20.16 20.17 20.18 20.19 20.19 20.20 20.18 20.15 20.15 20.15 20.18 20.18 20.18 20.18 20.18 20.18 20.18 20.18 20.18 99999.90 99999.90 99999.90 99999.90 99999.90 99999.90 99999.90 99999.90 99999.90 99999.90 99999.90 99999.90 99999.90 99999.90 99999.90 99999.90 99999.90 99999.90
20.07 20.06 20.08 20.06 20.01 20.01 20.03 20.03 20.06 20.04 20.04 20.04 20.08 20.07 20.07 20.07 20.11 20.12 20.12 20.10 20.10 20.11 20.12 20.12 20.10 20.12 20.12 20.12 20.13 20.12 20.11 20.11 20.13 20.14 20.14 20.14 20.13 20.13 20.13 20.14 20.14 20.14 20.15 20.14 20.16 20.18 20.18 20.15 20.15 20.15 20.08 20.08 20.08 20.08 20.08 20.08 20.08 20.08 20.08 19.96 99999.90 99999.90 99999.90 99999.90 99999.90 99999.90 99999.90 99999.90 99999.90 99999.90 99999.90 99999.90 99999.90 99999.90 99999.90 99999.90 99999.90
20.04 20.07 20.06 20.01 19.98 19.99 20.01 20.02 20.07 20.03 20.04 20.04 20.05 20.06 20.06 20.09 20.09 20.10 20.08 20.10 20.10 20.10 20.08 20.09 20.09 20.10 20.10 20.10 20.11 20.10 20.10 20.10 20.10 20.11 20.11 20.12 20.12 20.11 20.11 20.11 20.12 20.12 20.13 20.12 20.15 20.17 20.18 20.12 20.12 20.08 20.08 20.08 20.08 20.08 20.08 20.08 20.08 20.08 20.08 19.96 99999.90 99999.90 99999.90 99999.90 99999.90 99999.90 99999.90 99999.90 99999.90 99999.90 99999.90 99999.90 99999.90 99999.90 99999.90 99999.90 99999.90
20.04 20.08 20.07 20.04 20.00 19.97 19.97 19.98 20.00 20.03 20.01 20.03 20.05 20.01 20.01 20.04 20.07 20.08 20.08 20.08 20.08 20.08 20.06 20.06 20.07 20.07 20.06 20.07 20.08 20.07 20.07 20.09 20.07 20.08 20.08 20.09 20.10 20.10 20.09 20.09 20.08 20.09 20.10 20.10 20.11 20.10 20.11 20.11 20.08 20.08 20.08 20.08 20.08 20.08 20.08 20.08 20.08 20.08 20.08 19.96 99999.90 99999.90 99999.90 99999.90 99999.90 99999.90 99999.90 99999.90 99999.90 99999.90 99999.90 99999.90 99999.90 99999.90 99999.90 99999.90 99999.90
20.01 19.97 19.99 19.97 19.99 19.98 19.95 19.96 20.03 20.02 19.98 19.97 20.00 19.99 20.01 20.01 20.04 20.06 20.06 20.04 20.04 20.04 20.03 20.03 20.02 20.03 20.04 20.06 20.05 20.05 20.04 20.06 20.05 20.05 20.07 20.07 20.07 20.08 20.07 20.08 20.08 20.07 20.06 20.08 20.08 20.10 20.09 20.11 20.10 20.10 20.10 20.10 20.10 20.10 20.10 20.10 20.10 20.10 20.10 19.96 19.86 99999.90 99999.90 99999.90 99999.90 99999.90 99999.90 99999.90 99999.90 99999.90 99999.90 99999.90 99999.90 99999.90 99999.90 99999.90 99999.90
19.95 19.95 19.95 19.97 19.98 19.98 19.96 19.94 19.98 20.02 20.02 19.98 19.98 19.97 19.98 20.01 20.02 20.02 20.02 20.01 20.02 20.02 20.00 20.01 20.02 20.00 20.02 20.02 20.04 20.06 20.01 20.03 20.03 20.04 20.04 20.04 20.05 20.05 20.04 20.05 20.06 20.05 20.05 20.06 20.05 20.05 20.06 20.04 20.10 20.10 20.10 20.10 20.10 20.10 20.10 20.10 20.10 20.10 20.10 19.96 19.86 99999.90 99999.90 99999.90 99999.90 99999.90 99999.90 99999.90 99999.90 99999.90 99999.90 99999.90 99999.90 99999.90 99999.90 99999.90 99999.90
19.90 19.89 19.93 19.91 19.92 19.95 19.95 19.92 19.96 19.98 19.98 19.95 19.95 19.97 19.96 20.00 20.00 20.00 19.99 19.99 19.97 19.97 20.00 19.97 19.99 19.99 19.98 19.98 19.97 19.96 19.97 19.99 20.00 20.02 20.02 20.01 20.02 20.02 20.02 20.02 20.04 20.03 20.04 20.04 20.02 20.01 20.00 20.00 20.00 19.99 19.99 19.99 19.99 19.99 19.99 19.99 19.99 19.99 19.99 19.96 19.86 99999.90 99999.90 99999.90 99999.90 99999.90 99999.90 99999.90 99999.90 99999.90 99999.90 99999.90 99999.90 99999.90 99999.90 99999.90 99999.90
19.91 19.92 19.88 19.90 19.89 19.92 19.90 19.92 19.93 19.93 19.92 19.91 19.96 19.95 19.98 19.99 19.98 19.97 19.97 19.93 19.93 19.95 19.97 19.97 20.00 19.97 19.98 19.97 19.96 19.91 19.98 20.00 20.01 20.00 20.01 20.01 19.99 20.00 20.00 20.01 20.02 20.01 20.03 20.03 20.02 20.01 20.00 19.99 19.99 19.99 19.99 19.99 19.99 19.99 19.99 19.99 19.99 19.96 19.96 19.96 19.86 19.79 99999.90 99999.90 99999.90 99999.90 99999.90 99999.90 99999.90 99999.90 99999.90 99999.90 99999.90 99999.90 99999.90 99999.90 99999.90
19.91 19.93 19.90 19.91 19.88 19.90 19.90 19.87 19.90 19.92 19.91 19.86 19.89 19.91 19.95 19.96 19.96 19.95 19.94 19.90 19.91 19.89 19.96 19.96 19.96 19.96 19.97 19.94 19.91 19.92 19.94 19.95 19.98 20.00 20.00 19.99 19.98 19.97 19.98 19.99 19.99 19.99 20.00 20.01 20.01 20.00 19.97 19.95 19.93 19.93 19.93 19.93 19.93 19.93 19.96 19.96 19.96 19.96 19.96 19.96 19.86 19.79 99999.90 99999.90 99999.90 99999.90 99999.90 99999.90 99999.90 99999.90 99999.90 99999.90 99999.90 99999.90 99999.90 99999.90 99999.90
19.89 19.91 19.89 19.87 19.85 19.87 19.89 19.88 19.88 19.89 19.89 19.89 19.91 19.93 19.93 19.94 19.94 19.95 19.94 19.92 19.93 19.93 19.94 19.94 19.91 19.95 19.95 19.95 19.95 19.92 19.92 19.93 19.96 19.97 19.97 19.97 19.98 19.97 19.97 19.97 19.97 19.97 19.98 19.98 19.99 19.99 19.98 19.96 19.91 19.91 19.91 19.96 19.96 19.96 19.96 19.96 19.96 19.96 19.96 19.96 19.86 19.79 99999.90 99999.90 99999.90 99999.90 99999.90 99999.90 99999.90 99999.90 99999.90 99999.90 99999.90 99999.90 99999.90 99999.90 99999.90
19.90 19.87 19.86 19.79 19.85 19.87 19.89 19.87 19.88 19.86 19.89 19.92 19.92 19.91 19.92 19.93 19.92 19.93 19.92 19.92 19.93 19.92 19.93 19.94 19.91 19.93 19.93 19.94 19.93 19.91 19.94 19.94 19.90 19.87 19.93 19.94 19.95 19.95 19.95 19.95 19.95 19.97 19.96 19.96 19.95 19.94 19.94 19.94 19.93 19.93 19.96 19.96 19.96 19.96 19.96 19.96 19.96 19.96 19.86 19.86 19.86 19.79 99999.90 99999.90 99999.90 99999.90 99999.90 99999.90 99999.90 99999.90 99999.90 99999.90 99999.90 99999.90 99999.90 99999.90 99999.90
19.80 19.76 19.78 19.82 19.84 19.82 19.85 19.85 19.85 19.83 19.86 19.88 19.88 19.89 19.87 19.84 19.85 19.85 19.85 19.90 19.91 19.91 19.90 19.90 19.88 19.90 19.91 19.91 19.92 19.92 19.91 19.87 19.86 19.83 19.88 19.88 19.91 19.91 19.92 19.93 19.94 19.95 19.94 19.93 19.95 19.92 19.91 19.91 19.90 19.96 19.96 19.96 19.96 19.96 19.96 19.86 19.86 19.86 19.86 19.86 19.86 19.79 99999.90 99999.90 99999.90 99999.90 99999.90 99999.90 99999.90 99999.90 99999.90 99999.90 99999.90 99999.90 99999.90 99999.90 99999.90
19.78 19.82 19.82 19.81 19.82 19.82 19.81 19.81 19.83 19.82 19.87 19.87 19.87 19.86 19.82 19.79 19.84 19.83 19.82 19.84 19.88 19.86 19.87 19.90 19.84 19.86 19.89 19.90 19.91 19.90 19.89 19.89 19.86 19.82 19.86 19.86 19.87 19.89 19.88 19.89 19.92 19.94 19.93 19.93 19.93 19.91 19.90 19.90 19.89 19.95 19.95 19.95 19.86 19.86 19.86 19.86 19.86 19.86 19.86 19.86 19.86 19.79 99999.90 99999.90 99999.90 99999.90 99999.90 99999.90 99999.90 99999.90 99999.90 99999.90 99999.90 99999.90 99999.90 99999.90 99999.90
19.80 19.79 19.79 19.78 19.78 19.77 19.79 19.78 19.79 19.80 19.83 19.83 19.84 19.80 19.79 19.81 19.83 19.83 19.82 19.80 19.81 19.77 19.82 19.85 19.79 19.82 19.85 19.86 19.88 19.89 19.87 19.88 19.87 19.83 19.79 19.81 19.87 19.86 19.83 19.83 19.87 19.89 19.90 19.91 19.90 19.89 19.88 19.87 19.86 19.92 19.92 19.86 19.86 19.86 19.86 19.86 19.86 19.86 19.86 19.79 19.79 19.79 99999.90 99999.90 99999.90 99999.90 99999.90 99999.90 99999.90 99999.90 99999.90 99999.90 99999.90 99999.90 99999.90 99999.90 99999.90
19.80 19.76 19.77 19.79 19.75 19.71 19.72 19.74 19.73 19.76 19.78 19.80 19.80 19.80 19.76 19.74 19.79 19.81 19.81 19.80 19.73 19.74 19.79 19.82 19.81 19.80 19.83 19.85 19.85 19.86 19.85 19.85 19.86 19.85 19.83 19.84 19.85 19.83 19.77 19.79 19.81 19.82 19.86 19.87 19.88 19.88 19.88 19.88 19.87 19.96 19.86 19.86 19.86 19.86 19.86 19.86 19.79 19.79 19.79 19.79 19.79 19.79 99999.90 99999.90 99999.90 99999.90 99999.90 99999.90 99999.90 99999.90 99999.90 99999.90 99999.90 99999.90 99999.90 99999.90 99999.90
19.68 19.73 19.77 19.76 19.75 19.69 19.67 19.66 19.66 19.72 19.72 19.74 19.74 19.73 19.74 19.72 19.77 19.78 19.77 19.74 19.70 19.69 19.69 19.76 19.80 19.75 19.79 19.81 19.82 19.83 19.82 19.82 19.83 19.83 19.82 19.82 19.82 19.81 19.80 19.74 19.68 19.81 19.82 19.83 19.85 19.86 19.84 19.89 19.89 19.84 19.86 19.86 19.86 19.79 19.79 19.79 19.79 19.79 19.79 19.79 19.79 19.79 99999.90 99999.90 99999.90 99999.90 99999.90 99999.90 99999.90 99999.90 99999.90 99999.90 99999.90 99999.90 99999.90 99999.90 99999.90
19.55 19.67 19.73 19.71 19.70 19.66 19.64 19.61 19.67 19.67 19.68 19.73 19.71 19.70 19.71 19.72 19.73 19.74 19.73 19.71 19.69 19.63 19.67 19.70 19.71 19.70 19.71 19.72 19.76 19.76 19.78 19.78 19.78 19.79 19.79 19.78 19.79 19.77 19.73 19.71 19.70 19.76 19.79 19.81 19.82 19.83 19.89 19.90 19.91 19.83 19.79 19.79 19.79 19.79 19.79 19.79 19.79 19.79 19.79 19.79 19.79 19.79 99999.90 99999.90 99999.90 99999.90 99999.90 99999.90 99999.90 99999.90 99999.90 99999.90 99999.90 99999.90 99999.90 99999.90 99999.90
19.61 19.63 19.63 19.62 19.64 19.63 19.61 19.64 19.71 19.69 19.67 19.70 19.69 19.69 19.65 19.68 19.70 19.70 19.70 19.65 19.67 19.70 19.71 19.71 19.70 19.68 19.68 19.69 19.69 19.73 19.71 19.75 19.76 19.78 19.77 19.76 19.73 19.73 19.71 19.71 19.74 19.73 19.75 19.80 19.81 19.81 19.83 19.86 19.88 19.85 19.82 19.79 19.79 19.79 19.79 19.79 19.79 19.79 19.79 19.79 19.79 19.79 99999.90 99999.90 99999.90 99999.90 99999.90 99999.90 99999.90 99999.90 99999.90 99999.90 99999.90 99999.90 99999.90 99999.90 99999.90
19.63 19.61 19.65 19.64 19.62 19.60 19.61 19.62 19.61 19.61 19.63 19.70 19.67 19.67 19.68 19.63 19.60 19.62 19.66 19.68 19.65 19.68 19.69 19.70 19.71 19.69 19.68 19.67 19.69 19.70 19.69 19.73 19.75 19.76 19.74 19.72 19.73 19.73 19.68 19.65 19.70 19.70 19.73 19.79 19.78 19.78 19.78 19.79 19.81 19.85 19.82 19.92 19.92 19.92 19.92 19.92 19.92 19.92 19.92 19.92 19.92 19.92 19.24 99999.90 99999.90 99999.90 99999.90 99999.90 99999.90 99999.90 99999.90 99999.90 99999.90 99999.90 99999.90 99999.90 99999.90
19.56 19.61 19.65 19.62 19.61 19.64 19.61 19.63 19.61 19.63 19.66 19.69 19.66 19.66 19.64 19.62 19.61 19.61 19.64 19.65 19.65 19.67 19.66 19.69 19.67 19.65 19.66 19.66 19.68 19.69 19.69 19.70 19.73 19.73 19.71 19.70 19.72 19.72 19.65 19.67 19.66 19.68 19.74 19.76 19.75 19.76 19.76 19.75 19.76 19.81 19.86 19.98 19.98 19.98 19.98 19.98 19.98 19.98 19.98 19.98 19.98 19.98 19.24 19.43 99999.90 99999.90 99999.90 99999.90 99999.90 99999.90 99999.90 99999.90 99999.90 99999.90 99999.90 99999.90 99999.90
19.60 19.62 19.64 19.61 19.57 19.62 19.59 19.64 19.61 19.63 19.66 19.67 19.66 19.64 19.62 19.67 19.63 19.59 19.60 19.66 19.64 19.61 19.65 19.67 19.65 19.64 19.65 19.67 19.66 19.69 19.71 19.70 19.70 19.71 19.67 19.71 19.72 19.71 19.70 19.68 19.68 19.69 19.73 19.73 19.75 19.76 19.75 19.75 19.73 19.73 19.88 19.98 19.98 19.98 19.98 19.98 19.98 19.98 19.98 19.98 19.98 19.98 19.43 19.43 99999.90 99999.90 99999.90 99999.90 99999.90 99999.90 99999.90 99999.90 99999.90 99999.90 99999.90 99999.90 99999.90
19.56 19.61 19.58 19.63 19.56 19.56 19.63 19.61 19.60 19.60 19.63 19.63 19.65 19.64 19.67 19.63 19.57 19.57 19.58 19.61 19.58 19.61 19.62 19.65 19.61 19.60 19.62 19.62 19.66 19.66 19.67 19.68 19.68 19.69 19.68 19.67 19.69 19.70 19.70 19.69 19.68 19.71 19.70 19.72 19.77 19.77 19.76 19.74 19.72 19.74 19.82 19.95 19.95 19.95 19.95 19.95 19.95 19.95 19.95 19.95 19.95 19.95 19.43 19.43 18.11 99999.90 99999.90 99999.90 99999.90 99999.90 99999.90 99999.90 99999.90 99999.90 99999.90 99999.90 99999.90
19.57 19.63 19.63 19.63 19.57 19.55 19.55 19.54 19.57 19.56 19.56 19.57 19.60 19.58 19.58 19.60 19.63 19.58 19.53 19.54 19.53 19.56 19.59 19.62 19.60 19.58 19.55 19.60 19.63 19.67 19.69 19.65 19.66 19.67 19.66 19.65 19.66 19.68 19.69 19.68 19.64 19.64 19.69 19.71 19.74 19.73 19.72 19.69 19.72 19.72 19.75 19.75 19.75 19.75 19.75 19.75 19.75 19.75 19.75 19.75 19.75 19.75 19.43 19.43 18.11 18.50 99999.90 99999.90 99999.90 99999.90 99999.90 99999.90 99999.90 99999.90 99999.90 99999.90 99999.90
19.46 19.46 19.58 19.55 19.50 19.51 19.54 19.54 19.53 19.53 19.52 19.49 19.52 19.55 19.58 19.58 19.59 19.57 19.52 19.47 19.51 19.47 19.48 19.49 19.52 19.54 19.52 19.54 19.60 19.63 19.63 19.63 19.63 19.62 19.63 19.65 19.66 19.66 19.66 19.67 19.63 19.53 19.55 19.66 19.66 19.66 19.66 19.72 19.70 19.65 19.67 19.64 19.64 19.64 19.64 19.64 19.64 19.64 19.64 19.64 19.64 19.64 19.43 19.43 18.50 18.50 17.81 99999.90 99999.90 99999.90 99999.90 99999.90 99999.90 99999.90 99999.90 99999.90 99999.90
19.34 19.39 19.41 19.39 19.47 19.45 19.48 19.54 19.53 19.47 19.44 19.41 19.47 19.54 19.50 19.48 19.53 19.56 19.51 19.44 19.44 19.42 19.45 19.44 19.48 19.50 19.50 19.50 19.53 19.57 19.62 19.62 19.61 19.61 19.62 19.64 19.62 19.62 19.65 19.65 19.65 19.64 19.63 19.65 19.65 19.65 19.64 19.72 19.78 19.67 19.65 19.64 19.64 19.64 19.64 19.64 19.64 19.64 19.64 19.43 19.43 19.43 19.43 19.43 18.50 17.81 17.81 18.70 99999.90 99999.90 99999.90 99999.90 99999.90 99999.90 99999.90 99999.90 99999.90
19.25 19.29 19.31 19.33 19.40 19.40 19.47 19.47 19.52 19.47 19.44 19.40 19.43 19.47 19.46 19.47 19.47 19.48 19.48 19.43 19.43 19.41 19.47 19.44 19.43 19.48 19.48 19.45 19.52 19.56 19.60 19.59 19.60 19.60 19.61 19.63 19.58 19.58 19.61 19.62 19.63 19.64 19.63 19.64 19.64 19.64 19.63 19.66 19.77 19.79 19.53 19.53 19.53 19.64 19.64 19.24 19.24 19.43 19.43 19.43 19.43 19.43 19.43 18.50 17.81 17.81 18.70 18.70 99999.90 99999.90 99999.90 99999.90 99999.90 99999.90 99999.90 99999.90 99999.90
19.22 19.27 19.28 19.31 19.29 19.29 19.31 19.40 19.40 19.40 19.42 19.42 19.40 19.41 19.42 19.42 19.40 19.37 19.42 19.42 19.44 19.32 19.40 19.40 19.39 19.44 19.47 19.42 19.51 19.56 19.52 19.52 19.53 19.55 19.55 19.55 19.54 19.51 19.53 19.58 19.59 19.61 19.60 19.62 19.61 19.61 19.60 19.62 19.68 19.67 18.82 18.82 19.37 19.37 19.24 19.24 19.43 19.43 19.43 19.43 19.43 18.50 18.50 17.81 17.95 17.95 17.95 17.95 17.95 17.95 17.95 17.95 99999.90 99999.90 99999.90 99999.90 99999.90
19.21 19.27 19.20 19.33 19.27 19.30 19.27 19.26 19.32 19.34 19.38 19.35 19.36 19.39 19.42 19.41 19.38 19.37 19.41 19.35 19.35 19.27 19.22 19.24 19.35 19.39 19.45 19.48 19.47 19.51 19.52 19.54 19.49 19.50 19.50 19.51 19.49 19.47 19.49 19.53 19.56 19.59 19.59 19.58 19.59 19.60 19.59 19.58 19.59 19.45 18.67 19.37 19.37 19.24 19.24 19.43 19.43 19.43 19.43 19.43 18.50 18.50 17.81 17.81 17.95 17.95 17.95 17.95 17.95 17.95 17.95 17.95 99999.90 99999.90 99999.90 99999.90 99999.90
19.27 19.25 19.23 19.30 19.40 19.42 19.47 19.40 19.42 19.37 19.40 19.41 19.38 19.34 19.41 19.40 19.35 19.34 19.39 19.31 19.35 19.34 19.31 19.21 19.37 19.43 19.43 19.42 19.40 19.51 19.47 19.39 19.44 19.49 19.42 19.43 19.47 19.47 19.49 19.53 19.57 19.57 19.57 19.54 19.57 19.55 19.56 19.57 19.55 18.39 18.70 19.17 19.24 19.24 19.43 19.43 19.43 19.43 18.11 18.50 18.50 17.81 17.81 17.95 17.95 17.95 17.95 17.95 17.95 17.95 17.95 17.95 99999.90 99999.90 99999.90 99999.90 99999.90
19.25 19.27 19.36 19.35 19.36 19.43 19.44 19.42 19.44 19.47 19.44 19.44 19.42 19.44 19.45 19.43 19.42 19.32 19.30 19.36 19.33 19.31 19.33 19.27 19.28 19.39 19.39 19.42 19.45 19.46 19.41 19.37 19.39 19.45 19.44 19.45 19.42 19.42 19.45 19.51 19.54 19.54 19.49 19.52 19.53 19.55 19.53 19.55 19.54 19.02 19.15 19.45 19.09 19.43 19.43 19.43 18.11 18.11 18.50 18.50 17.81 17.81 18.70 17.95 17.95 17.95 17.95 17.95 17.95 17.95 17.95 17.95 99999.90 99999.90 99999.90 99999.90 99999.90
19.31 19.25 19.30 19.36 19.32 19.41 19.43 19.35 19.37 19.39 19.36 19.36 19.35 19.36 19.40 19.40 19.39 19.35 19.33 19.28 19.31 19.32 19.31 19.28 19.31 19.36 19.43 19.42 19.41 19.40 19.37 19.36 19.31 19.33 19.42 19.39 19.37 19.36 19.39 19.45 19.49 19.48 19.48 19.51 19.51 19.47 19.51 19.54 19.53 19.16 18.63 18.61 19.43 18.72 18.72 18.11 18.11 18.50 18.50 17.81 17.81 18.70 17.95 17.95 17.95 17.95 17.95 17.95 17.95 17.95 17.95 17.95 99999.90 99999.90 99999.90 99999.90 99999.90
19.29 19.32 19.31 19.29 19.39 19.35 19.38 19.32 19.31 19.27 19.24 19.28 19.32 19.33 19.33 19.35 19.34 19.35 19.34 19.31 19.28 19.25 19.29 19.21 19.27 19.38 19.43 19.40 19.36 19.41 19.39 19.35 19.32 19.34 19.39 19.34 19.34 19.34 19.40 19.54 19.47 19.48 19.47 19.48 19.48 19.48 19.52 19.49 19.35 19.21 18.72 18.66 18.69 18.94 18.11 18.11 18.50 18.50 17.81 17.81 18.70 18.70 17.95 17.95 17.95 17.95 17.95 17.95 17.95 17.95 17.95 17.95 99999.90 99999.90 99999.90 99999.90 99999.90
19.26 19.34 19.30 19.33 19.34 19.33 19.35 19.36 19.31 19.27 19.24 19.27 19.33 19.34 19.33 19.32 19.33 19.31 19.35 19.31 19.29 19.25 19.25 19.23 19.28 19.38 19.43 19.41 19.42 19.35 19.33 19.32 19.37 19.42 19.39 19.36 19.34 19.38 19.39 19.52 19.44 19.45 19.47 19.47 19.45 19.47 19.48 19.42 19.30 19.17 19.02 19.02 18.82 18.39 18.32 18.50 18.50 17.81 17.81 18.70 18.70 17.95 17.95 17.95 17.95 17.95 17.95 17.95 17.95 17.95 17.95 17.95 18.46 99999.90 99999.90 99999.90 99999.90
19.27 19.27 19.32 19.32 19.36 19.33 19.30 19.33 19.31 19.29 19.29 19.28 19.26 19.32 19.33 19.32 19.32 19.33 19.33 19.37 19.29 19.25 19.24 19.20 19.37 19.39 19.38 19.37 19.38 19.33 19.34 19.34 19.36 19.37 19.33 19.32 19.29 19.38 19.39 19.47 19.48 19.46 19.49 19.46 19.46 19.45 19.47 19.45 19.46 19.44 19.49 19.47 19.38 19.22 18.86 18.75 17.81 17.81 18.70 18.70 17.78 17.95 17.95 17.95 17.95 17.95 17.95 17.95 17.95 17.95 17.95 17.95 18.46 99999.90 99999.90 99999.90 99999.90
