Files/BOM data/2019070220190702.grid
ncols 839
nrows 679
xllcenter 112.0500
yllcenter -43.9500
cellsize 0.0500
nodata_value 99999.90
[rows 408 to 441 of 679, columns 693 to 769 of 839]
10.91 11.19 11.20 11.43 11.89 12.06 11.74 11.52 11.70 11.46 11.58 12.09 11.99 12.09 12.15 11.93 11.98 12.13 12.28 12.52 12.42 12.54 12.61 12.61 12.58 12.65 12.41 12.35 12.26 12.43 12.35 12.35 12.48 12.53 12.61 12.70 12.62 12.66 12.68 12.61 12.54 12.35 12.41 12.46 12.41 12.67 12.64 12.37 12.58 12.49 12.33 12.31 12.38 12.32 12.36 12.54 12.57 12.45 12.62 12.66 12.37 12.22 12.18 12.16 12.11 12.21 12.15 12.26 12.33 12.34 12.26 12.17 12.34 12.33 12.38 12.30 12.39
11.31 11.22 11.21 10.97 11.12 11.84 12.24 12.42 11.85 11.55 11.20 11.29 11.24 11.78 12.06 11.73 11.74 11.89 11.93 12.13 11.94 12.00 12.33 12.22 12.46 12.67 12.54 12.31 12.47 12.59 12.50 12.47 12.39 12.41 12.41 12.38 12.36 12.44 12.56 12.58 12.55 12.51 12.43 12.48 12.33 12.48 12.60 12.44 12.39 12.56 12.33 12.22 12.30 12.40 12.30 12.30 12.28 12.26 12.10 12.39 12.35 12.24 12.34 12.24 12.49 12.44 12.47 12.53 12.56 12.43 12.47 12.37 12.24 12.40 12.47 12.57 12.36
12.06 11.92 11.70 11.80 11.86 11.52 11.66 12.17 12.17 11.91 11.65 11.53 11.62 11.59 11.74 11.87 11.85 11.83 12.20 12.12 11.95 11.87 12.11 11.87 12.39 12.55 12.61 12.43 12.43 12.49 12.49 12.42 12.44 12.54 12.53 12.44 12.33 12.43 12.54 12.58 12.44 12.44 12.43 12.37 12.31 12.38 12.33 12.34 12.51 12.49 12.48 12.39 12.31 12.36 12.30 12.30 12.30 12.26 12.02 12.15 12.37 12.37 12.35 12.29 12.49 12.52 12.50 12.55 12.53 12.50 12.49 12.61 12.39 12.32 12.43 12.44 12.43
12.08 12.26 12.18 11.95 11.86 11.62 11.45 11.75 12.14 12.07 12.03 11.70 11.60 11.93 11.91 11.82 11.57 11.23 11.74 12.23 12.15 11.87 12.02 11.93 11.85 12.20 12.30 12.42 12.36 12.36 12.37 12.49 12.52 12.43 12.41 12.47 12.26 12.36 12.27 12.40 12.45 12.29 12.31 12.26 12.21 12.31 12.33 12.27 12.29 12.38 12.40 12.41 12.37 12.41 12.29 12.26 12.29 12.28 12.19 12.23 12.31 12.32 12.37 12.16 12.40 12.44 12.41 12.41 12.35 12.48 12.39 12.43 12.29 12.25 12.30 12.35 12.38
11.66 12.04 12.07 12.04 11.83 11.71 11.62 11.12 11.28 11.69 11.92 12.02 11.64 11.85 11.95 11.83 11.79 11.28 11.36 11.94 12.16 12.01 11.89 12.07 11.82 12.09 12.11 12.26 12.18 12.03 12.16 12.46 12.55 12.54 12.46 12.27 12.10 12.04 12.25 12.24 12.18 12.22 12.12 12.22 12.24 12.23 12.36 12.31 12.16 12.06 12.17 12.34 12.37 12.41 12.41 12.37 12.38 12.27 12.23 12.14 12.20 12.17 12.26 12.26 12.24 12.40 12.40 12.34 12.32 12.38 12.44 12.41 12.19 12.21 12.03 12.00 12.15
11.89 11.81 11.96 12.07 11.93 12.03 12.04 12.04 11.51 11.38 11.62 11.97 11.81 11.77 11.85 11.83 11.54 11.55 11.27 11.84 12.11 12.13 11.93 11.72 11.87 11.84 12.03 12.16 12.36 12.13 11.87 12.12 12.36 12.54 12.48 12.32 12.28 12.19 12.22 12.20 12.23 12.09 12.10 12.13 12.20 12.20 12.36 12.24 12.13 11.94 11.88 12.01 12.12 12.20 12.27 12.36 12.38 12.32 12.26 12.22 12.24 12.29 12.33 12.31 12.38 12.42 12.45 12.22 12.20 12.19 12.32 12.39 12.28 12.27 12.13 12.08 12.14
11.72 11.82 11.72 11.49 11.65 12.07 12.16 11.96 11.92 12.04 11.69 11.62 11.71 11.91 11.86 11.76 11.55 10.88 11.20 11.47 11.48 11.44 11.62 11.74 11.77 12.06 11.84 12.19 12.13 12.08 11.92 11.97 11.97 12.27 12.36 12.18 12.06 12.24 12.17 12.41 12.30 12.31 12.13 12.06 12.02 12.20 12.27 12.19 12.07 11.99 11.97 12.12 12.19 12.21 12.15 12.10 12.11 12.08 12.12 12.24 12.18 12.23 12.24 12.32 12.24 12.32 12.37 12.34 12.24 12.32 12.33 12.25 12.38 12.28 12.35 12.22 12.24
11.08 11.42 11.66 11.57 11.37 11.60 11.87 11.79 11.92 11.71 12.28 12.41 12.07 11.54 11.90 11.87 11.92 11.69 11.64 11.10 10.84 10.81 11.27 11.41 11.42 11.85 12.14 12.00 11.82 11.92 11.94 11.85 11.69 12.07 12.20 12.10 11.91 11.91 12.12 12.10 12.43 12.42 12.23 12.32 11.94 11.79 12.12 12.39 12.21 12.18 12.22 12.39 12.31 12.33 12.24 12.19 12.13 11.99 12.03 12.06 12.13 12.08 12.09 12.18 12.13 12.18 12.37 12.41 12.40 12.27 12.25 12.25 12.28 12.35 12.38 12.34 12.10
11.44 11.59 11.58 11.57 11.68 11.75 11.82 11.60 11.77 11.67 11.35 11.86 12.40 12.18 11.91 11.71 11.76 11.80 11.99 11.55 11.20 10.87 10.69 11.31 11.40 11.65 11.88 12.12 11.97 11.92 11.68 11.78 11.61 11.83 11.95 11.79 11.84 12.06 12.18 12.30 12.19 12.44 12.30 12.26 12.01 11.94 12.03 12.37 12.23 12.20 12.19 12.34 12.41 12.32 12.32 12.27 12.21 12.16 12.02 12.01 11.96 11.99 12.12 12.24 12.16 12.21 12.22 12.10 12.31 12.33 12.27 12.34 12.26 12.35 12.34 12.24 12.24
11.53 11.55 12.07 12.15 11.84 11.83 12.03 12.02 11.90 12.00 11.61 11.15 11.34 11.59 11.88 11.70 11.72 11.49 11.64 11.98 11.58 11.23 10.67 11.04 11.37 11.34 11.54 12.04 12.14 12.06 11.64 11.51 11.46 11.58 11.65 11.52 11.47 11.53 11.49 11.81 12.13 12.37 12.30 12.15 12.13 12.11 12.11 12.24 12.12 12.19 12.15 12.21 12.32 12.35 12.32 12.34 12.15 12.18 12.15 12.10 12.08 12.14 12.01 12.29 12.14 12.12 12.26 12.02 12.10 12.05 12.28 12.35 12.23 12.13 12.16 12.21 12.17
11.56 11.78 11.92 12.14 12.05 11.70 11.73 11.79 11.71 11.92 12.15 11.79 11.46 11.20 11.29 11.69 11.60 11.64 11.52 11.64 11.87 11.28 11.12 11.35 11.32 11.24 11.38 11.69 12.01 12.08 11.89 11.84 11.34 11.40 11.45 11.57 11.32 11.42 11.72 11.82 11.98 12.03 12.18 12.00 11.87 12.05 12.04 12.10 12.05 12.03 12.17 12.19 12.20 12.19 12.17 12.22 12.19 12.16 12.22 12.19 12.26 12.08 12.15 12.26 12.22 12.14 12.31 12.28 12.05 11.95 11.88 11.91 12.05 12.11 12.06 12.00 12.18
11.07 11.34 11.60 11.92 11.93 11.93 11.90 11.77 11.33 11.44 11.79 11.94 11.89 11.75 11.71 11.71 11.68 11.72 12.01 11.75 11.77 11.62 11.16 11.41 11.51 11.67 11.35 11.40 11.55 11.72 11.78 11.92 11.80 11.73 11.37 11.20 11.15 11.16 11.34 11.64 11.83 11.95 11.81 11.88 11.79 11.78 11.84 11.88 12.00 11.83 12.00 11.95 12.04 12.13 12.13 12.11 12.10 12.08 12.13 12.27 12.38 12.14 12.24 12.31 12.30 12.23 12.22 12.31 12.02 12.02 12.00 11.91 12.10 12.19 12.07 12.04 12.21
11.32 10.95 11.31 11.67 11.57 11.83 11.97 11.91 11.66 11.41 11.42 11.68 11.78 11.92 11.88 11.73 11.76 11.94 11.81 11.80 11.86 11.74 11.77 11.61 11.64 12.02 11.59 11.42 11.53 11.57 11.75 11.22 11.13 11.43 11.75 11.17 11.25 11.57 11.22 11.14 11.49 11.76 11.83 11.84 11.58 11.75 11.90 11.60 11.56 11.68 11.73 11.68 11.76 11.78 11.83 12.02 12.03 12.15 12.16 12.17 12.27 12.23 12.24 12.31 12.27 12.30 12.16 12.21 12.26 12.05 12.06 11.96 12.01 12.23 12.17 12.23 12.13
11.91 11.26 11.19 11.50 11.72 11.76 11.70 11.82 11.88 11.66 11.53 11.42 11.46 11.88 11.71 11.60 11.52 11.74 11.98 11.89 11.43 11.54 11.59 11.96 12.07 12.06 12.01 11.76 11.29 11.25 11.22 11.29 11.22 11.29 11.51 11.16 11.15 11.41 11.61 11.24 11.18 11.33 11.45 11.65 11.68 11.48 11.69 11.70 11.67 11.42 11.40 11.68 11.82 11.90 11.98 11.91 11.74 11.86 12.06 12.03 12.14 12.18 12.15 12.05 12.19 12.16 12.25 12.17 12.16 12.14 12.18 11.98 12.13 12.16 12.13 12.21 12.33
12.16 11.80 11.56 11.42 11.64 11.76 11.93 11.81 11.77 11.81 11.63 11.90 11.94 11.81 11.75 11.25 11.36 11.52 11.67 11.74 11.51 11.48 11.50 11.73 12.16 11.87 11.90 11.85 11.96 11.65 11.68 11.59 11.62 11.67 11.50 11.32 11.18 11.35 11.66 11.50 10.96 11.22 11.01 11.34 11.59 11.64 11.54 11.49 11.48 11.27 11.64 11.36 11.27 11.44 11.62 11.85 11.85 11.75 11.81 11.79 11.89 11.85 12.00 12.14 12.22 12.15 12.16 12.10 12.10 12.13 12.21 12.17 12.18 11.90 11.94 12.08 12.14
12.09 12.06 12.00 11.99 11.84 11.61 11.66 11.88 11.89 12.05 12.07 11.74 11.72 11.72 11.55 11.85 11.70 11.37 11.52 11.60 11.62 11.86 11.69 11.70 11.78 12.07 12.05 11.81 11.65 11.70 11.74 11.84 11.87 11.68 11.79 11.62 11.54 11.59 11.79 11.53 11.58 11.48 11.67 11.27 11.15 10.86 11.06 11.10 11.20 10.96 11.54 11.64 11.50 11.24 11.25 11.64 11.57 11.60 11.74 11.73 11.79 11.65 11.78 11.87 12.03 12.14 12.19 12.13 12.07 12.11 12.19 12.16 12.14 12.11 12.17 12.21 12.27
12.22 12.21 12.18 12.17 12.14 12.14 11.93 11.62 11.66 11.88 12.12 12.08 11.83 11.76 11.58 11.17 11.48 11.51 11.37 11.65 11.47 11.75 11.41 11.53 11.09 11.12 11.62 11.38 11.38 11.56 11.73 11.76 11.82 11.58 11.26 11.49 11.77 11.72 11.81 11.54 11.25 11.29 11.43 11.64 11.38 11.01 10.94 11.17 11.20 11.32 11.55 11.60 11.55 11.43 11.47 11.34 11.29 11.54 11.64 11.71 11.70 11.65 11.68 11.80 11.76 11.68 12.00 12.06 12.18 12.13 12.00 11.99 12.02 12.03 12.05 12.06 12.22
12.26 12.22 12.19 12.25 12.28 12.27 12.12 11.99 11.76 11.85 12.00 11.99 12.07 12.08 12.14 11.93 11.29 11.16 11.24 11.37 11.72 11.70 11.58 11.57 11.40 10.93 10.72 11.08 11.40 11.22 11.73 11.88 11.83 11.78 11.31 11.12 11.35 11.69 11.79 11.92 11.73 11.63 11.75 11.40 11.55 11.63 11.54 11.35 11.39 11.33 11.40 11.73 11.57 11.63 11.69 11.75 11.56 11.40 11.58 11.57 11.44 11.47 11.55 11.83 11.61 11.74 11.58 11.79 12.07 12.13 11.99 11.80 11.74 11.63 11.92 11.98 12.12
12.05 12.05 12.03 12.14 12.16 12.19 12.22 12.14 11.99 11.93 12.07 12.08 12.14 11.99 12.07 12.25 12.09 11.82 11.59 11.39 11.31 11.39 11.54 11.31 11.52 11.63 11.29 10.67 10.84 11.28 11.02 11.51 11.89 11.61 11.65 11.51 11.60 11.33 11.67 11.68 11.59 11.82 11.54 11.15 10.90 11.29 11.35 11.59 11.54 11.62 11.39 11.43 11.56 11.57 11.56 11.65 11.75 11.70 11.55 11.56 11.42 11.47 11.43 11.76 11.75 11.67 11.65 11.67 11.71 11.75 11.79 11.77 11.75 11.50 11.90 11.86 12.10
11.92 11.83 11.89 12.08 12.05 12.18 12.19 12.20 12.04 11.79 11.92 12.13 12.11 12.09 12.13 12.16 12.20 12.24 12.10 11.91 11.72 11.56 11.42 11.47 11.45 11.59 11.84 11.53 10.88 10.60 10.76 10.65 11.11 11.63 11.67 11.48 11.61 11.74 11.70 10.99 10.85 11.37 11.32 11.17 10.98 11.06 11.22 11.37 11.50 11.61 11.73 11.64 11.50 11.66 11.71 11.68 11.60 11.60 11.75 11.64 11.67 11.57 11.61 11.71 11.81 11.56 11.46 11.72 11.72 11.75 11.71 11.73 11.86 11.72 11.81 11.66 11.95
12.00 12.08 12.02 11.90 12.03 12.04 11.99 12.01 11.93 11.75 11.82 11.80 11.99 12.08 12.07 12.12 12.14 12.11 12.10 12.07 11.88 11.99 11.89 11.81 11.80 11.62 11.43 11.33 11.31 10.90 10.76 10.67 10.36 10.68 11.26 11.20 11.11 11.22 11.64 11.58 10.74 10.87 11.20 11.26 11.34 11.45 11.44 11.59 11.57 11.43 11.53 11.68 11.73 11.73 11.63 11.68 11.49 11.27 11.25 11.53 11.70 11.61 11.55 11.61 11.58 11.75 11.56 11.84 11.72 11.63 11.62 11.57 11.83 11.93 11.82 11.86 11.90
12.06 12.08 12.08 11.97 11.97 11.63 11.47 11.52 11.67 11.46 11.60 11.60 11.87 11.83 11.76 11.86 11.98 12.07 12.15 11.93 11.90 11.84 11.94 11.88 12.06 11.94 11.76 11.66 11.57 11.67 11.11 11.11 11.09 11.08 10.59 10.72 10.69 11.06 11.48 11.76 11.53 10.93 10.73 10.93 11.23 11.35 11.48 11.45 11.24 11.19 11.34 11.57 11.49 11.44 11.58 11.70 11.31 11.38 11.48 11.40 11.47 11.57 11.61 11.59 11.57 11.65 11.81 11.89 12.00 11.72 11.64 11.64 11.60 11.71 11.92 11.96 11.94
11.95 11.96 12.02 12.04 11.95 12.00 11.91 11.97 11.67 11.35 11.42 11.44 11.59 11.70 11.75 11.57 11.66 11.78 11.84 11.87 11.78 11.79 11.86 11.85 11.73 11.82 11.80 11.71 11.56 11.66 11.68 11.48 11.54 11.51 11.13 10.93 11.01 11.15 11.40 11.62 11.30 11.25 11.20 10.85 10.85 10.93 10.85 11.13 11.03 11.03 11.30 11.55 11.61 11.30 11.16 11.41 11.57 11.61 11.41 11.37 11.26 11.51 11.64 11.52 11.58 11.54 11.60 11.61 11.74 11.61 11.71 11.51 11.66 11.72 11.87 11.95 11.93
12.04 12.06 12.03 12.02 12.07 12.00 11.91 12.06 12.07 11.93 11.65 11.69 11.97 11.74 11.99 11.90 11.54 11.69 11.65 11.63 11.68 11.63 11.61 11.67 11.68 11.66 11.75 11.84 11.74 11.58 11.68 11.83 11.92 11.91 11.71 11.57 11.37 11.40 11.43 11.45 11.46 11.07 10.75 10.66 10.85 10.91 10.95 10.68 10.69 10.94 11.40 11.64 11.65 11.84 11.48 11.02 10.96 11.18 11.33 11.11 11.30 11.33 11.57 11.67 11.78 11.42 11.22 11.40 11.41 11.32 11.53 11.65 11.82 11.77 11.65 11.68 12.03
11.78 11.79 11.84 11.57 11.89 12.10 12.06 12.12 12.11 12.00 11.58 11.28 11.49 11.57 11.61 11.86 11.84 11.73 11.66 11.20 11.32 11.46 11.56 11.61 11.60 11.80 11.59 11.26 11.71 11.82 11.88 11.95 11.98 12.00 11.88 11.85 11.74 11.54 11.47 11.54 11.57 11.46 11.17 11.01 11.13 11.02 11.04 10.90 10.91 11.01 11.20 11.57 11.70 11.64 11.79 11.67 11.30 11.13 11.08 11.30 11.35 11.31 11.41 11.48 11.53 11.48 11.25 11.18 11.39 11.61 11.64 11.46 11.60 11.58 11.60 11.75 11.78
11.67 11.50 11.34 11.41 11.59 11.70 11.89 11.99 12.09 12.04 11.50 11.46 11.54 11.25 11.03 11.18 11.50 11.74 11.51 11.30 11.15 11.14 11.19 11.08 11.04 11.25 11.09 11.15 11.35 11.63 11.85 11.80 11.80 11.89 11.70 11.75 11.85 11.76 11.50 11.65 11.72 11.69 11.64 11.54 11.22 11.08 11.10 11.43 11.41 11.40 11.31 11.39 11.67 11.68 11.46 11.59 11.34 11.06 11.16 11.45 11.38 11.04 10.96 11.31 11.53 11.47 11.33 11.36 11.13 11.10 11.20 11.21 11.23 11.29 11.22 11.42 11.69
11.41 11.01 11.11 11.05 11.22 11.39 11.61 11.68 11.80 11.88 11.67 11.80 11.70 11.52 11.70 11.58 11.47 11.54 11.80 11.79 11.31 11.18 11.30 11.42 11.09 10.74 10.93 11.05 11.32 11.42 11.53 11.68 11.64 11.80 11.83 11.64 11.58 11.73 11.72 11.82 11.85 11.77 11.84 11.63 11.46 11.46 11.42 11.59 11.70 11.61 11.50 11.60 11.78 11.81 11.64 11.35 11.35 11.22 11.17 11.41 11.53 11.50 11.21 11.14 11.38 11.63 11.66 11.23 11.18 10.90 10.93 11.20 11.14 11.03 11.14 11.36 11.66
11.75 11.51 11.73 11.57 11.54 11.17 10.88 11.05 11.23 11.24 11.22 11.31 11.40 11.69 11.30 11.46 11.71 11.88 12.00 11.89 11.92 11.28 10.87 11.27 11.38 11.22 11.45 11.53 11.31 11.25 11.22 11.20 11.09 11.28 11.44 11.32 11.14 11.12 11.39 11.54 11.52 11.42 11.70 11.73 11.72 11.59 11.61 11.83 11.93 11.90 11.75 11.54 11.65 11.76 11.79 11.78 11.65 11.24 11.17 11.09 11.39 11.59 11.56 11.39 11.51 11.46 11.65 11.62 11.53 11.32 11.12 11.20 11.19 11.35 11.29 11.30 11.49
11.78 11.84 11.64 11.10 11.20 11.00 10.45 11.10 11.48 11.19 11.11 10.96 10.66 11.25 11.24 11.46 11.55 11.63 11.68 11.70 11.68 11.27 11.14 11.35 11.69 11.42 11.44 11.37 11.32 11.29 11.20 11.15 11.10 11.16 11.32 11.40 11.20 11.08 11.09 11.26 11.07 11.02 11.28 11.69 11.71 11.77 11.83 11.82 11.82 11.87 11.93 11.76 11.75 11.63 11.76 11.77 11.74 11.76 11.64 11.45 11.24 11.45 11.42 11.28 11.42 11.62 11.68 11.59 11.66 11.54 11.35 11.31 11.50 11.58 11.62 11.53 11.54
11.51 11.55 11.42 10.86 10.85 10.59 10.72 11.28 11.77 11.34 11.50 11.42 10.97 10.76 10.82 10.91 10.82 11.01 11.22 11.16 10.87 10.58 10.66 10.64 10.97 11.13 11.43 11.48 11.45 11.46 11.19 10.88 10.72 10.94 11.22 11.24 11.10 10.91 11.10 11.18 11.12 11.17 11.22 11.33 11.26 11.39 11.65 11.60 11.52 11.47 11.54 11.55 11.57 11.65 11.74 11.80 11.70 11.70 11.68 11.70 11.62 11.65 11.65 11.59 11.44 11.38 11.61 11.69 11.67 11.61 11.60 11.38 11.52 11.70 11.84 11.89 11.75
11.75 11.66 11.36 11.72 11.59 11.55 11.26 11.16 11.40 11.48 11.53 11.65 11.27 10.75 11.10 11.31 10.70 10.55 10.36 10.40 10.75 10.79 10.97 11.05 11.36 11.39 11.30 11.29 11.41 11.49 11.52 11.30 11.18 10.99 11.28 11.59 11.43 11.30 11.24 11.22 11.12 11.18 11.04 10.87 10.82 10.81 10.93 11.24 11.37 11.34 11.29 11.30 11.36 11.47 11.56 11.66 11.70 11.60 11.68 11.70 11.51 11.58 11.64 11.61 11.59 11.53 11.50 11.54 11.53 11.46 11.57 11.60 11.55 11.47 11.60 11.69 11.80
11.23 11.42 11.64 11.79 11.74 11.87 11.66 11.21 11.01 11.08 11.31 11.14 10.83 10.66 11.06 10.77 10.41 10.76 11.58 11.40 11.71 11.22 10.88 10.96 10.94 10.95 10.95 11.18 11.38 11.57 11.65 11.46 11.40 11.41 11.51 11.55 11.57 11.66 11.35 11.33 11.30 11.08 10.93 10.76 10.61 10.45 10.39 10.58 10.94 11.11 11.22 11.34 11.41 11.51 11.52 11.70 11.71 11.61 11.48 11.47 11.58 11.60 11.71 11.64 11.57 11.41 11.57 11.57 11.55 11.49 11.54 11.54 11.55 11.69 11.59 11.60 11.56
10.94 11.26 11.53 11.67 11.63 11.77 11.79 11.61 11.61 10.97 10.81 11.24 11.20 11.24 11.10 11.36 10.75 10.90 11.13 11.48 11.72 11.50 11.41 10.89 10.82 10.94 10.77 10.88 10.88 10.70 10.87 10.94 11.05 11.04 11.27 11.31 11.28 11.51 11.05 10.95 10.95 10.86 11.05 11.12 11.07 10.78 10.84 11.01 11.20 11.12 11.12 11.25 11.20 11.23 11.13 11.18 11.31 11.46 11.42 11.37 11.54 11.69 11.73 11.63 11.59 11.59 11.46 11.27 11.35 11.46 11.52 11.49 11.55 11.53 11.57 11.53 11.49
11.01 10.83 10.75 11.25 11.83 11.46 11.28 11.70 11.66 11.51 11.41 10.99 11.06 11.48 11.68 11.79 11.84 11.40 11.23 11.22 11.50 11.59 11.33 11.30 11.13 11.10 11.06 10.91 10.73 10.57 11.03 11.39 11.02 10.61 10.90 10.90 10.92 10.79 10.79 10.74 10.94 10.95 11.17 11.23 11.18 11.24 10.91 11.07 11.12 10.94 10.85 11.03 11.10 11.11 10.83 10.72 10.70 10.74 10.61 10.54 10.81 11.16 11.31 11.41 11.54 11.61 11.71 11.62 11.44 11.33 11.42 11.42 11.33 11.40 11.56 11.63 11.61
