Files/BOM data/2019072020190720.grid
ncols 839
nrows 679
xllcenter 112.0500
yllcenter -43.9500
cellsize 0.0500
nodata_value 99999.90
[rows 204 to 237 of 679, columns 231 to 307 of 839]
18.04 17.56 17.82 17.84 17.88 17.90 17.97 17.98 17.77 17.83 17.95 17.88 17.95 17.94 17.75 18.02 17.88 18.01 17.81 17.68 17.73 17.87 17.75 17.73 17.66 17.70 17.90 18.01 17.84 17.92 17.96 17.67 17.73 17.89 18.03 17.98 17.89 17.96 17.75 17.65 17.76 17.47 17.63 17.49 17.60 17.43 17.94 17.94 18.04 17.88 18.07 18.08 18.16 18.06 17.59 17.62 17.81 17.72 17.69 17.78 17.79 17.15 17.59 17.93 17.73 17.88 17.82 17.79 17.51 17.72 17.80 17.83 17.46 17.55 17.25 17.63 17.51
17.94 17.74 17.95 17.81 17.78 17.80 17.86 17.87 17.61 17.86 17.75 17.76 17.68 17.94 17.93 17.88 17.86 17.79 17.71 17.64 17.40 17.50 17.70 17.60 17.31 17.37 17.47 17.88 17.78 17.59 17.82 17.82 17.77 17.63 17.40 17.67 17.81 17.86 17.65 17.25 17.53 17.73 17.81 17.87 17.75 17.81 17.74 17.68 17.94 17.82 18.00 17.92 17.74 17.19 17.29 17.67 17.78 17.47 17.37 17.94 18.15 18.01 17.84 17.89 17.69 17.80 17.80 17.79 18.01 17.48 17.64 17.58 17.96 18.06 17.43 17.69 17.85
17.68 17.98 17.87 17.82 17.94 17.83 17.73 17.94 17.78 17.98 17.77 17.55 17.55 17.57 17.77 17.91 17.66 17.75 17.80 17.85 17.60 17.42 17.56 17.46 17.24 17.47 17.49 17.57 17.85 17.88 17.66 17.92 17.78 17.34 17.34 17.48 17.62 17.62 17.80 17.58 17.58 17.86 17.95 17.52 17.71 18.03 17.91 17.51 17.80 17.68 17.88 17.78 17.64 17.16 17.44 17.95 17.80 17.51 17.45 17.87 17.91 17.61 17.39 17.40 17.57 17.75 17.89 17.85 18.04 17.90 17.70 17.61 17.66 17.87 17.69 17.75 17.93
17.65 17.81 17.77 17.75 17.72 17.53 17.68 17.56 17.71 17.65 17.78 17.77 17.48 17.65 17.51 17.49 17.41 17.29 17.59 17.51 17.56 17.57 17.73 17.49 17.51 17.67 17.60 17.45 17.35 17.66 17.46 17.62 17.52 17.54 17.63 17.62 17.36 17.44 17.86 17.64 17.77 17.85 17.74 17.44 17.78 17.96 18.11 18.01 17.97 17.40 17.51 17.89 17.96 17.92 17.65 18.03 17.64 17.54 17.74 17.80 17.93 17.37 17.55 17.56 17.61 17.74 17.94 17.67 17.98 18.03 17.86 17.85 17.95 17.77 18.03 17.94 17.91
17.66 17.71 17.68 17.69 17.56 17.43 17.78 17.64 17.75 17.56 17.68 17.52 17.45 17.69 17.62 17.53 17.71 17.88 17.75 17.67 17.71 17.50 17.71 17.73 17.55 17.86 17.81 17.49 17.40 17.53 17.50 17.58 17.69 17.42 17.48 17.78 17.39 17.39 17.57 17.66 17.75 17.70 17.41 17.43 17.88 17.68 17.63 17.65 18.01 17.65 17.71 17.93 17.85 17.87 17.93 17.68 17.28 17.56 17.83 17.80 17.88 17.09 17.16 17.47 17.73 17.83 17.68 17.73 17.91 17.83 17.96 17.86 17.86 17.85 17.95 17.88 17.95
17.58 17.70 17.70 17.70 17.69 17.65 17.72 17.70 17.60 17.67 17.77 17.49 17.67 17.75 17.60 17.54 17.63 17.65 17.73 17.60 17.54 17.59 17.73 17.76 17.60 17.70 17.72 17.64 17.49 17.71 17.71 17.43 17.49 17.56 17.27 17.18 17.34 17.18 17.22 17.64 17.62 17.16 16.92 17.31 17.76 17.38 17.55 17.84 17.97 18.09 17.77 17.78 17.95 17.81 18.00 17.67 17.46 17.79 17.44 17.59 17.90 18.04 17.84 17.40 17.63 17.92 17.75 17.74 17.84 17.69 17.68 18.04 17.90 17.97 17.87 17.72 17.75
17.77 17.56 17.58 17.60 17.57 17.81 17.79 17.57 17.61 17.64 17.67 17.51 17.65 17.69 17.69 17.50 17.51 17.58 17.52 17.81 17.83 17.81 17.83 17.56 17.42 17.54 17.44 17.35 17.65 17.57 17.54 17.35 17.38 17.65 17.28 17.40 17.40 17.34 17.27 17.50 17.30 17.31 17.19 17.32 17.63 17.65 17.93 17.93 17.54 17.60 17.44 17.64 17.60 17.69 17.94 18.00 17.85 17.88 17.65 17.46 17.62 17.79 17.97 17.48 17.73 17.87 17.83 17.95 17.90 17.89 17.81 17.96 17.75 18.03 17.98 17.81 17.87
17.69 17.79 17.67 17.59 17.55 17.71 17.70 17.72 17.73 17.86 17.62 17.52 17.56 17.52 17.69 17.49 17.54 17.67 17.56 17.64 17.70 17.70 17.58 17.52 17.55 17.61 17.78 17.65 17.41 17.51 17.61 17.42 17.51 17.46 17.34 17.36 17.44 17.25 17.38 17.66 17.40 17.37 17.58 17.50 17.23 17.42 17.76 17.80 17.44 16.86 17.21 17.26 17.54 17.67 17.87 17.87 17.98 17.96 17.89 17.67 17.69 17.94 17.91 17.84 18.00 17.93 17.60 17.80 17.96 17.81 17.66 18.03 17.89 17.94 17.99 17.96 17.95
17.76 17.64 17.72 17.57 17.55 17.60 17.60 17.67 17.69 17.58 17.45 17.52 17.59 17.60 17.49 17.49 17.64 17.59 17.62 17.47 17.66 17.66 17.56 17.63 17.52 17.34 17.41 17.51 17.28 17.17 17.43 17.58 17.53 17.44 17.38 17.40 17.34 17.49 17.18 17.19 17.47 17.57 17.80 17.13 16.79 17.24 17.42 17.58 17.75 17.59 17.51 17.53 17.62 17.70 17.78 17.80 17.88 17.90 17.98 17.99 17.97 17.89 17.94 17.88 18.04 17.68 17.98 17.88 17.93 17.94 17.82 17.96 17.90 17.79 17.80 17.79 17.80
17.75 17.60 17.65 17.66 17.68 17.59 17.57 17.54 17.58 17.59 17.42 17.45 17.73 17.64 17.54 17.53 17.43 17.70 17.59 17.47 17.59 17.52 17.57 17.48 17.49 17.37 17.47 17.53 17.20 17.23 17.23 17.25 17.38 17.40 17.64 17.63 17.35 17.17 17.05 17.09 17.12 17.10 17.54 17.39 17.45 17.30 17.38 17.47 17.55 17.82 17.88 17.88 17.67 17.75 17.76 17.68 17.83 17.81 17.72 17.95 17.86 17.76 17.94 17.66 17.72 17.93 17.96 17.92 17.84 17.75 17.80 17.87 17.83 17.88 17.68 17.60 17.58
17.99 17.59 17.69 17.53 17.59 17.72 17.57 17.59 17.53 17.58 17.58 17.62 17.56 17.49 17.41 17.47 17.50 17.58 17.49 17.47 17.45 17.39 17.45 17.52 17.48 17.34 17.40 17.70 17.61 17.55 17.45 17.37 17.52 17.34 17.60 17.92 17.26 17.14 17.31 17.32 17.13 17.04 17.31 17.34 17.51 17.56 17.52 17.10 17.02 17.44 17.74 17.81 17.75 17.89 17.86 17.87 17.81 17.77 17.72 17.95 17.79 17.88 17.98 17.79 17.70 17.73 17.92 17.87 17.82 17.63 17.78 17.87 17.93 17.78 17.94 17.96 17.91
17.70 17.72 17.57 17.65 17.66 17.70 17.69 17.73 17.42 17.29 17.40 17.36 17.46 17.42 17.52 17.39 17.54 17.49 17.52 17.56 17.77 17.46 17.38 17.50 17.24 17.30 17.15 17.41 17.59 17.54 17.49 17.42 17.30 17.24 17.41 17.65 17.45 17.37 17.39 17.45 17.46 17.27 17.28 17.23 17.29 17.68 17.88 17.32 17.29 17.52 17.82 17.70 17.80 17.79 17.69 17.77 17.86 17.92 17.76 17.86 17.79 17.77 17.88 17.80 17.86 17.89 17.95 17.86 17.75 17.80 17.53 17.77 17.83 17.93 17.90 17.93 17.85
17.71 17.71 17.61 17.64 17.68 17.64 17.67 17.65 17.61 17.50 17.40 17.40 17.45 17.59 17.61 17.74 17.86 17.75 17.48 17.49 17.44 17.39 17.30 17.65 17.30 17.04 17.25 17.44 17.33 17.33 17.29 17.47 17.27 17.36 17.06 17.40 17.47 17.66 17.52 17.58 17.60 17.64 17.61 17.47 17.40 17.33 17.83 17.81 17.81 17.76 17.62 17.58 17.70 17.66 17.81 17.85 17.88 17.81 17.69 17.79 17.67 17.68 17.77 17.94 17.90 17.87 17.87 17.87 17.84 17.73 17.79 17.78 17.82 17.85 17.95 17.94 17.92
17.74 17.74 17.82 17.87 17.79 17.67 17.72 17.52 17.65 17.64 17.64 17.56 17.51 17.63 17.55 17.65 17.73 17.80 17.71 17.56 17.42 17.44 17.48 17.67 17.70 17.38 17.28 17.39 17.31 17.22 17.20 17.20 17.42 17.34 17.25 16.84 17.00 17.51 17.58 17.58 17.57 17.70 17.77 17.65 17.65 17.66 17.73 17.88 17.63 17.67 17.73 17.48 17.66 17.81 17.75 17.88 17.79 17.72 17.89 17.94 17.90 17.85 17.57 17.40 17.60 17.78 17.85 17.78 17.82 17.72 17.70 17.69 17.82 17.84 17.89 17.95 17.83
17.82 17.71 17.81 17.85 17.73 17.68 17.66 17.52 17.66 17.55 17.59 17.63 17.37 17.32 17.58 17.68 17.60 17.56 17.65 17.71 17.53 17.26 17.35 17.59 17.68 17.77 17.57 17.39 17.46 17.49 17.18 17.18 17.21 17.40 17.40 17.11 17.10 17.28 17.48 17.44 17.38 17.59 17.71 17.52 17.47 17.56 17.82 17.89 17.94 17.80 17.64 17.50 17.53 17.80 17.82 17.79 17.59 17.71 17.84 17.86 17.91 17.90 17.88 17.82 17.67 17.71 17.66 17.76 17.78 17.64 17.48 17.75 17.74 17.81 17.89 17.90 17.85
17.60 17.63 17.73 17.70 17.62 17.71 17.72 17.51 17.59 17.48 17.65 17.75 17.78 17.64 17.41 17.41 17.70 17.70 17.46 17.60 17.55 17.65 17.42 17.37 17.46 17.49 17.65 17.64 17.64 17.66 17.21 17.15 17.35 17.48 17.63 17.43 17.21 17.41 17.29 17.17 17.13 17.36 17.86 17.63 17.42 17.54 17.76 17.82 17.68 17.66 17.85 17.46 17.69 17.81 17.87 17.77 17.65 17.75 17.55 17.58 17.75 17.79 17.78 17.76 17.65 17.82 17.70 17.80 17.83 17.85 17.83 17.62 17.63 17.72 17.79 17.70 17.82
17.66 17.55 17.78 17.83 17.81 17.65 17.66 17.62 17.71 17.56 17.30 17.54 17.69 17.69 17.59 17.51 17.74 17.61 17.31 17.34 17.71 17.61 17.39 17.33 17.37 17.30 17.28 17.42 17.40 17.73 17.42 17.02 17.26 17.45 17.59 17.35 17.22 17.49 17.00 17.29 17.66 17.43 17.60 17.59 17.64 17.55 17.75 17.71 17.77 17.61 17.83 17.49 17.49 17.62 17.50 17.67 17.54 17.56 17.77 17.51 17.55 17.70 17.83 17.85 17.85 17.84 17.70 17.73 17.75 17.77 17.65 17.47 17.38 17.19 17.68 17.74 17.78
17.58 17.57 17.49 17.61 17.61 17.54 17.55 17.60 17.56 17.55 17.30 17.47 17.42 17.48 17.78 17.61 17.80 17.64 17.48 17.61 17.80 17.65 17.65 17.40 17.53 17.30 17.38 17.32 17.48 17.64 17.65 17.25 17.51 17.50 17.57 17.26 17.58 17.70 16.93 16.99 17.37 17.65 17.23 17.27 17.39 17.68 17.67 17.66 17.69 17.69 17.87 17.64 16.97 17.60 17.73 17.65 17.32 17.29 17.68 17.23 17.09 17.59 17.81 17.82 17.84 17.82 17.82 17.78 17.74 17.79 17.80 17.80 17.63 16.91 17.63 17.63 17.69
17.55 17.71 17.56 17.59 17.46 17.54 17.54 17.56 17.54 17.58 17.45 17.60 17.52 17.29 17.55 17.76 17.76 17.66 17.63 17.58 17.83 17.64 17.64 17.80 17.71 17.39 17.63 17.45 17.34 17.50 17.71 17.48 17.53 17.22 17.34 17.28 17.46 17.58 17.41 17.52 17.30 17.41 17.27 17.18 17.46 17.53 17.53 17.72 17.61 17.46 17.71 17.82 17.81 17.49 17.71 17.74 17.57 17.22 17.68 17.69 17.57 17.60 17.48 17.62 17.78 17.79 17.83 17.72 17.74 17.73 17.76 17.67 17.43 17.15 17.47 17.04 17.46
17.55 17.66 17.64 17.54 17.61 17.55 17.57 17.59 17.48 17.75 17.63 17.59 17.47 17.55 17.38 17.43 17.73 17.74 17.74 17.74 17.73 17.83 17.52 17.63 17.72 17.62 17.67 17.55 17.40 17.40 17.39 17.47 17.50 17.51 17.33 17.51 17.48 17.63 17.68 17.73 17.51 17.44 17.35 17.68 17.29 17.27 17.09 17.37 17.73 17.64 17.57 17.63 17.63 17.30 17.55 17.73 17.76 17.71 17.60 17.09 17.37 17.00 17.01 17.46 17.52 17.63 17.68 17.71 17.74 17.67 17.64 17.68 17.64 17.29 17.22 17.33 17.57
17.57 17.61 17.56 17.61 17.53 17.51 17.53 17.66 17.59 17.57 17.65 17.59 17.61 17.57 17.53 17.29 17.29 17.56 17.51 17.48 17.63 17.63 17.56 17.65 17.76 17.50 17.61 17.64 17.44 17.54 17.46 17.39 17.21 17.23 17.31 17.40 17.31 17.38 17.59 17.47 17.72 17.61 17.53 17.67 17.60 17.34 17.39 17.34 17.06 17.58 17.53 17.68 17.20 17.02 17.49 17.57 17.67 17.62 17.42 16.93 17.16 16.72 16.97 17.13 17.31 17.59 17.64 17.65 17.55 17.63 17.24 17.50 17.57 17.46 17.77 17.61 17.56
17.61 17.57 17.57 17.61 17.67 17.59 17.55 17.66 17.50 17.46 17.64 17.59 17.49 17.59 17.63 17.65 17.60 17.45 17.66 17.58 17.49 17.54 17.41 17.47 17.79 17.73 17.58 17.46 17.44 17.42 17.63 17.65 17.55 17.40 17.56 17.54 17.51 17.45 17.67 17.68 17.62 17.47 17.58 17.57 17.74 17.69 17.50 17.63 17.48 17.50 17.63 17.63 17.70 17.77 17.63 17.52 17.56 17.51 17.69 17.72 17.15 17.40 17.35 16.99 17.40 17.60 17.60 17.57 17.49 16.98 17.29 17.53 17.52 17.72 17.68 17.61 17.67
17.60 17.67 17.66 17.57 17.59 17.66 17.55 17.57 17.49 17.40 17.61 17.63 17.57 17.43 17.51 17.58 17.65 17.59 17.63 17.75 17.55 17.58 17.81 17.73 16.75 17.65 17.72 17.59 17.52 17.54 17.58 17.54 17.62 17.62 17.51 17.49 17.63 17.44 17.51 17.67 17.69 17.45 17.30 17.47 17.70 17.60 17.30 17.40 16.93 16.89 17.16 17.58 17.50 17.71 17.70 17.65 17.38 17.55 17.17 17.38 16.84 16.71 16.88 16.62 16.93 17.29 17.50 17.59 17.42 16.27 16.69 17.50 17.67 17.61 17.60 17.06 17.58
17.56 17.66 17.62 17.63 17.49 17.64 17.63 17.68 17.67 17.32 17.39 17.59 17.57 17.41 17.47 17.62 17.70 17.59 17.54 17.58 17.64 16.87 17.07 17.07 17.38 17.31 17.44 17.01 17.28 17.46 17.53 17.14 17.58 17.61 17.51 17.53 17.27 17.25 17.46 17.69 17.72 17.37 17.22 17.30 17.54 17.63 17.63 17.32 17.56 17.20 17.49 17.37 17.39 17.66 17.63 17.48 17.62 17.36 17.48 17.47 17.58 17.53 17.70 17.70 17.24 17.16 17.30 17.58 17.61 17.48 17.49 17.60 17.62 17.62 17.51 17.51 17.61
17.58 17.56 17.51 17.63 17.63 17.44 17.63 17.62 17.62 17.45 17.48 17.44 17.62 17.60 17.50 17.60 17.45 17.34 17.39 17.37 17.45 17.36 17.61 17.40 17.31 17.59 17.56 17.51 17.11 17.03 17.52 17.55 17.43 17.14 17.08 17.41 17.41 17.22 17.38 17.40 17.66 17.56 17.56 17.32 17.24 17.54 17.59 17.71 17.73 17.50 17.18 17.50 17.49 17.56 17.59 17.50 17.54 17.22 17.53 17.68 17.37 17.48 17.45 17.46 17.64 17.61 17.61 17.60 17.62 17.62 17.61 17.60 17.63 17.57 17.31 17.25 17.37
17.55 17.53 17.58 17.57 17.65 17.40 17.51 17.41 17.53 17.51 17.50 17.61 17.61 17.39 17.24 16.99 16.74 17.24 17.28 17.51 17.40 17.48 17.58 17.48 17.24 17.57 17.31 17.34 17.46 17.43 17.43 17.55 17.46 17.22 17.20 17.11 17.38 17.52 17.39 17.45 17.61 17.50 17.48 17.43 17.22 17.45 17.51 17.59 17.55 17.37 17.38 17.33 17.51 17.60 17.61 17.67 17.68 17.21 17.29 17.61 17.52 17.44 17.29 17.62 17.53 17.45 17.59 17.59 17.59 17.63 17.63 17.62 17.58 17.60 17.58 17.31 17.45
17.58 17.54 17.52 17.49 17.36 17.43 17.49 17.48 17.43 17.53 17.41 17.55 17.58 17.45 17.24 17.16 17.23 17.52 17.48 17.34 17.36 17.48 17.50 17.48 17.42 17.47 17.28 17.61 17.38 17.37 17.38 17.42 17.53 17.50 17.50 17.51 17.56 17.35 17.29 17.31 17.36 17.58 17.57 17.28 17.21 17.23 17.44 17.41 17.56 17.61 17.56 17.45 17.34 17.57 17.56 17.58 17.62 17.57 17.48 17.44 17.37 17.34 17.43 17.41 17.40 17.43 17.60 17.53 17.56 17.58 17.58 17.59 17.60 17.62 17.58 17.51 17.63
17.56 17.55 17.53 17.41 17.43 17.38 17.47 17.52 17.35 17.48 17.36 17.39 17.59 17.53 17.51 17.26 17.03 17.26 17.47 17.39 17.42 17.54 17.23 17.56 17.48 17.45 17.45 17.54 17.51 17.53 17.12 17.37 17.47 17.42 17.36 17.36 17.47 17.16 17.21 17.06 17.22 17.57 17.60 17.62 17.36 17.40 17.58 17.53 17.51 17.42 17.49 17.47 17.06 17.47 17.57 17.65 17.61 17.53 17.59 17.55 17.47 17.41 17.40 17.23 17.41 17.54 17.45 17.46 17.52 17.56 17.56 17.57 17.59 17.61 17.61 17.58 17.60
17.41 17.58 17.46 17.42 17.38 17.25 17.36 17.41 17.27 17.40 17.37 17.52 17.48 17.50 17.60 17.45 17.35 17.23 17.47 17.52 17.38 17.57 17.47 17.44 17.48 17.40 17.46 17.31 17.51 17.52 17.11 17.27 17.42 17.39 17.21 17.38 17.60 17.29 17.12 17.13 17.50 17.61 17.51 17.56 17.57 17.48 17.41 17.55 17.54 17.42 17.45 17.54 17.47 17.53 17.56 17.59 17.55 17.54 17.57 17.59 17.56 17.52 17.40 17.56 17.47 17.42 17.46 17.31 17.49 17.49 17.55 17.51 17.56 17.58 17.58 17.59 17.57
17.55 17.47 17.51 17.36 17.41 17.26 17.37 17.48 17.34 17.47 17.51 17.55 17.52 17.46 17.49 17.57 17.24 17.21 17.03 17.43 17.31 17.19 17.37 17.32 17.31 17.23 17.35 17.39 17.46 17.38 17.26 17.43 17.38 17.48 17.53 17.45 17.49 17.56 17.41 17.36 17.37 17.43 17.46 17.50 17.50 17.44 17.52 17.55 17.43 17.53 17.48 17.49 17.50 17.51 17.43 17.57 17.52 17.42 17.52 17.55 17.53 17.54 17.51 17.49 17.49 17.51 17.46 17.40 17.41 17.40 17.43 17.52 17.58 17.53 17.59 17.59 17.58
17.44 17.48 17.46 17.42 17.45 17.44 17.28 17.36 17.43 17.31 17.52 17.51 17.47 17.53 17.34 17.45 17.55 17.47 17.38 17.46 17.27 17.30 17.36 17.46 17.39 17.30 17.23 17.35 17.40 17.31 17.41 17.47 17.41 17.42 17.50 17.50 17.55 17.46 17.53 17.49 17.51 17.49 17.48 17.39 17.35 17.49 17.52 17.55 17.43 17.54 17.39 17.41 17.30 17.50 17.51 17.49 17.51 17.52 17.41 17.42 17.57 17.51 17.48 17.51 17.48 17.54 17.57 17.54 17.45 17.29 17.50 17.56 17.54 17.50 17.53 17.52 17.49
17.47 17.39 17.44 17.45 17.47 17.45 17.43 17.44 17.41 17.29 17.41 17.41 17.37 17.44 17.40 17.30 17.16 17.27 17.40 17.36 17.37 17.23 17.35 17.41 17.48 17.48 17.52 17.44 17.31 17.31 17.41 17.42 17.41 17.49 17.53 17.56 17.56 17.41 17.39 17.47 17.53 17.55 17.55 17.45 17.37 17.45 17.53 17.52 17.48 17.43 17.47 17.50 17.46 17.53 17.38 17.49 17.55 17.20 17.43 17.41 17.48 17.54 17.53 17.49 17.48 17.49 17.57 17.59 17.54 17.45 17.43 17.43 17.44 17.49 17.54 17.53 17.50
17.51 17.36 17.38 17.34 17.43 17.45 17.54 17.43 17.49 17.44 17.29 17.20 17.33 17.24 17.23 17.28 17.40 17.33 17.33 17.33 17.30 17.36 17.41 17.33 17.29 17.36 17.29 17.32 17.29 17.26 17.43 17.49 17.47 17.46 17.49 17.42 17.43 17.53 17.39 17.43 17.54 17.50 17.50 17.51 17.28 17.34 17.38 17.52 17.54 17.52 17.52 17.39 17.41 17.24 17.27 17.41 17.45 17.45 17.39 17.33 17.49 17.49 17.39 17.46 17.37 17.51 17.53 17.54 17.50 17.47 17.40 17.44 17.51 17.53 17.53 17.46 17.41
17.34 17.32 17.32 17.07 17.30 17.39 17.48 17.37 17.22 17.38 17.41 17.19 16.99 16.80 17.18 17.20 17.35 17.26 17.27 17.26 17.21 17.22 17.19 17.27 17.42 17.42 17.34 17.36 17.38 17.28 17.13 17.45 17.46 17.50 17.45 17.43 17.45 17.42 17.37 17.25 17.23 17.44 17.45 17.44 17.43 17.42 17.42 17.44 17.44 17.45 17.39 17.37 17.35 17.26 16.87 16.96 17.42 17.34 17.43 17.43 17.28 17.41 17.30 17.36 17.39 17.52 17.48 17.52 17.49 17.46 17.44 17.37 17.48 17.50 17.49 17.41 17.43
