Files/BOM data/2019072220190722.grid
ncols 839
nrows 679
xllcenter 112.0500
yllcenter -43.9500
cellsize 0.0500
nodata_value 99999.90
[rows 238 to 271 of 679, columns 231 to 307 of 839]
17.63 17.58 17.57 17.53 17.54 17.56 17.54 17.54 17.56 17.56 17.52 17.56 17.55 17.56 17.53 17.58 17.58 17.57 17.48 17.46 17.42 17.45 17.54 17.53 17.47 17.46 17.58 17.55 17.56 17.57 17.55 17.51 17.57 17.60 17.59 17.60 17.58 17.60 17.59 17.61 17.63 17.64 17.63 17.51 17.58 17.61 17.62 17.59 17.63 17.59 17.56 17.58 17.63 17.64 17.62 17.62 17.63 17.63 17.63 17.63 17.60 17.59 17.63 17.59 17.60 17.59 17.61 17.61 17.59 17.55 17.59 17.56 17.53 17.61 17.67 17.61 17.58
17.62 17.58 17.57 17.44 17.54 17.53 17.55 17.53 17.54 17.55 17.52 17.54 17.55 17.56 17.55 17.56 17.51 17.50 17.52 17.49 17.49 17.49 17.52 17.54 17.47 17.47 17.52 17.51 17.54 17.56 17.51 17.56 17.58 17.59 17.58 17.57 17.59 17.58 17.56 17.53 17.51 17.60 17.52 17.63 17.56 17.56 17.62 17.62 17.60 17.61 17.53 17.48 17.58 17.56 17.57 17.55 17.56 17.59 17.60 17.59 17.59 17.57 17.59 17.56 17.58 17.59 17.57 17.58 17.55 17.55 17.57 17.58 17.58 17.65 17.63 17.59 17.58
17.55 17.54 17.55 17.48 17.50 17.52 17.53 17.53 17.53 17.57 17.54 17.57 17.54 17.59 17.56 17.53 17.50 17.45 17.45 17.48 17.48 17.50 17.51 17.51 17.51 17.53 17.53 17.55 17.54 17.54 17.51 17.50 17.56 17.52 17.54 17.58 17.60 17.57 17.54 17.58 17.55 17.53 17.52 17.50 17.58 17.60 17.55 17.56 17.58 17.58 17.53 17.59 17.55 17.53 17.53 17.56 17.55 17.60 17.57 17.59 17.55 17.54 17.54 17.54 17.62 17.59 17.54 17.58 17.54 17.56 17.54 17.55 17.56 17.61 17.59 17.59 17.61
17.55 17.52 17.51 17.46 17.50 17.54 17.52 17.50 17.42 17.48 17.52 17.53 17.49 17.57 17.58 17.56 17.55 17.46 17.51 17.50 17.48 17.49 17.49 17.40 17.50 17.51 17.49 17.46 17.55 17.54 17.53 17.52 17.54 17.51 17.51 17.60 17.59 17.58 17.55 17.54 17.52 17.59 17.57 17.50 17.50 17.55 17.60 17.55 17.57 17.56 17.54 17.52 17.54 17.52 17.53 17.50 17.51 17.51 17.53 17.55 17.54 17.55 17.52 17.55 17.59 17.58 17.60 17.53 17.57 17.56 17.55 17.54 17.54 17.49 17.53 17.57 17.54
17.48 17.49 17.45 17.28 17.47 17.47 17.47 17.45 17.48 17.49 17.50 17.49 17.49 17.44 17.51 17.52 17.55 17.53 17.48 17.47 17.46 17.48 17.46 17.42 17.43 17.47 17.50 17.43 17.45 17.49 17.51 17.47 17.47 17.51 17.43 17.52 17.55 17.55 17.49 17.50 17.48 17.51 17.58 17.53 17.56 17.52 17.57 17.55 17.49 17.52 17.56 17.54 17.49 17.54 17.54 17.51 17.54 17.52 17.56 17.56 17.59 17.56 17.54 17.58 17.58 17.63 17.57 17.54 17.57 17.56 17.54 17.53 17.56 17.56 17.56 17.49 17.51
17.44 17.47 17.40 17.38 17.51 17.46 17.48 17.46 17.43 17.50 17.48 17.47 17.40 17.48 17.50 17.47 17.46 17.46 17.46 17.39 17.39 17.48 17.48 17.46 17.49 17.46 17.46 17.51 17.49 17.49 17.47 17.47 17.48 17.50 17.50 17.40 17.48 17.58 17.55 17.53 17.49 17.46 17.50 17.51 17.52 17.50 17.55 17.56 17.46 17.52 17.46 17.49 17.44 17.44 17.47 17.49 17.54 17.50 17.50 17.57 17.50 17.53 17.50 17.54 17.54 17.57 17.55 17.53 17.50 17.52 17.51 17.50 17.50 17.52 17.49 17.50 17.48
17.50 17.44 17.40 16.98 17.51 17.40 17.51 17.45 17.48 17.50 17.46 17.49 17.43 17.42 17.45 17.44 17.43 17.45 17.45 17.44 17.44 17.43 17.44 17.43 17.49 17.44 17.42 17.41 17.45 17.48 17.46 17.36 17.47 17.48 17.47 17.43 17.48 17.43 17.50 17.49 17.52 17.48 17.45 17.45 17.54 17.55 17.48 17.46 17.42 17.48 17.51 17.47 17.49 17.48 17.49 17.48 17.46 17.43 17.47 17.52 17.51 17.51 17.50 17.48 17.49 17.50 17.54 17.54 17.51 17.50 17.52 17.48 17.47 17.45 17.46 17.52 17.50
17.46 17.44 17.42 17.34 16.02 17.44 17.38 17.45 17.41 17.43 17.41 17.40 17.34 17.41 17.45 17.45 17.43 17.44 17.45 17.44 17.36 17.42 17.39 17.44 17.43 17.47 17.47 17.47 17.40 17.40 17.41 17.39 17.40 17.45 17.44 17.47 17.47 17.46 17.43 17.45 17.44 17.46 17.46 17.45 17.46 17.47 17.51 17.53 17.45 17.45 17.40 17.47 17.48 17.52 17.49 17.47 17.51 17.48 17.45 17.47 17.52 17.48 17.50 17.51 17.48 17.47 17.46 17.45 17.48 17.48 17.46 17.43 17.44 17.43 17.46 17.48 17.51
17.43 17.39 17.43 17.37 16.78 17.30 17.40 17.43 17.45 17.39 17.42 17.38 17.42 17.38 17.35 17.41 17.39 17.42 17.37 17.42 17.40 17.40 17.40 17.42 17.40 17.43 17.41 17.40 17.40 17.40 17.41 17.40 17.41 17.44 17.46 17.45 17.43 17.43 17.40 17.40 17.44 17.46 17.39 17.42 17.42 17.38 17.45 17.39 17.42 17.44 17.42 17.41 17.38 17.46 17.47 17.46 17.50 17.48 17.45 17.42 17.41 17.44 17.50 17.48 17.51 17.51 17.53 17.47 17.40 17.40 17.45 17.47 17.47 17.43 17.44 17.44 17.43
17.31 17.37 17.37 17.39 17.28 17.31 17.39 17.35 17.34 17.34 17.39 17.39 17.38 17.36 17.33 17.36 17.43 17.39 17.37 17.40 17.38 17.40 17.37 17.40 17.40 17.39 17.37 17.35 17.36 17.37 17.37 17.40 17.41 17.42 17.45 17.43 17.41 17.41 17.43 17.43 17.42 17.42 17.44 17.44 17.42 17.44 17.42 17.42 17.39 17.40 17.43 17.42 17.41 17.42 17.42 17.41 17.40 17.41 17.39 17.39 17.39 17.40 17.39 17.44 17.39 17.39 17.41 17.41 17.36 17.38 17.42 17.43 17.45 17.43 17.44 17.44 17.45
17.36 17.29 17.28 17.32 16.57 17.24 17.29 17.30 17.30 17.29 17.33 17.36 17.37 17.37 17.33 17.34 17.36 17.35 17.33 17.36 17.35 17.32 17.32 17.34 17.36 17.33 17.33 17.36 17.36 17.37 17.38 17.43 17.43 17.42 17.43 17.44 17.42 17.39 17.40 17.42 17.41 17.42 17.42 17.38 17.37 17.41 17.40 17.41 17.42 17.38 17.43 17.41 17.41 17.40 17.41 17.40 17.38 17.41 17.42 17.41 17.39 17.37 17.38 17.38 17.38 17.39 17.39 17.41 17.38 17.37 17.40 17.37 17.37 17.33 17.38 17.37 17.42
17.38 17.34 17.30 16.96 16.38 17.30 17.36 17.37 17.33 17.30 17.29 17.23 17.30 17.31 17.30 17.26 17.29 17.28 17.33 17.33 17.31 17.31 17.30 17.31 17.31 17.32 17.32 17.33 17.28 17.33 17.29 17.35 17.35 17.33 17.32 17.31 17.39 17.43 17.41 17.38 17.41 17.39 17.39 17.39 17.37 17.33 17.39 17.36 17.40 17.38 17.41 17.42 17.39 17.40 17.37 17.35 17.42 17.46 17.42 17.42 17.41 17.39 17.41 17.37 17.40 17.40 17.38 17.37 17.36 17.35 17.38 17.40 17.42 17.43 17.37 17.34 17.35
17.35 17.29 17.19 15.91 17.24 17.31 17.32 17.35 17.35 17.33 17.29 17.28 17.29 17.28 17.27 17.31 17.28 17.26 17.32 17.34 17.32 17.32 17.31 17.31 17.29 17.30 17.29 17.28 17.28 17.26 17.33 17.36 17.35 17.34 17.32 17.34 17.34 17.31 17.34 17.32 17.37 17.37 17.34 17.34 17.31 17.31 17.35 17.35 17.34 17.39 17.40 17.37 17.36 17.36 17.36 17.37 17.40 17.39 17.40 17.30 17.37 17.39 17.34 17.30 17.33 17.34 17.34 17.37 17.35 17.33 17.37 17.37 17.37 17.38 17.34 17.38 17.33
17.28 17.26 17.23 17.09 17.30 17.25 17.27 17.29 17.30 17.28 17.31 17.29 17.24 17.28 17.26 17.27 17.24 17.29 17.29 17.26 17.22 17.24 17.27 17.27 17.27 17.26 17.27 17.27 17.27 17.24 17.30 17.27 17.32 17.31 17.32 17.31 17.32 17.31 17.33 17.31 17.29 17.32 17.34 17.35 17.32 17.33 17.35 17.35 17.38 17.35 17.37 17.37 17.34 17.30 17.28 17.31 17.37 17.34 17.36 17.35 17.34 17.33 17.32 17.33 17.34 17.34 17.30 17.31 17.36 17.30 17.33 17.34 17.33 17.33 17.34 17.34 17.30
17.10 17.24 17.22 17.26 17.32 17.32 17.28 17.26 17.27 17.26 17.20 17.29 17.29 17.27 17.29 17.30 17.25 17.26 17.32 17.26 17.28 17.25 17.23 17.25 17.22 17.23 17.26 17.26 17.24 17.28 17.27 17.28 17.30 17.27 17.29 17.29 17.31 17.32 17.32 17.33 17.32 17.32 17.33 17.35 17.34 17.30 17.36 17.33 17.33 17.37 17.39 17.33 17.31 17.31 17.30 17.27 17.37 17.34 17.31 17.29 17.32 17.28 17.28 17.28 17.30 17.32 17.31 17.29 17.31 17.31 17.31 17.31 17.31 17.29 17.28 17.33 17.35
17.04 17.24 17.25 17.26 17.25 17.30 17.29 17.21 17.24 17.24 17.25 17.26 17.25 17.24 17.25 17.27 17.25 17.22 17.24 17.29 17.24 17.26 17.23 17.25 17.27 17.24 17.27 17.27 17.26 17.27 17.27 17.27 17.26 17.26 17.27 17.25 17.27 17.29 17.29 17.29 17.27 17.28 17.27 17.27 17.32 17.29 17.24 17.30 17.28 17.25 17.30 17.29 17.27 17.22 17.30 17.30 17.31 17.33 17.26 17.31 17.28 17.28 17.27 17.28 17.28 17.29 17.33 17.21 17.33 17.27 17.28 17.27 17.31 17.29 17.30 17.29 17.27
17.23 17.20 17.20 17.20 17.24 17.25 17.27 17.24 17.22 17.24 17.24 17.24 17.26 17.25 17.24 17.26 17.25 17.25 17.21 17.22 17.25 17.21 17.22 17.21 17.22 17.25 17.24 17.23 17.27 17.26 17.27 17.25 17.27 17.26 17.26 17.26 17.25 17.26 17.27 17.29 17.27 17.30 17.28 17.27 17.29 17.26 17.27 17.28 17.30 17.26 17.24 17.25 17.25 17.23 17.23 17.30 17.26 17.27 17.24 17.34 17.28 17.25 17.25 17.28 17.27 17.23 17.30 17.26 17.24 17.29 17.28 17.26 17.31 17.29 17.26 17.26 17.25
17.25 17.21 17.17 17.17 17.17 17.18 17.19 17.20 17.22 17.19 17.25 17.22 17.21 17.20 17.24 17.23 17.21 17.23 17.22 17.20 17.22 17.23 17.20 17.19 17.20 17.23 17.22 17.23 17.24 17.23 17.24 17.25 17.24 17.26 17.25 17.25 17.26 17.26 17.26 17.28 17.25 17.26 17.25 17.25 17.26 17.24 17.26 17.26 17.23 17.27 17.24 17.25 17.23 17.22 17.22 17.25 17.24 17.24 17.19 17.25 17.21 17.20 17.22 17.18 17.22 17.26 17.27 17.27 17.29 17.31 17.28 17.30 17.29 17.31 17.26 17.23 17.26
17.24 17.21 17.17 17.15 17.15 17.16 17.19 17.19 17.19 17.13 17.23 17.21 17.21 17.18 17.18 17.18 17.24 17.22 17.22 17.20 17.18 17.17 17.20 17.19 17.18 17.19 17.15 17.22 17.23 17.23 17.24 17.26 17.25 17.27 17.25 17.25 17.22 17.22 17.21 17.23 17.24 17.24 17.22 17.23 17.21 17.22 17.21 17.21 17.22 17.23 17.24 17.23 17.21 17.20 17.20 17.24 17.21 17.26 17.24 17.25 17.24 17.25 17.25 17.23 17.23 17.26 17.26 17.22 17.18 17.24 17.23 17.27 17.24 17.27 17.26 17.23 17.22
17.15 17.16 17.17 17.17 17.12 17.14 17.14 17.14 17.17 17.14 17.18 17.22 17.22 17.24 17.21 17.18 17.21 17.17 17.18 17.18 17.17 17.15 17.14 17.16 17.14 17.16 17.18 17.19 17.19 17.16 17.18 17.20 17.25 17.21 17.21 17.20 17.19 17.19 17.19 17.19 17.20 17.21 17.20 17.20 17.20 17.20 17.19 17.18 17.21 17.21 17.20 17.19 17.22 17.17 17.18 17.22 17.22 17.22 17.24 17.22 17.20 17.21 17.22 17.23 17.22 17.21 17.19 17.22 17.20 17.22 17.25 17.27 17.28 17.25 17.24 17.23 17.23
17.15 17.11 17.16 17.16 17.12 17.16 17.13 17.13 17.08 17.16 17.20 17.18 17.18 17.15 17.20 17.17 17.16 17.18 17.13 17.16 17.15 17.20 17.16 17.14 17.12 17.18 17.18 17.19 17.18 17.19 17.17 17.16 17.15 17.18 17.17 17.21 17.18 17.17 17.17 17.17 17.17 17.18 17.18 17.15 17.16 17.17 17.18 17.17 17.18 17.16 17.17 17.14 17.19 17.16 17.16 17.16 17.19 17.19 17.21 17.22 17.23 17.20 17.21 17.20 17.20 17.20 17.21 17.22 17.24 17.26 17.29 17.24 17.22 17.20 17.22 17.19 17.22
17.16 17.13 17.14 17.12 17.10 17.13 17.10 17.00 17.11 17.09 17.15 17.16 17.13 17.16 17.14 17.13 17.13 17.13 17.10 17.10 17.13 17.12 17.18 17.12 17.12 17.17 17.17 17.14 17.13 17.17 17.16 17.16 17.16 17.14 17.15 17.14 17.18 17.17 17.16 17.15 17.14 17.14 17.14 17.14 17.11 17.13 17.14 17.14 17.16 17.13 17.13 17.14 17.13 17.14 17.12 17.14 17.14 17.17 17.17 17.20 17.22 17.16 17.23 17.19 17.16 17.16 17.20 17.18 17.16 17.21 17.25 17.27 17.19 17.22 17.16 17.22 17.16
17.11 17.13 17.12 17.09 17.13 17.12 17.11 17.09 17.11 17.05 17.11 17.15 17.14 17.12 17.13 17.12 17.10 17.11 17.10 17.07 17.10 17.05 17.10 17.10 17.11 17.20 17.16 17.12 17.13 17.14 17.14 17.15 17.13 17.14 17.12 17.12 17.11 17.12 17.14 17.14 17.13 17.13 17.11 17.12 17.11 17.11 17.12 17.12 17.13 17.14 17.12 17.11 17.12 17.12 17.11 17.09 17.12 17.11 17.12 17.14 17.10 17.17 17.12 17.19 17.19 17.21 17.13 17.18 17.12 17.20 17.22 17.17 17.15 17.13 17.15 17.20 17.14
17.13 17.06 17.15 17.11 17.01 17.08 17.11 17.08 17.09 17.09 17.04 17.08 17.10 17.09 17.10 17.07 17.08 17.09 17.09 17.13 17.11 17.10 17.06 17.05 17.09 17.09 17.11 17.08 17.11 17.09 17.08 17.11 17.09 17.10 17.09 17.10 17.09 17.09 17.08 17.10 17.10 17.12 17.11 17.10 17.10 17.09 17.09 17.09 17.08 17.10 17.11 17.11 17.10 17.11 17.11 17.10 17.15 17.12 17.07 17.08 17.03 17.11 17.10 17.17 17.16 17.13 17.15 17.16 17.11 17.10 17.11 17.12 17.14 17.09 17.11 17.14 17.15
17.05 17.07 17.03 17.07 17.06 17.04 17.09 17.11 17.08 17.10 17.07 17.05 17.05 17.06 17.09 17.10 17.04 17.07 17.03 17.07 17.06 17.12 17.12 17.09 17.06 17.09 17.08 17.08 17.09 17.09 17.07 17.09 17.08 17.07 17.07 17.08 17.07 17.07 17.08 17.08 17.08 17.09 17.08 17.06 17.08 17.05 17.05 17.07 17.03 17.07 17.06 17.10 17.09 17.08 17.08 17.10 17.13 17.12 17.11 17.08 17.11 17.07 17.09 17.13 17.14 17.14 17.12 17.08 17.08 17.08 17.09 17.05 17.06 17.06 17.03 17.01 17.10
17.01 17.06 17.05 16.98 17.02 17.05 17.05 17.07 17.06 16.99 17.08 17.02 17.08 17.03 17.02 17.02 17.04 17.02 17.03 17.08 17.08 17.01 17.03 17.09 17.07 17.06 17.06 17.06 17.06 17.06 17.06 17.06 17.06 17.05 17.06 17.05 17.06 17.05 17.03 17.05 17.07 17.06 17.05 17.03 17.05 17.07 17.08 17.10 17.07 17.08 17.08 17.06 17.08 17.08 17.07 17.05 17.09 17.13 17.10 17.12 17.11 17.08 17.07 17.13 17.11 17.10 17.08 17.06 17.05 17.08 17.05 17.04 17.01 17.08 17.03 17.05 17.07
17.01 17.03 17.02 16.95 17.01 17.01 17.02 17.02 17.04 17.04 16.97 17.00 17.02 17.06 17.03 17.02 17.01 17.02 17.03 17.03 17.04 17.02 17.04 17.06 17.06 17.05 17.04 17.03 17.02 17.03 17.03 17.05 17.04 17.04 17.03 17.04 17.04 17.05 17.04 17.05 17.01 17.03 17.04 17.02 17.01 17.01 17.03 17.06 17.04 17.06 17.06 17.05 17.04 17.05 17.08 17.04 17.07 17.00 17.07 17.12 17.12 17.09 17.06 17.11 17.11 17.03 17.05 17.05 17.04 17.08 17.06 17.01 17.06 17.03 17.04 17.06 17.07
16.92 16.97 17.01 16.95 16.99 16.98 16.99 17.01 17.00 17.03 17.02 17.02 17.01 17.04 17.02 16.99 16.99 16.98 17.01 17.00 17.06 17.02 16.99 17.03 17.01 17.04 17.03 17.03 17.02 17.03 17.03 17.03 17.02 17.02 17.01 17.02 17.02 17.03 17.02 17.02 17.02 17.01 17.03 17.04 17.02 17.04 17.04 17.04 17.04 17.04 17.02 17.05 17.02 17.05 17.03 17.04 17.08 17.09 17.07 17.05 16.96 16.97 17.03 17.02 17.03 17.03 16.99 17.02 17.03 16.98 17.06 17.01 17.00 17.02 16.94 17.00 17.04
16.93 16.97 16.98 16.98 16.99 17.01 16.97 16.98 17.00 17.00 17.00 16.99 16.98 16.96 16.98 16.97 16.94 16.98 16.98 17.00 17.02 16.97 17.01 17.01 17.00 16.99 17.00 16.99 16.96 16.99 17.00 17.00 17.00 17.01 17.00 17.01 17.00 17.00 17.00 17.00 17.01 17.00 17.01 16.99 16.98 17.00 16.99 17.01 16.99 17.02 16.99 16.99 17.02 17.03 17.02 17.04 17.06 17.05 17.07 16.91 16.89 17.01 17.05 17.05 17.03 17.08 17.05 16.98 16.98 16.98 16.97 16.98 16.96 16.97 17.01 16.98 17.00
16.94 16.99 16.87 16.94 16.93 16.98 16.97 16.97 16.95 16.96 17.00 16.97 16.97 16.98 17.00 16.95 16.96 16.97 16.94 16.93 16.93 16.96 16.97 16.95 16.99 17.00 16.97 16.98 16.97 16.98 16.99 16.98 16.99 16.99 16.97 16.98 16.96 16.95 16.98 16.97 16.98 16.99 16.99 17.00 16.99 16.98 16.97 16.98 16.98 16.98 16.99 16.98 16.98 17.02 17.00 17.02 17.05 17.00 16.98 16.93 16.97 17.02 17.04 17.06 16.98 17.03 17.01 16.97 16.95 17.01 16.98 16.98 16.99 16.91 16.96 16.93 16.91
16.90 16.94 16.75 16.82 16.91 16.91 16.96 16.96 16.97 16.95 16.94 16.93 16.93 16.90 16.97 16.94 16.94 16.92 16.96 16.96 16.93 16.97 16.97 16.97 16.97 16.99 16.96 16.97 16.97 16.97 16.96 16.95 16.96 16.97 16.97 16.96 16.98 16.96 16.96 16.97 16.97 16.98 16.97 16.97 16.98 16.95 16.96 16.96 16.97 16.97 16.93 16.93 16.94 16.93 16.99 16.96 17.08 17.03 17.01 16.97 17.00 17.00 16.96 16.99 17.01 16.96 17.02 16.96 16.96 16.88 16.94 16.96 16.91 16.92 16.94 16.97 16.97
16.92 16.93 16.88 16.89 16.88 16.90 16.94 16.95 16.91 16.96 17.01 16.98 16.96 16.92 16.91 16.96 16.92 16.97 16.96 16.95 16.97 16.95 16.94 16.93 16.91 16.94 16.95 16.93 16.92 16.96 16.97 16.96 16.95 16.95 16.95 16.95 16.94 16.94 16.95 16.95 16.95 16.95 16.92 16.94 16.94 16.95 16.94 16.97 16.95 16.97 16.95 16.95 16.94 16.93 16.92 16.90 16.91 16.95 16.97 16.91 16.95 17.00 17.00 16.95 16.99 16.92 16.93 16.98 16.98 16.99 17.02 16.95 16.94 16.87 16.93 16.97 16.96
16.86 16.87 16.82 16.85 16.90 16.89 16.88 16.90 16.89 16.92 16.92 16.87 16.98 16.91 16.89 16.93 16.91 16.88 16.94 16.95 16.96 16.91 16.90 16.92 16.91 16.91 16.92 16.92 16.90 16.94 16.92 16.92 16.91 16.92 16.92 16.91 16.91 16.92 16.90 16.91 16.91 16.91 16.91 16.89 16.93 16.94 16.91 16.93 16.94 16.93 16.93 16.92 16.92 16.93 16.94 16.93 16.94 16.91 16.91 17.01 17.00 16.99 16.94 16.96 16.95 16.94 16.91 16.93 16.90 16.94 16.94 17.04 17.01 17.01 16.90 16.99 16.96
16.86 16.88 16.88 16.86 16.80 16.88 16.86 16.90 16.86 16.87 16.90 16.88 16.89 16.94 16.90 16.86 16.95 16.94 16.91 16.98 16.94 16.94 16.91 16.90 16.91 16.89 16.90 16.89 16.90 16.92 16.92 16.89 16.93 16.93 16.92 16.94 16.90 16.91 16.92 16.89 16.91 16.92 16.93 16.91 16.92 16.93 16.94 16.91 16.91 16.90 16.91 16.90 16.94 16.90 16.94 16.94 16.97 16.94 16.93 17.00 16.95 16.94 16.94 16.95 16.93 16.89 16.95 16.95 16.91 16.95 16.91 16.88 16.93 16.91 16.97 16.94 16.95
