Files/BOM data/2019070320190703.grid
ncols 839
nrows 679
xllcenter 112.0500
yllcenter -43.9500
cellsize 0.0500
nodata_value 99999.90
[rows 374 to 407 of 679, columns 462 to 538 of 839]
13.53 13.54 13.51 13.52 13.50 13.51 13.56 13.52 13.57 13.56 13.57 13.54 13.54 13.54 13.55 13.55 13.56 13.56 13.56 13.57 13.53 13.54 13.52 13.54 13.57 13.61 13.60 13.57 13.58 13.58 13.57 13.58 13.60 13.57 13.57 13.52 13.64 13.76 13.30 13.17 13.64 13.62 13.51 13.52 13.70 13.73 13.79 13.69 13.81 13.12 12.95 13.16 13.51 13.53 13.46 13.51 13.57 13.56 13.52 13.55 13.53 13.55 13.54 13.58 13.57 13.56 13.55 13.52 13.45 13.57 13.60 13.55 13.54 13.47 13.47 13.58 13.55
13.49 13.50 13.47 13.45 13.43 13.44 13.44 13.44 13.50 13.51 13.52 13.53 13.54 13.52 13.53 13.51 13.51 13.50 13.52 13.54 13.52 13.53 13.56 13.54 13.56 13.57 13.53 13.54 13.54 13.55 13.56 13.57 13.54 13.59 13.54 13.61 13.65 13.55 13.55 13.45 13.15 13.40 13.59 13.51 13.71 13.59 13.69 13.65 13.59 13.17 12.75 12.77 13.25 13.32 13.40 13.20 13.47 13.50 13.50 13.55 13.51 13.51 13.54 13.54 13.53 13.46 13.56 13.56 13.55 13.54 13.53 13.56 13.57 13.54 13.57 13.52 13.45
13.45 13.45 13.47 13.46 13.43 13.45 13.37 13.35 13.40 13.49 13.52 13.49 13.51 13.50 13.49 13.49 13.48 13.48 13.51 13.49 13.48 13.49 13.49 13.50 13.53 13.51 13.52 13.52 13.53 13.54 13.51 13.52 13.53 13.50 13.47 13.54 13.49 13.49 13.49 13.50 13.52 13.62 13.50 13.54 13.50 13.66 13.70 13.69 13.44 13.26 13.21 12.86 13.38 13.29 13.37 13.44 13.41 13.22 13.41 13.41 13.47 13.45 13.49 13.55 13.48 13.50 13.53 13.53 13.54 13.52 13.54 13.52 13.52 13.48 13.54 13.45 13.53
13.41 13.42 13.48 13.50 13.46 13.39 13.22 13.24 13.23 13.31 13.46 13.50 13.48 13.47 13.49 13.47 13.46 13.47 13.46 13.43 13.44 13.44 13.46 13.47 13.49 13.45 13.49 13.50 13.51 13.53 13.50 13.53 13.46 13.49 13.49 13.53 13.47 13.46 13.47 13.51 13.60 13.48 13.56 13.47 13.57 13.45 13.52 13.53 13.30 13.25 13.25 13.12 13.34 13.42 13.31 13.42 13.37 13.15 13.31 13.44 13.37 13.33 13.45 13.52 13.46 13.49 13.48 13.49 13.48 13.48 13.50 13.51 13.46 13.49 13.49 13.50 13.37
13.38 13.36 13.43 13.46 13.46 13.44 13.36 13.41 13.33 13.31 13.44 13.46 13.45 13.43 13.45 13.42 13.41 13.46 13.45 13.42 13.44 13.43 13.42 13.42 13.43 13.46 13.46 13.47 13.49 13.48 13.48 13.48 13.41 13.48 13.47 13.43 13.48 13.45 13.45 13.47 13.57 13.51 13.48 13.52 13.58 13.47 13.43 13.17 13.22 13.30 13.28 13.15 13.25 13.41 13.38 13.40 13.43 13.45 13.41 13.46 13.43 13.44 13.45 13.47 13.47 13.48 13.46 13.45 13.45 13.46 13.45 13.45 13.47 13.50 13.48 13.46 13.44
13.41 13.40 13.48 13.43 13.46 13.42 13.42 13.44 13.43 13.44 13.42 13.44 13.41 13.43 13.41 13.43 13.44 13.42 13.42 13.42 13.42 13.40 13.41 13.42 13.43 13.21 13.40 13.46 13.44 13.47 13.49 13.46 13.40 13.46 13.46 13.45 13.42 13.48 13.46 13.51 13.47 13.45 13.46 13.54 13.53 13.50 13.45 13.06 13.03 13.22 13.18 13.26 13.41 13.23 13.35 13.23 13.40 13.40 13.38 13.46 13.41 13.45 13.44 13.42 13.42 13.42 13.43 13.46 13.46 13.41 13.49 13.40 13.44 13.43 13.44 13.48 13.45
13.43 13.43 13.41 13.41 13.42 13.43 13.43 13.41 13.46 13.46 13.45 13.42 13.43 13.41 13.41 13.38 13.39 13.39 13.42 13.40 13.40 13.39 13.38 13.41 13.40 13.20 13.43 13.41 13.41 13.41 13.41 13.41 13.30 13.42 13.40 13.41 13.40 13.40 13.40 13.42 13.44 13.42 13.44 13.53 13.52 13.45 13.43 13.43 13.38 13.18 13.34 13.38 13.36 13.30 13.16 13.06 13.01 13.28 13.37 13.40 13.39 13.43 13.42 13.43 13.40 13.42 13.44 13.44 13.43 13.43 13.41 13.39 13.43 13.42 13.43 13.44 13.44
13.40 13.35 13.38 13.38 13.39 13.40 13.41 13.45 13.42 13.43 13.40 13.42 13.39 13.38 13.37 13.33 13.37 13.39 13.38 13.37 13.38 13.37 13.25 13.31 13.39 13.39 13.39 13.38 13.37 13.39 13.37 13.39 13.42 13.39 13.38 13.39 13.39 13.40 13.38 13.40 13.41 13.40 13.36 13.43 13.41 13.41 13.42 13.42 13.38 13.39 13.41 13.38 13.32 13.28 13.30 13.40 13.24 13.29 13.31 13.42 13.39 13.40 13.40 13.42 13.40 13.41 13.43 13.46 13.42 13.42 13.41 13.38 13.41 13.44 13.43 13.42 13.43
13.32 13.35 13.35 13.34 13.36 13.35 13.42 13.40 13.39 13.38 13.35 13.36 13.37 13.36 13.34 13.36 13.40 13.36 13.35 13.38 13.37 13.36 13.22 12.91 13.36 13.37 13.38 13.38 13.37 13.39 13.39 13.39 13.40 13.37 13.39 13.39 13.39 13.37 13.35 13.35 13.39 13.38 13.39 13.39 13.39 13.39 13.39 13.30 13.33 13.36 13.35 13.34 13.35 13.34 13.38 13.37 13.35 13.40 13.41 13.42 13.41 13.36 13.37 13.40 13.38 13.38 13.40 13.39 13.33 13.37 13.35 13.38 13.40 13.37 13.36 13.37 13.38
13.34 13.34 13.33 13.35 13.34 13.37 13.38 13.38 13.36 13.36 13.37 13.35 13.33 13.32 13.37 13.35 13.36 13.34 13.35 13.35 13.34 13.35 13.31 13.01 13.35 13.39 13.39 13.36 13.39 13.38 13.38 13.35 13.36 13.37 13.36 13.38 13.42 13.39 13.36 13.33 13.37 13.35 13.40 13.34 13.30 13.32 13.34 13.22 13.07 13.26 13.32 13.23 13.34 13.32 13.32 13.33 13.35 13.39 13.38 13.37 13.41 13.37 13.35 13.38 13.39 13.36 13.37 13.36 13.33 13.38 13.37 13.38 13.38 13.38 13.36 13.35 13.37
13.28 13.32 13.34 13.33 13.34 13.34 13.33 13.36 13.36 13.35 13.37 13.37 13.33 13.36 13.34 13.36 13.34 13.37 13.36 13.36 13.36 13.37 13.37 13.36 13.37 13.34 13.34 13.32 13.31 13.36 13.32 13.33 13.34 13.32 13.29 13.35 13.36 13.37 13.35 13.34 13.20 13.19 13.19 12.96 13.18 13.20 13.12 13.02 13.16 13.22 13.22 13.17 13.32 13.33 13.30 13.36 13.37 13.38 13.39 13.38 13.39 13.37 13.35 13.36 13.37 13.36 13.37 13.37 13.36 13.37 13.36 13.35 13.37 13.34 13.35 13.34 13.35
13.25 13.29 13.32 13.33 13.32 13.32 13.30 13.35 13.33 13.34 13.35 13.31 13.34 13.33 13.34 13.34 13.33 13.32 13.32 13.33 13.33 13.33 13.31 13.33 13.32 13.31 13.32 13.33 13.33 13.32 13.31 13.32 13.35 13.34 13.34 13.31 13.32 13.32 13.32 13.24 13.16 13.07 12.97 12.75 13.09 12.99 13.15 13.16 13.10 13.13 13.19 13.33 13.32 13.28 13.28 13.35 13.38 13.33 13.35 13.37 13.36 13.36 13.36 13.36 13.31 13.33 13.31 13.34 13.34 13.33 13.32 13.30 13.32 13.34 13.32 13.32 13.33
13.26 13.26 13.26 13.27 13.27 13.27 13.32 13.31 13.31 13.29 13.29 13.34 13.32 13.30 13.29 13.31 13.29 13.28 13.28 13.29 13.30 13.29 13.28 13.30 13.30 13.30 13.31 13.30 13.30 13.28 13.30 13.28 13.25 13.17 13.29 13.28 13.29 13.28 13.28 13.25 13.05 13.07 12.66 12.54 13.06 13.12 13.20 13.21 13.26 13.34 13.35 13.35 13.35 13.34 13.35 13.37 13.35 13.35 13.30 13.33 13.34 13.33 13.31 13.27 13.29 13.31 13.33 13.31 13.31 13.29 13.29 13.32 13.31 13.30 13.25 13.31 13.30
13.24 13.25 13.26 13.22 13.25 13.23 13.28 13.26 13.26 13.30 13.29 13.29 13.29 13.26 13.27 13.29 13.25 13.30 13.29 13.28 13.27 13.27 13.27 13.29 13.28 13.27 13.25 13.28 13.29 13.32 13.28 13.31 13.28 13.24 13.28 13.25 13.23 13.28 13.28 13.26 13.05 13.00 12.71 12.90 13.08 13.08 13.20 13.23 13.28 13.29 13.29 13.29 13.28 13.29 13.31 13.32 13.35 13.31 13.29 13.30 13.29 13.30 13.31 13.21 13.25 13.32 13.30 13.29 13.30 13.27 13.27 13.27 13.28 13.28 13.28 13.28 13.26
13.25 13.22 13.24 13.22 13.20 13.19 13.23 13.23 13.24 13.28 13.25 13.26 13.23 13.24 13.21 13.24 13.22 13.25 13.24 13.25 13.26 13.26 13.25 13.25 13.24 13.21 13.13 13.24 13.27 13.27 13.28 13.23 13.26 13.23 13.12 13.20 13.24 13.27 13.26 13.23 13.09 12.86 13.00 13.19 13.23 13.08 13.30 13.27 13.25 13.27 13.27 13.27 13.28 13.27 13.28 13.27 13.27 13.26 13.27 13.26 13.26 13.27 13.29 13.27 13.29 13.29 13.27 13.30 13.28 13.27 13.28 13.25 13.24 13.23 13.23 13.27 13.27
13.21 13.22 13.24 13.20 13.20 13.22 13.19 13.15 13.20 13.22 13.21 13.22 13.19 13.22 13.15 13.23 13.24 13.24 13.23 13.24 13.24 13.21 13.24 13.21 13.23 13.12 13.11 13.25 13.23 13.22 13.22 13.23 13.20 13.23 13.25 13.24 13.25 13.22 13.23 13.19 13.14 13.08 13.20 13.26 13.26 13.25 13.20 13.24 13.25 13.25 13.24 13.23 13.26 13.26 13.24 13.26 13.26 13.26 13.26 13.25 13.26 13.22 13.24 13.23 13.25 13.24 13.25 13.26 13.24 13.26 13.25 13.23 13.22 13.20 13.22 13.23 13.23
13.21 13.21 13.19 13.18 13.19 13.15 13.15 13.17 13.18 13.20 13.20 13.19 13.16 13.17 13.21 13.23 13.22 13.22 13.20 13.20 13.20 13.22 13.21 13.20 13.19 13.18 13.23 13.21 13.22 13.21 13.19 13.18 13.20 13.20 13.21 13.22 13.22 13.21 13.20 13.14 12.80 13.15 13.21 13.22 13.23 13.18 13.20 13.20 13.23 13.22 13.23 13.23 13.22 13.23 13.24 13.23 13.21 13.23 13.23 13.25 13.24 13.24 13.24 13.21 13.23 13.21 13.22 13.22 13.22 13.23 13.22 13.21 13.23 13.23 13.19 13.20 13.20
13.15 13.17 13.14 13.09 13.13 13.12 13.05 13.08 13.14 13.11 13.12 13.18 13.18 13.11 13.21 13.19 13.18 13.19 13.21 13.19 13.19 13.19 13.20 13.17 13.20 13.21 13.19 13.18 13.17 13.17 13.19 13.18 13.19 13.16 13.20 13.20 13.18 13.17 13.19 13.17 13.15 13.20 13.21 13.19 13.17 13.14 13.14 13.20 13.19 13.21 13.21 13.21 13.21 13.20 13.21 13.21 13.17 13.18 13.20 13.20 13.19 13.20 13.19 13.21 13.21 13.16 13.19 13.18 13.19 13.19 13.19 13.21 13.19 13.17 13.20 13.17 13.19
13.13 13.11 13.09 13.17 13.18 13.18 13.12 13.14 13.17 13.18 13.18 13.14 13.13 13.20 13.19 13.19 13.18 13.19 13.17 13.18 13.17 13.16 13.16 13.17 13.17 13.19 13.19 13.17 13.18 13.17 13.16 13.18 13.15 13.15 13.17 13.15 13.15 13.12 13.13 13.11 13.16 13.15 13.14 13.13 13.15 13.15 13.19 13.19 13.17 13.17 13.16 13.15 13.15 13.14 13.18 13.18 13.18 13.17 13.15 13.18 13.18 13.17 13.15 13.17 13.17 13.16 13.13 13.16 13.16 13.18 13.18 13.16 13.17 13.17 13.17 13.15 13.13
13.07 13.10 13.10 13.10 13.15 13.13 13.11 13.14 13.17 13.15 13.11 13.15 13.13 13.11 13.15 13.17 13.16 13.14 13.14 13.15 13.13 13.14 13.15 13.13 13.15 13.15 13.11 13.15 13.14 13.14 13.15 13.12 13.13 13.13 13.14 13.13 13.16 13.16 13.17 13.14 13.12 13.12 13.14 13.13 13.10 13.14 13.12 13.15 13.16 13.14 13.15 13.12 13.15 13.15 13.16 13.17 13.16 13.15 13.12 13.14 13.15 13.13 13.12 13.14 13.10 13.14 13.13 13.09 13.12 13.11 13.11 13.13 13.11 13.14 13.13 13.13 13.16
13.04 13.10 13.09 13.05 13.01 13.06 13.06 13.11 13.10 13.08 13.12 13.07 13.06 13.02 13.10 13.07 13.05 13.10 13.12 13.12 13.11 13.14 13.13 13.11 13.15 13.12 13.06 13.08 13.11 13.11 13.11 13.11 13.13 13.13 13.13 13.12 13.10 13.09 13.14 13.09 13.08 13.09 13.11 13.14 13.10 13.11 13.14 13.11 13.10 13.11 13.10 13.13 13.13 13.15 13.14 13.13 13.13 13.10 13.13 13.12 13.10 13.09 13.10 13.11 13.11 13.13 13.12 13.13 13.11 13.10 13.13 13.10 13.10 13.11 13.11 13.11 13.13
13.02 13.05 13.06 12.95 13.01 13.06 13.01 13.01 13.03 13.11 13.06 13.09 13.08 13.11 13.16 13.09 13.03 13.07 13.10 13.09 13.10 13.10 13.10 13.09 13.08 13.09 13.10 13.09 13.11 13.11 13.11 13.10 13.10 13.10 13.05 12.99 13.10 13.09 13.07 13.04 13.05 13.02 13.09 13.09 13.11 13.11 13.09 13.09 13.11 13.11 13.11 13.14 13.12 13.09 13.09 13.09 13.11 13.07 13.10 13.06 13.01 13.08 13.08 13.04 13.08 13.10 13.10 13.08 13.09 13.09 13.09 13.06 13.09 13.06 13.09 13.09 13.10
13.03 13.02 12.98 13.04 13.05 13.04 13.05 13.07 13.06 13.07 13.07 13.09 13.10 13.09 13.05 13.10 13.10 13.08 13.06 13.01 12.96 13.04 13.05 13.05 13.07 13.05 13.08 13.08 13.08 13.08 13.08 13.03 13.11 13.07 13.08 13.07 13.08 13.05 13.07 13.06 13.03 13.03 13.08 13.08 13.10 13.08 13.08 13.06 13.06 13.10 13.09 13.09 13.08 13.06 13.05 13.04 13.07 13.05 13.07 13.07 13.04 13.07 13.04 13.08 13.04 13.06 13.07 13.10 13.11 13.09 13.09 13.07 13.07 13.06 13.08 13.09 13.08
12.95 12.98 13.01 13.00 13.03 12.99 13.05 13.04 13.03 13.04 13.04 13.08 13.06 13.05 13.04 13.07 13.07 13.07 12.97 12.99 13.00 12.99 13.01 13.02 13.06 13.03 13.00 13.01 13.04 13.04 13.06 13.06 13.04 13.03 13.06 13.05 13.06 13.03 13.06 13.05 13.02 12.99 12.99 13.00 13.01 13.06 13.04 13.06 13.04 13.04 13.05 13.05 13.03 13.05 13.05 13.05 13.05 13.03 13.02 13.04 13.05 13.05 13.05 13.05 13.03 13.06 13.08 13.08 13.08 13.07 13.07 13.05 13.10 13.04 13.07 13.04 13.06
12.95 12.92 12.96 12.97 12.98 13.01 13.03 13.03 13.04 13.03 13.02 13.03 13.02 13.05 13.03 13.05 13.05 12.98 12.95 12.91 12.92 12.95 12.92 13.02 13.02 12.98 12.99 12.98 13.03 13.02 13.04 13.03 13.02 13.03 13.02 13.02 13.03 13.02 13.02 13.00 13.02 12.99 13.03 13.02 12.99 13.02 13.02 13.04 13.01 13.04 13.03 13.03 13.02 13.00 13.01 13.02 13.02 13.02 13.03 13.03 13.02 12.94 13.01 13.02 13.01 13.03 13.03 13.05 13.06 13.05 13.03 13.03 13.01 12.99 13.05 13.04 13.05
12.94 12.95 12.93 12.98 12.98 12.97 12.98 13.00 12.94 12.97 12.99 13.00 13.00 13.00 13.03 13.02 13.02 13.01 12.97 12.91 12.92 12.95 12.90 12.92 12.97 12.97 12.95 12.98 12.98 12.98 13.00 13.01 13.01 12.99 13.00 12.99 12.98 13.00 12.98 12.98 13.02 13.01 13.00 12.97 12.96 13.02 13.00 13.00 12.99 12.98 13.01 12.98 13.01 13.02 12.99 12.95 13.01 12.99 13.01 13.01 12.99 12.89 12.95 13.01 13.02 12.99 13.02 13.03 13.03 13.01 13.03 13.02 13.02 13.02 13.05 13.01 13.00
12.87 12.89 12.85 12.93 12.97 12.94 12.96 12.95 12.93 12.97 13.01 12.97 12.97 12.97 12.99 12.99 12.97 12.96 12.94 12.96 12.90 12.94 12.93 12.95 12.89 12.91 12.92 12.95 12.95 12.95 12.97 12.97 12.97 12.96 12.98 12.95 12.98 12.99 12.96 12.97 12.98 12.95 12.98 12.94 12.96 12.93 12.96 12.94 12.93 12.94 12.95 13.00 12.96 12.99 13.00 13.00 12.99 12.99 12.99 12.97 12.99 12.97 13.01 12.96 13.00 12.98 12.99 12.99 13.00 12.98 12.99 12.98 12.98 12.97 13.01 13.01 12.99
12.86 12.88 12.90 12.94 12.94 12.95 12.95 12.94 12.92 12.97 12.96 12.95 12.96 12.95 12.97 12.96 12.93 12.94 12.92 12.98 12.96 12.97 12.97 12.92 12.93 12.94 12.95 12.95 12.93 12.94 12.93 12.92 12.95 12.95 12.93 12.95 12.95 12.93 12.92 12.96 12.97 12.94 13.00 12.97 12.94 12.94 12.89 12.91 12.91 12.92 12.91 12.95 12.92 12.94 12.96 12.97 12.97 12.96 12.94 12.94 12.96 12.95 12.94 12.86 12.97 12.97 12.99 12.98 12.97 12.98 12.99 12.97 12.97 12.97 12.99 12.98 12.97
12.86 12.85 12.89 12.90 12.92 12.91 12.92 12.90 12.90 12.92 12.92 12.93 12.90 12.91 12.92 12.92 12.91 12.95 12.93 12.92 12.92 12.92 12.89 12.91 12.94 12.92 12.93 12.94 12.88 12.84 12.87 12.92 12.91 12.88 12.87 12.92 12.93 12.92 12.94 12.97 12.90 12.96 12.91 12.93 12.80 12.84 12.83 12.87 12.86 12.89 12.88 12.92 12.91 12.94 12.91 12.94 12.95 12.92 12.95 12.96 12.92 12.89 12.91 12.95 12.93 12.93 12.94 12.96 12.97 12.95 12.94 12.92 12.95 12.94 12.96 12.96 12.95
12.86 12.88 12.91 12.91 12.90 12.89 12.91 12.91 12.90 12.89 12.90 12.90 12.89 12.90 12.92 12.91 12.89 12.90 12.89 12.88 12.92 12.85 12.88 12.84 12.86 12.88 12.91 12.90 12.89 12.90 12.89 12.87 12.88 12.89 12.88 12.88 12.93 12.89 12.89 12.91 12.87 12.67 12.42 12.72 12.81 12.89 12.87 12.88 12.88 12.89 12.87 12.89 12.91 12.94 12.92 12.91 12.91 12.93 12.92 12.90 12.87 12.88 12.91 12.88 12.93 12.92 12.90 12.92 12.92 12.90 12.89 12.92 12.93 12.92 12.92 12.92 12.91
12.86 12.86 12.87 12.89 12.86 12.84 12.86 12.86 12.84 12.88 12.89 12.88 12.85 12.87 12.88 12.87 12.86 12.89 12.86 12.88 12.89 12.86 12.89 12.81 12.37 12.90 12.88 12.90 12.89 12.87 12.87 12.85 12.83 12.85 12.89 12.89 12.87 12.86 12.88 12.88 12.85 12.52 12.24 12.29 12.63 12.76 12.89 12.88 12.88 12.86 12.87 12.89 12.88 12.87 12.87 12.88 12.89 12.89 12.90 12.88 12.87 12.85 12.87 12.88 12.87 12.92 12.91 12.92 12.91 12.90 12.91 12.91 12.90 12.91 12.91 12.90 12.90
12.82 12.82 12.83 12.83 12.80 12.85 12.87 12.81 12.88 12.85 12.88 12.87 12.85 12.85 12.87 12.85 12.87 12.84 12.83 12.86 12.85 12.85 12.86 12.81 12.87 12.90 12.84 12.84 12.83 12.84 12.88 12.88 12.87 12.87 12.90 12.89 12.85 12.85 12.84 12.87 12.86 12.81 12.38 12.07 12.57 12.61 12.80 12.89 12.84 12.87 12.87 12.88 12.89 12.88 12.86 12.87 12.84 12.83 12.84 12.85 12.84 12.82 12.86 12.85 12.84 12.86 12.87 12.86 12.83 12.85 12.87 12.88 12.87 12.87 12.87 12.87 12.87
12.82 12.77 12.82 12.81 12.85 12.81 12.85 12.83 12.83 12.85 12.84 12.82 12.83 12.84 12.86 12.85 12.84 12.82 12.80 12.81 12.82 12.81 12.84 12.85 12.84 12.82 12.81 12.84 12.83 12.84 12.86 12.84 12.86 12.85 12.85 12.85 12.85 12.83 12.85 12.84 12.83 12.84 12.84 12.77 12.78 12.65 12.58 12.86 12.86 12.86 12.88 12.87 12.86 12.86 12.85 12.84 12.83 12.81 12.82 12.81 12.81 12.83 12.84 12.84 12.82 12.84 12.82 12.83 12.84 12.85 12.86 12.84 12.84 12.83 12.85 12.84 12.83
12.79 12.80 12.80 12.79 12.81 12.78 12.80 12.80 12.83 12.82 12.82 12.80 12.83 12.80 12.80 12.82 12.79 12.79 12.78 12.81 12.82 12.82 12.84 12.79 12.79 12.76 12.84 12.83 12.82 12.81 12.81 12.80 12.80 12.83 12.82 12.82 12.84 12.83 12.82 12.81 12.84 12.84 12.81 12.80 12.79 12.76 12.43 12.49 12.82 12.82 12.84 12.85 12.83 12.83 12.81 12.84 12.84 12.81 12.80 12.78 12.81 12.85 12.83 12.81 12.81 12.83 12.82 12.83 12.84 12.84 12.83 12.83 12.83 12.83 12.82 12.82 12.82
