Files/BOM data/2019073120190731 (1).grid
ncols 839
nrows 679
xllcenter 112.0500
yllcenter -43.9500
cellsize 0.0500
nodata_value 99999.90
[rows 204 to 237 of 679, columns 231 to 307 of 839]
19.07 19.02 19.00 18.95 18.93 18.98 18.94 18.91 18.91 18.92 18.93 18.86 18.91 18.95 18.96 18.94 18.93 18.94 18.93 18.93 18.90 18.94 18.95 19.01 19.00 18.98 18.96 18.98 18.99 18.96 18.97 18.97 18.91 18.91 18.91 18.93 18.91 18.92 18.91 18.87 18.86 18.87 18.85 18.88 18.88 18.93 18.99 19.05 19.00 18.91 18.95 19.03 19.08 19.07 18.91 18.84 18.90 18.91 18.95 18.92 18.89 18.93 18.95 18.96 18.90 18.91 18.94 18.99 18.92 18.93 18.93 18.93 18.93 18.97 18.84 18.86 18.71
18.94 18.98 19.04 18.98 18.96 18.96 18.90 18.91 18.90 18.85 18.90 18.91 18.91 18.90 18.89 18.91 18.90 18.92 18.93 18.96 18.92 18.98 19.02 18.98 18.96 18.97 18.97 18.98 18.99 18.93 18.94 18.94 18.91 18.85 18.87 18.84 18.88 18.91 18.89 18.85 18.82 18.84 18.89 18.93 18.90 18.98 18.93 18.93 18.95 18.88 18.95 19.01 18.92 18.92 18.86 18.84 18.92 18.91 18.90 18.92 18.95 18.92 18.91 18.91 18.88 18.94 18.96 18.94 18.95 18.95 18.92 18.91 18.91 18.98 18.93 18.77 18.78
18.88 18.87 18.89 18.92 18.89 18.85 18.90 18.86 18.86 18.88 18.88 18.88 18.88 18.86 18.83 18.84 18.82 18.84 18.90 18.91 18.90 18.89 18.93 18.91 18.90 18.94 18.98 18.95 18.97 18.93 18.91 18.88 18.92 18.87 18.86 18.89 18.85 18.86 18.84 18.83 18.86 18.84 18.90 18.89 18.95 18.97 18.97 18.97 18.96 19.02 18.96 18.95 18.85 18.84 18.86 18.92 18.93 18.93 18.94 18.96 18.99 18.93 18.93 18.86 18.86 18.93 18.93 18.96 18.92 18.90 18.92 18.86 18.97 18.98 18.93 18.93 18.94
18.93 18.92 18.95 18.94 18.93 18.91 18.85 18.84 18.90 18.87 18.91 18.90 18.87 18.84 18.86 18.88 18.89 18.90 18.93 18.88 18.81 18.83 18.82 18.87 18.81 18.86 18.96 18.94 18.95 18.94 18.92 18.87 18.88 18.84 18.84 18.85 18.88 18.87 18.83 18.84 18.87 18.89 18.89 18.89 18.95 18.99 18.98 18.95 18.93 19.00 18.98 18.91 18.84 18.84 18.86 18.86 18.87 18.91 18.87 18.90 18.94 18.91 18.90 18.91 18.90 18.90 18.91 18.87 18.86 18.88 18.86 18.88 18.97 18.96 18.94 18.94 18.92
18.90 18.88 18.88 18.86 18.86 18.89 18.91 18.87 18.92 18.92 18.92 18.88 18.85 18.78 18.81 18.87 18.86 18.82 18.84 18.90 18.89 18.93 18.91 18.91 18.89 18.89 18.96 18.98 18.96 18.98 18.96 18.87 18.84 18.80 18.81 18.83 18.85 18.87 18.87 18.86 18.91 18.89 18.86 18.84 18.93 18.93 18.97 18.93 18.85 18.87 18.92 18.98 18.95 18.92 18.91 18.91 18.88 18.87 18.85 18.93 18.97 18.92 18.88 18.94 18.88 18.91 18.88 18.85 18.89 18.90 18.89 18.90 18.96 18.90 18.90 18.88 18.81
18.78 18.79 18.86 18.88 18.85 18.76 18.79 18.77 18.79 18.76 18.82 18.80 18.80 18.82 18.83 18.87 18.85 18.83 18.86 18.81 18.89 18.93 18.94 18.91 18.87 18.86 18.92 18.91 18.95 18.93 18.84 18.76 18.75 18.83 18.82 18.81 18.81 18.84 18.78 18.81 18.86 18.82 18.83 18.80 18.81 18.92 18.90 18.87 18.95 18.94 18.93 18.93 18.90 18.85 18.89 18.87 18.86 18.85 18.81 18.77 18.87 18.88 18.86 18.86 18.88 18.91 18.88 18.85 18.81 18.87 18.85 18.96 18.94 18.95 18.87 18.86 18.85
18.86 18.85 18.86 18.84 18.81 18.82 18.84 18.83 18.81 18.87 18.80 18.87 18.83 18.80 18.83 18.81 18.81 18.83 18.91 18.87 18.91 18.90 18.87 18.80 18.81 18.83 18.83 18.89 18.91 18.91 18.88 18.81 18.82 18.81 18.77 18.78 18.75 18.76 18.79 18.83 18.86 18.85 18.81 18.78 18.82 18.79 18.90 18.87 18.92 18.93 18.90 18.88 18.89 18.87 18.81 18.87 18.82 18.85 18.80 18.82 18.85 18.83 18.81 18.86 18.85 18.84 18.85 18.81 18.81 18.80 18.88 18.90 18.90 18.84 18.78 18.77 18.86
18.85 18.91 18.78 18.78 18.77 18.85 18.88 18.92 18.92 18.87 18.83 18.79 18.83 18.82 18.81 18.85 18.82 18.85 18.89 18.90 18.91 18.93 18.94 18.93 18.90 18.81 18.83 18.81 18.83 18.85 18.84 18.83 18.80 18.79 18.81 18.81 18.75 18.77 18.80 18.78 18.79 18.80 18.80 18.80 18.79 18.86 18.87 18.85 18.82 18.83 18.84 18.89 18.84 18.78 18.85 18.88 18.83 18.78 18.81 18.82 18.80 18.82 18.88 18.88 18.85 18.84 18.85 18.83 18.85 18.83 18.83 18.89 18.90 18.93 18.89 18.85 18.78
18.82 18.85 18.79 18.79 18.76 18.75 18.83 18.82 18.77 18.79 18.77 18.80 18.78 18.72 18.79 18.78 18.81 18.82 18.80 18.88 18.83 18.84 18.86 18.82 18.83 18.82 18.81 18.83 18.83 18.82 18.81 18.79 18.80 18.80 18.81 18.83 18.81 18.83 18.78 18.74 18.80 18.74 18.85 18.80 18.79 18.77 18.77 18.77 18.78 18.74 18.79 18.86 18.80 18.82 18.79 18.78 18.76 18.78 18.79 18.85 18.82 18.83 18.85 18.84 18.84 18.85 18.87 18.85 18.84 18.76 18.84 18.84 18.85 18.80 18.81 18.79 18.82
18.83 18.84 18.79 18.74 18.73 18.77 18.76 18.73 18.76 18.76 18.75 18.70 18.72 18.76 18.79 18.78 18.76 18.76 18.81 18.84 18.77 18.78 18.80 18.81 18.81 18.74 18.81 18.84 18.84 18.83 18.79 18.83 18.77 18.80 18.80 18.75 18.73 18.76 18.75 18.73 18.74 18.77 18.74 18.78 18.77 18.75 18.73 18.73 18.72 18.75 18.85 18.80 18.77 18.76 18.80 18.81 18.77 18.79 18.80 18.82 18.84 18.83 18.79 18.78 18.83 18.85 18.83 18.83 18.84 18.83 18.82 18.86 18.81 18.78 18.75 18.80 18.83
18.85 18.82 18.77 18.76 18.76 18.72 18.74 18.76 18.73 18.76 18.70 18.67 18.74 18.75 18.81 18.83 18.79 18.79 18.81 18.76 18.76 18.79 18.83 18.78 18.79 18.78 18.80 18.84 18.86 18.85 18.83 18.80 18.83 18.81 18.75 18.77 18.75 18.75 18.73 18.78 18.76 18.74 18.75 18.75 18.71 18.73 18.74 18.74 18.74 18.76 18.78 18.76 18.73 18.74 18.76 18.75 18.77 18.74 18.79 18.79 18.81 18.84 18.84 18.83 18.79 18.84 18.82 18.82 18.82 18.85 18.80 18.82 18.79 18.78 18.83 18.83 18.85
18.78 18.75 18.76 18.73 18.76 18.75 18.75 18.72 18.70 18.69 18.69 18.73 18.73 18.77 18.76 18.76 18.79 18.80 18.80 18.78 18.80 18.77 18.79 18.75 18.79 18.77 18.80 18.78 18.81 18.80 18.80 18.78 18.76 18.77 18.77 18.79 18.74 18.77 18.80 18.74 18.70 18.73 18.70 18.71 18.69 18.68 18.68 18.70 18.73 18.71 18.76 18.79 18.67 18.71 18.73 18.75 18.74 18.71 18.73 18.77 18.80 18.77 18.77 18.80 18.84 18.81 18.79 18.76 18.82 18.79 18.79 18.80 18.80 18.78 18.78 18.81 18.84
18.76 18.78 18.80 18.77 18.72 18.74 18.76 18.74 18.69 18.68 18.68 18.72 18.71 18.73 18.69 18.74 18.75 18.78 18.75 18.76 18.79 18.77 18.75 18.74 18.73 18.76 18.77 18.76 18.77 18.76 18.69 18.71 18.73 18.75 18.74 18.74 18.72 18.77 18.72 18.67 18.76 18.75 18.71 18.71 18.69 18.67 18.71 18.73 18.78 18.69 18.71 18.72 18.70 18.71 18.76 18.73 18.76 18.76 18.79 18.80 18.77 18.79 18.70 18.77 18.78 18.78 18.79 18.77 18.80 18.78 18.74 18.75 18.74 18.71 18.81 18.82 18.84
18.77 18.79 18.79 18.77 18.69 18.75 18.74 18.69 18.73 18.71 18.69 18.72 18.73 18.76 18.74 18.75 18.76 18.76 18.75 18.73 18.76 18.73 18.72 18.74 18.76 18.71 18.73 18.73 18.69 18.71 18.71 18.70 18.69 18.71 18.70 18.67 18.66 18.68 18.70 18.72 18.76 18.76 18.75 18.69 18.70 18.68 18.70 18.74 18.79 18.80 18.72 18.68 18.72 18.78 18.74 18.77 18.74 18.74 18.76 18.76 18.74 18.75 18.69 18.72 18.72 18.72 18.74 18.75 18.72 18.73 18.74 18.72 18.74 18.78 18.84 18.81 18.85
18.78 18.79 18.77 18.74 18.78 18.76 18.72 18.72 18.69 18.70 18.70 18.70 18.69 18.68 18.65 18.67 18.71 18.72 18.75 18.74 18.71 18.71 18.67 18.71 18.72 18.74 18.73 18.68 18.70 18.69 18.68 18.69 18.68 18.69 18.72 18.71 18.67 18.65 18.68 18.65 18.66 18.66 18.71 18.76 18.67 18.65 18.66 18.73 18.72 18.75 18.72 18.69 18.67 18.75 18.65 18.75 18.73 18.72 18.72 18.68 18.68 18.71 18.72 18.69 18.70 18.66 18.69 18.72 18.74 18.74 18.72 18.72 18.70 18.80 18.84 18.85 18.80
18.76 18.76 18.80 18.81 18.78 18.72 18.73 18.71 18.70 18.72 18.65 18.63 18.66 18.68 18.73 18.73 18.71 18.70 18.71 18.73 18.74 18.67 18.73 18.69 18.70 18.70 18.68 18.70 18.69 18.73 18.69 18.66 18.63 18.64 18.68 18.73 18.72 18.74 18.68 18.67 18.62 18.62 18.66 18.69 18.65 18.72 18.73 18.67 18.76 18.77 18.77 18.68 18.72 18.70 18.67 18.69 18.72 18.71 18.72 18.73 18.71 18.69 18.67 18.72 18.72 18.67 18.64 18.70 18.72 18.69 18.70 18.75 18.75 18.79 18.79 18.79 18.78
18.76 18.77 18.78 18.73 18.75 18.70 18.68 18.68 18.65 18.65 18.62 18.66 18.62 18.66 18.63 18.69 18.71 18.72 18.72 18.73 18.73 18.72 18.70 18.65 18.67 18.68 18.71 18.68 18.67 18.69 18.61 18.62 18.58 18.59 18.70 18.66 18.69 18.69 18.67 18.68 18.73 18.71 18.73 18.72 18.74 18.73 18.67 18.66 18.72 18.73 18.70 18.71 18.67 18.66 18.68 18.66 18.65 18.68 18.68 18.63 18.67 18.60 18.61 18.64 18.72 18.71 18.69 18.68 18.66 18.67 18.75 18.78 18.76 18.72 18.74 18.77 18.76
18.66 18.69 18.71 18.74 18.72 18.70 18.68 18.65 18.63 18.64 18.63 18.67 18.66 18.62 18.65 18.70 18.71 18.72 18.70 18.71 18.72 18.71 18.67 18.66 18.65 18.64 18.71 18.68 18.63 18.62 18.66 18.60 18.57 18.58 18.60 18.60 18.69 18.70 18.64 18.62 18.63 18.62 18.64 18.64 18.67 18.69 18.63 18.64 18.66 18.69 18.68 18.65 18.66 18.68 18.67 18.61 18.62 18.61 18.62 18.67 18.64 18.63 18.65 18.66 18.71 18.75 18.65 18.63 18.64 18.66 18.74 18.66 18.67 18.67 18.65 18.67 18.69
18.62 18.63 18.63 18.64 18.65 18.64 18.63 18.61 18.61 18.58 18.61 18.63 18.64 18.64 18.64 18.64 18.69 18.67 18.68 18.71 18.72 18.73 18.68 18.64 18.65 18.64 18.68 18.66 18.63 18.62 18.63 18.65 18.65 18.59 18.57 18.59 18.65 18.63 18.65 18.61 18.63 18.59 18.59 18.61 18.66 18.66 18.67 18.60 18.61 18.62 18.65 18.67 18.65 18.70 18.63 18.64 18.59 18.58 18.58 18.57 18.62 18.58 18.62 18.60 18.66 18.72 18.72 18.68 18.68 18.64 18.68 18.72 18.67 18.64 18.70 18.70 18.66
18.57 18.60 18.60 18.58 18.62 18.61 18.60 18.60 18.60 18.57 18.59 18.57 18.62 18.59 18.60 18.61 18.64 18.64 18.68 18.64 18.71 18.70 18.67 18.63 18.61 18.60 18.65 18.60 18.59 18.64 18.65 18.65 18.63 18.58 18.57 18.56 18.64 18.59 18.61 18.60 18.69 18.61 18.57 18.58 18.60 18.59 18.58 18.58 18.54 18.58 18.66 18.65 18.63 18.65 18.65 18.61 18.56 18.53 18.54 18.56 18.61 18.63 18.61 18.60 18.66 18.60 18.64 18.65 18.65 18.62 18.61 18.63 18.65 18.68 18.59 18.63 18.60
18.54 18.57 18.59 18.60 18.60 18.57 18.57 18.61 18.62 18.61 18.57 18.57 18.57 18.58 18.58 18.59 18.64 18.67 18.68 18.66 18.63 18.64 18.67 18.64 18.65 18.62 18.61 18.60 18.62 18.59 18.62 18.60 18.59 18.59 18.60 18.54 18.57 18.61 18.60 18.59 18.60 18.60 18.59 18.57 18.58 18.57 18.57 18.56 18.55 18.58 18.58 18.59 18.57 18.58 18.61 18.60 18.59 18.58 18.60 18.56 18.55 18.57 18.58 18.60 18.61 18.58 18.56 18.56 18.58 18.57 18.63 18.66 18.67 18.67 18.60 18.59 18.59
18.55 18.55 18.59 18.60 18.59 18.58 18.57 18.59 18.55 18.53 18.53 18.55 18.52 18.58 18.54 18.54 18.59 18.61 18.64 18.65 18.67 18.58 18.62 18.60 18.44 18.63 18.61 18.61 18.59 18.61 18.59 18.56 18.59 18.64 18.58 18.57 18.56 18.56 18.59 18.61 18.59 18.56 18.56 18.56 18.56 18.54 18.47 18.54 18.56 18.56 18.57 18.55 18.53 18.55 18.57 18.57 18.58 18.55 18.55 18.55 18.57 18.56 18.53 18.54 18.54 18.50 18.57 18.58 18.56 18.59 18.64 18.65 18.67 18.64 18.61 18.59 18.56
18.54 18.56 18.61 18.58 18.54 18.56 18.56 18.57 18.57 18.57 18.59 18.57 18.53 18.54 18.57 18.57 18.55 18.54 18.63 18.62 18.65 18.38 18.34 18.50 18.75 18.39 18.42 18.13 18.38 18.50 18.57 18.56 18.58 18.60 18.59 18.58 18.56 18.54 18.59 18.56 18.53 18.53 18.55 18.56 18.55 18.54 18.53 18.51 18.51 18.50 18.55 18.55 18.53 18.55 18.54 18.51 18.49 18.53 18.52 18.51 18.51 18.51 18.50 18.55 18.56 18.56 18.54 18.53 18.55 18.56 18.56 18.56 18.55 18.54 18.56 18.56 18.58
18.53 18.54 18.54 18.54 18.53 18.50 18.52 18.53 18.54 18.54 18.52 18.56 18.54 18.51 18.52 18.54 18.54 18.57 18.57 18.52 18.47 18.06 18.54 18.64 18.52 18.54 18.49 18.13 18.53 18.34 18.44 18.11 18.53 18.53 18.58 18.57 18.53 18.55 18.59 18.54 18.58 18.57 18.53 18.54 18.52 18.54 18.51 18.51 18.51 18.51 18.50 18.57 18.53 18.56 18.51 18.49 18.48 18.47 18.51 18.50 18.46 18.47 18.51 18.54 18.55 18.53 18.54 18.57 18.58 18.56 18.52 18.54 18.55 18.53 18.53 18.55 18.55
18.49 18.50 18.51 18.50 18.51 18.50 18.50 18.54 18.55 18.54 18.56 18.54 18.50 18.54 18.56 18.58 18.56 18.30 18.18 18.53 18.66 18.56 18.52 18.49 18.52 18.47 18.50 18.52 18.49 18.41 18.50 18.46 18.45 17.94 18.18 18.52 18.59 18.55 18.59 18.57 18.57 18.55 18.55 18.57 18.53 18.51 18.54 18.55 18.54 18.51 18.53 18.51 18.51 18.50 18.51 18.51 18.50 18.47 18.53 18.46 18.46 18.47 18.56 18.57 18.58 18.57 18.52 18.52 18.55 18.54 18.56 18.55 18.51 18.54 18.58 18.57 18.59
18.50 18.52 18.57 18.53 18.51 18.42 18.53 18.55 18.54 18.53 18.56 18.58 18.54 18.58 18.56 17.71 17.78 18.40 18.51 18.52 18.53 18.54 18.56 18.54 18.49 18.48 18.49 18.58 18.57 18.52 18.45 18.46 18.48 18.40 18.23 18.22 18.50 18.49 18.49 18.49 18.45 18.47 18.49 18.54 18.50 18.51 18.51 18.55 18.52 18.51 18.52 18.48 18.47 18.48 18.48 18.53 18.53 18.54 18.49 18.47 18.46 18.47 18.51 18.52 18.51 18.52 18.53 18.52 18.51 18.53 18.52 18.51 18.51 18.49 18.47 18.47 18.48
18.45 18.44 18.46 18.47 18.50 18.45 18.48 18.47 18.51 18.52 18.55 18.59 18.52 18.48 18.45 18.27 18.39 18.46 18.50 18.51 18.47 18.44 18.46 18.44 18.43 18.43 18.46 18.45 18.46 18.54 18.52 18.48 18.43 18.46 18.44 18.40 18.39 18.32 18.42 18.42 18.44 18.44 18.47 18.51 18.49 18.47 18.47 18.47 18.50 18.49 18.53 18.51 18.50 18.48 18.49 18.47 18.48 18.46 18.38 18.40 18.47 18.53 18.47 18.50 18.49 18.50 18.50 18.50 18.48 18.49 18.47 18.47 18.50 18.52 18.49 18.48 18.48
18.42 18.41 18.43 18.39 18.46 18.45 18.44 18.42 18.41 18.48 18.46 18.45 18.49 18.47 18.51 18.34 18.31 18.44 18.48 18.45 18.46 18.42 18.43 18.43 18.44 18.48 18.45 18.47 18.48 18.46 18.44 18.44 18.42 18.43 18.35 18.29 18.37 18.42 18.40 18.41 18.41 18.41 18.44 18.48 18.49 18.45 18.43 18.47 18.48 18.48 18.48 18.49 18.44 18.43 18.43 18.42 18.45 18.42 18.41 18.41 18.42 18.52 18.47 18.45 18.47 18.43 18.40 18.33 18.37 18.45 18.45 18.44 18.46 18.46 18.43 18.46 18.58
18.45 18.42 18.42 18.43 18.45 18.45 18.44 18.38 18.38 18.31 18.40 18.48 18.52 18.52 18.48 18.45 18.43 18.42 18.46 18.43 18.43 18.45 18.43 18.43 18.44 18.41 18.41 18.44 18.43 18.42 18.39 18.43 18.44 18.37 18.32 18.29 18.38 18.39 18.42 18.41 18.42 18.41 18.39 18.44 18.46 18.43 18.47 18.47 18.43 18.41 18.43 18.45 18.39 18.41 18.45 18.42 18.41 18.40 18.45 18.41 18.46 18.44 18.43 18.41 18.39 18.38 18.42 18.42 18.42 18.38 18.43 18.43 18.44 18.44 18.50 18.49 18.48
18.42 18.42 18.40 18.36 18.34 18.39 18.42 18.42 18.40 18.38 18.43 18.42 18.44 18.40 18.43 18.39 18.39 18.39 18.41 18.45 18.45 18.45 18.43 18.42 18.42 18.36 18.39 18.39 18.37 18.40 18.38 18.40 18.39 18.43 18.40 18.36 18.36 18.35 18.37 18.43 18.42 18.33 18.38 18.36 18.44 18.42 18.44 18.43 18.42 18.40 18.41 18.40 18.36 18.39 18.40 18.39 18.37 18.36 18.38 18.35 18.40 18.41 18.42 18.42 18.41 18.42 18.39 18.37 18.39 18.38 18.44 18.41 18.41 18.39 18.46 18.45 18.42
18.45 18.45 18.34 18.33 18.30 18.38 18.40 18.37 18.39 18.38 18.39 18.38 18.36 18.41 18.42 18.41 18.38 18.32 18.24 18.30 18.36 18.38 18.43 18.44 18.41 18.37 18.33 18.33 18.34 18.36 18.35 18.36 18.37 18.40 18.37 18.34 18.39 18.40 18.35 18.37 18.39 18.44 18.41 18.39 18.37 18.38 18.41 18.41 18.41 18.39 18.40 18.39 18.40 18.40 18.38 18.38 18.37 18.35 18.38 18.44 18.37 18.37 18.38 18.40 18.37 18.40 18.43 18.41 18.39 18.41 18.43 18.46 18.44 18.41 18.42 18.47 18.44
18.40 18.38 18.36 18.38 18.38 18.37 18.35 18.39 18.39 18.43 18.38 18.33 18.33 18.35 18.35 18.20 18.17 18.20 18.27 18.31 18.28 18.34 18.36 18.38 18.36 18.35 18.34 18.31 18.32 18.32 18.30 18.34 18.25 18.29 18.36 18.36 18.35 18.32 18.35 18.32 18.34 18.36 18.32 18.34 18.31 18.36 18.35 18.37 18.36 18.37 18.35 18.33 18.35 18.33 18.35 18.33 18.33 18.34 18.36 18.43 18.39 18.37 18.36 18.35 18.36 18.37 18.40 18.41 18.41 18.39 18.40 18.33 18.35 18.36 18.36 18.37 18.39
18.35 18.25 18.26 18.30 18.31 18.30 18.36 18.33 18.39 18.41 18.39 18.26 18.32 18.25 18.15 18.20 18.27 18.31 18.30 18.29 18.28 18.25 18.27 18.28 18.30 18.32 18.31 18.28 18.25 18.29 18.40 18.37 18.30 18.31 18.35 18.33 18.33 18.34 18.31 18.31 18.36 18.35 18.34 18.29 18.30 18.32 18.33 18.32 18.34 18.34 18.31 18.29 18.31 18.34 18.33 18.31 18.34 18.37 18.39 18.36 18.37 18.36 18.36 18.33 18.32 18.36 18.40 18.39 18.39 18.39 18.36 18.30 18.31 18.33 18.40 18.38 18.38
18.34 18.25 18.33 18.27 18.28 18.35 18.36 18.34 18.31 18.35 18.30 18.12 17.82 18.01 18.25 18.28 18.35 18.32 18.23 18.31 18.31 18.28 18.30 18.36 18.36 18.26 18.25 18.24 18.29 18.31 18.32 18.39 18.32 18.28 18.33 18.30 18.29 18.29 18.33 18.34 18.32 18.35 18.32 18.29 18.27 18.30 18.31 18.36 18.35 18.30 18.31 18.31 18.29 18.35 18.35 18.33 18.34 18.33 18.33 18.29 18.32 18.33 18.34 18.30 18.30 18.36 18.38 18.38 18.37 18.34 18.31 18.31 18.33 18.37 18.34 18.32 18.35
