Files/BOM data/2019072120190721.grid
ncols 839
nrows 679
xllcenter 112.0500
yllcenter -43.9500
cellsize 0.0500
nodata_value 99999.90
[rows 340 to 373 of 679, columns 308 to 384 of 839]
15.30 15.36 15.39 15.42 15.38 15.30 15.31 15.32 15.33 15.31 15.30 15.29 15.29 15.34 15.41 15.42 15.37 15.43 15.44 15.42 15.29 15.31 15.31 15.30 15.32 15.33 15.34 15.32 15.31 15.31 15.30 15.30 15.31 15.29 15.28 15.29 15.31 15.29 15.29 15.27 15.29 15.29 15.28 15.30 15.28 15.27 15.28 15.28 15.29 15.30 15.30 15.31 15.29 15.29 15.28 15.29 15.29 15.28 15.28 15.29 15.29 15.29 15.30 15.29 15.27 15.28 15.24 15.25 15.27 15.27 15.29 15.30 15.31 15.27 15.26 15.24 15.26
15.29 15.31 15.32 15.33 15.38 15.36 15.32 15.31 15.29 15.30 15.30 15.27 15.27 15.25 15.29 15.27 15.34 15.35 15.35 15.37 15.36 15.28 15.27 15.25 15.23 15.25 15.32 15.31 15.32 15.31 15.30 15.27 15.30 15.30 15.29 15.27 15.26 15.27 15.28 15.25 15.26 15.27 15.23 15.27 15.28 15.27 15.25 15.26 15.27 15.28 15.26 15.27 15.28 15.29 15.28 15.28 15.27 15.28 15.29 15.29 15.28 15.28 15.26 15.26 15.27 15.24 15.23 15.23 15.23 15.25 15.25 15.30 15.30 15.31 15.27 15.25 15.25
15.27 15.28 15.23 15.24 15.25 15.26 15.26 15.28 15.27 15.26 15.27 15.24 15.21 15.22 15.19 15.20 15.28 15.31 15.27 15.22 15.29 15.34 15.28 15.26 15.25 15.23 15.20 15.26 15.26 15.24 15.25 15.25 15.24 15.26 15.25 15.24 15.24 15.24 15.25 15.23 15.25 15.24 15.23 15.25 15.24 15.26 15.25 15.24 15.22 15.23 15.23 15.24 15.23 15.24 15.24 15.24 15.22 15.24 15.26 15.24 15.25 15.23 15.25 15.24 15.23 15.22 15.22 15.22 15.21 15.22 15.25 15.23 15.23 15.26 15.30 15.25 15.23
15.19 15.24 15.25 15.21 15.21 15.21 15.23 15.24 15.25 15.26 15.24 15.22 15.22 15.21 15.20 15.18 15.26 15.31 15.26 15.23 15.22 15.33 15.30 15.23 15.22 15.23 15.23 15.23 15.22 15.23 15.24 15.22 15.22 15.22 15.24 15.23 15.24 15.26 15.23 15.23 15.22 15.24 15.22 15.22 15.21 15.22 15.23 15.22 15.21 15.22 15.21 15.22 15.22 15.22 15.23 15.22 15.22 15.23 15.22 15.21 15.23 15.21 15.23 15.22 15.23 15.21 15.20 15.21 15.21 15.19 15.20 15.19 15.23 15.22 15.24 15.25 15.23
15.24 15.22 15.20 15.20 15.19 15.20 15.21 15.22 15.21 15.24 15.24 15.22 15.20 15.19 15.21 15.27 15.30 15.30 15.29 15.25 15.20 15.28 15.28 15.20 15.19 15.21 15.21 15.21 15.22 15.24 15.22 15.22 15.22 15.21 15.20 15.21 15.23 15.22 15.23 15.24 15.19 15.21 15.21 15.21 15.20 15.20 15.18 15.19 15.21 15.20 15.19 15.21 15.21 15.20 15.21 15.21 15.20 15.22 15.21 15.21 15.21 15.21 15.20 15.18 15.20 15.20 15.20 15.17 15.19 15.20 15.18 15.17 15.21 15.21 15.21 15.20 15.20
15.21 15.20 15.19 15.19 15.18 15.19 15.20 15.21 15.20 15.19 15.22 15.22 15.21 15.24 15.25 15.22 15.22 15.27 15.28 15.17 15.20 15.20 15.21 15.20 15.16 15.18 15.18 15.20 15.19 15.19 15.20 15.18 15.17 15.18 15.20 15.18 15.17 15.22 15.20 15.21 15.22 15.19 15.19 15.19 15.18 15.21 15.22 15.22 15.24 15.21 15.19 15.18 15.20 15.18 15.19 15.16 15.18 15.18 15.19 15.18 15.19 15.19 15.18 15.18 15.19 15.18 15.18 15.18 15.16 15.17 15.16 15.16 15.16 15.18 15.18 15.19 15.17
15.24 15.22 15.18 15.16 15.15 15.15 15.15 15.11 15.16 15.18 15.16 15.23 15.23 15.19 15.12 15.20 15.15 15.15 15.26 15.19 15.18 15.18 15.19 15.17 15.16 15.11 15.15 15.13 15.15 15.18 15.17 15.16 15.15 15.15 15.16 15.20 15.19 15.16 15.17 15.17 15.18 15.19 15.18 15.21 15.17 15.01 15.10 15.20 15.16 15.17 15.18 15.14 15.15 15.15 15.15 15.15 15.15 15.17 15.18 15.18 15.19 15.15 15.15 15.15 15.17 15.19 15.19 15.18 15.13 15.14 15.14 15.14 15.15 15.18 15.16 15.15 15.14
15.20 15.18 15.20 15.14 15.16 15.15 15.15 15.14 15.15 15.12 15.12 15.25 15.22 15.18 15.18 15.13 15.18 15.12 15.10 15.17 15.16 15.11 15.15 15.14 15.12 15.13 15.09 15.10 15.10 15.12 15.15 15.14 15.15 15.15 15.16 15.17 15.18 15.17 15.16 15.17 15.17 15.14 15.14 15.17 15.16 15.15 15.13 14.99 15.06 15.14 15.17 15.15 15.14 15.15 15.16 15.16 15.16 15.16 15.16 15.15 15.18 15.14 15.13 15.13 15.15 15.14 15.16 15.15 15.14 15.12 15.13 15.11 15.13 15.16 15.16 15.15 15.14
15.09 15.13 15.17 15.13 15.16 15.16 15.13 15.15 15.14 15.15 15.14 15.24 15.25 15.19 15.18 15.19 15.14 15.12 15.15 15.14 15.12 15.14 15.18 15.13 15.16 15.13 15.12 15.12 15.07 15.11 15.11 15.12 15.12 15.13 15.11 15.14 15.13 15.14 15.12 15.14 15.12 15.12 15.14 15.13 15.15 15.14 15.13 15.13 15.06 15.10 15.13 15.15 15.14 15.14 15.12 15.13 15.14 15.14 15.15 15.13 15.12 15.10 15.09 15.10 15.12 15.12 15.11 15.13 15.12 15.09 15.07 15.10 15.09 15.13 15.13 15.12 15.11
15.11 15.12 15.11 15.16 15.15 15.10 15.12 15.11 15.11 15.11 15.10 15.22 15.24 15.22 15.09 15.12 15.13 15.16 15.17 15.14 15.08 15.13 15.15 15.16 15.11 15.13 15.16 15.13 15.07 15.09 15.10 15.09 15.08 15.11 15.12 15.11 15.11 15.11 15.10 15.11 15.13 15.12 15.12 15.11 15.12 15.14 15.15 15.14 15.11 15.12 15.13 15.12 15.12 15.12 15.11 15.08 15.07 15.06 15.11 15.10 15.10 15.09 15.09 15.09 15.08 15.09 15.09 15.10 15.09 15.10 15.08 15.06 15.06 15.10 15.11 15.11 15.10
15.14 15.09 15.09 15.13 15.17 15.13 15.15 15.14 15.14 15.16 15.16 15.11 15.16 15.14 15.13 15.14 15.10 15.16 15.09 15.13 15.10 15.09 15.03 15.06 15.08 15.08 15.09 15.11 15.09 15.07 15.07 15.07 15.07 15.08 15.07 15.09 15.08 15.08 15.09 15.10 15.10 15.08 15.10 15.08 15.09 15.09 15.11 15.10 15.11 15.08 15.07 15.09 15.09 15.10 15.10 15.09 15.06 15.05 15.07 15.07 15.06 15.04 15.05 15.06 15.06 15.06 15.07 15.06 15.07 15.07 15.07 15.02 15.03 15.05 15.08 15.06 15.07
15.08 15.08 15.09 15.06 15.07 15.06 15.06 15.08 15.11 15.09 15.11 15.11 15.09 15.13 15.14 15.14 15.14 15.13 15.08 15.06 15.05 15.05 15.05 15.04 15.04 15.06 15.01 15.01 15.06 15.05 15.05 15.05 15.05 15.07 15.10 15.09 15.08 15.08 15.05 15.05 15.07 15.06 15.05 15.08 15.07 15.07 15.09 15.09 15.09 15.07 15.07 15.07 15.08 15.08 15.06 15.05 15.04 15.03 15.05 15.05 15.05 15.05 15.04 15.03 15.03 15.03 15.04 15.04 15.05 15.05 15.05 15.02 15.02 15.04 15.05 15.08 15.07
15.04 15.04 15.07 15.11 15.06 15.06 15.04 15.11 15.13 15.14 15.11 15.08 15.08 15.08 15.03 15.07 15.06 15.05 15.03 15.05 15.05 15.04 15.04 15.05 15.04 15.03 14.99 15.00 15.04 15.04 15.03 15.03 15.04 15.02 15.03 15.04 15.05 15.04 15.04 15.02 15.04 15.06 15.04 15.03 15.05 15.05 15.05 15.07 15.07 15.07 15.06 15.06 15.05 15.07 15.05 15.02 15.01 15.02 15.01 15.01 15.03 15.03 15.00 15.02 15.02 15.02 15.03 15.03 15.02 15.04 15.03 15.03 15.01 15.02 15.04 15.04 15.05
15.04 15.06 15.02 15.07 15.05 15.05 15.02 15.06 15.00 15.03 15.05 15.01 15.03 15.00 15.01 14.97 14.98 15.02 15.02 15.02 15.02 15.01 15.00 15.00 15.01 15.00 15.00 14.99 15.00 15.00 15.00 14.99 15.00 15.00 15.00 15.02 14.99 15.00 15.01 15.02 15.01 15.01 15.02 15.02 15.03 15.02 15.01 15.01 15.02 15.01 15.01 15.04 15.02 15.02 15.01 15.01 15.00 15.00 15.00 14.99 14.99 14.96 14.98 14.99 14.99 15.00 14.99 15.00 15.00 15.02 15.02 15.01 15.00 14.98 14.99 15.00 15.01
14.98 14.98 14.96 14.98 14.98 15.01 15.01 15.03 15.00 14.99 14.99 15.04 15.01 14.98 14.97 14.99 14.99 15.01 15.00 15.00 15.01 14.99 14.98 14.99 14.99 14.99 14.98 14.97 14.98 14.98 14.99 14.98 14.98 14.99 15.00 14.98 14.99 14.96 14.97 14.97 14.98 14.99 14.99 14.98 14.97 14.98 14.98 14.98 15.00 15.02 15.01 15.00 15.00 14.99 14.99 15.02 15.01 15.01 15.00 15.00 14.98 14.97 14.96 14.97 14.97 14.98 14.97 14.98 14.99 14.99 14.99 15.00 15.01 14.98 14.96 14.96 14.96
14.96 14.98 14.97 14.96 14.98 15.02 14.99 14.99 15.01 14.98 14.98 14.95 14.96 14.94 14.99 14.98 14.98 14.97 14.96 14.97 14.96 14.99 14.98 14.97 14.97 14.97 14.97 14.96 14.96 14.95 14.96 14.96 14.96 14.96 14.95 14.95 14.95 14.95 14.96 14.95 14.95 14.97 14.96 14.96 14.99 14.98 14.97 14.98 14.96 14.97 14.98 14.98 14.96 14.96 14.96 14.97 15.00 15.00 14.97 14.97 14.97 14.96 14.96 14.97 14.97 14.96 14.96 14.96 14.97 14.96 14.96 14.96 14.98 14.97 14.94 14.92 14.93
14.93 14.95 14.96 14.93 14.95 14.95 14.95 14.95 14.93 14.94 14.97 14.94 14.94 14.95 14.94 14.94 14.98 14.99 14.96 14.95 14.95 14.94 14.96 14.94 14.95 14.96 14.94 14.93 14.94 14.93 14.93 14.93 14.92 14.92 14.93 14.93 14.93 14.93 14.93 14.92 14.93 14.92 14.96 14.95 14.94 14.95 14.98 14.96 14.95 14.97 14.98 14.98 14.96 14.96 14.94 14.95 14.96 14.97 14.95 14.95 14.94 14.94 14.95 14.94 14.96 14.96 14.95 14.96 14.95 14.94 14.93 14.93 14.93 14.93 14.95 14.92 14.92
14.89 14.89 14.88 14.91 14.91 14.91 14.91 14.92 14.91 14.90 14.90 14.90 14.90 14.92 14.90 14.94 14.94 14.96 14.95 14.91 14.92 14.92 14.98 14.92 14.91 14.91 14.92 14.91 14.91 14.90 14.89 14.90 14.91 14.90 14.89 14.90 14.91 14.91 14.90 14.91 14.90 14.92 14.91 14.93 14.96 14.93 14.94 14.97 14.95 14.94 14.94 14.95 14.95 14.94 14.93 14.91 14.93 14.95 14.94 14.92 14.91 14.90 14.90 14.91 14.94 14.93 14.93 14.94 14.94 14.92 14.91 14.91 14.90 14.90 14.90 14.91 14.90
14.90 14.89 14.88 14.88 14.88 14.88 14.91 14.90 14.90 14.91 14.90 14.90 14.91 14.89 14.92 14.90 14.92 14.91 14.93 14.92 14.91 14.89 14.87 14.89 14.88 14.89 14.91 14.91 14.90 14.88 14.88 14.89 14.89 14.88 14.87 14.87 14.89 14.88 14.88 14.88 14.86 14.88 14.89 14.90 14.91 14.91 14.90 14.91 14.93 14.94 14.94 14.92 14.93 14.92 14.90 14.89 14.89 14.89 14.90 14.91 14.89 14.88 14.88 14.88 14.88 14.88 14.88 14.90 14.89 14.89 14.89 14.89 14.89 14.89 14.89 14.88 14.90
14.89 14.85 14.85 14.86 14.87 14.87 14.89 14.86 14.88 14.87 14.86 14.88 14.88 14.89 14.88 14.88 14.91 14.89 14.91 14.90 14.89 14.89 14.87 14.85 14.87 14.89 14.91 14.90 14.89 14.89 14.86 14.84 14.86 14.86 14.86 14.86 14.87 14.86 14.86 14.86 14.84 14.84 14.86 14.86 14.88 14.89 14.90 14.91 14.91 14.89 14.90 14.91 14.89 14.92 14.89 14.88 14.87 14.87 14.86 14.88 14.87 14.86 14.84 14.86 14.86 14.88 14.87 14.87 14.88 14.87 14.88 14.89 14.88 14.87 14.86 14.88 14.87
14.84 14.83 14.85 14.85 14.87 14.86 14.86 14.86 14.85 14.84 14.86 14.86 14.86 14.86 14.85 14.83 14.89 14.91 14.92 14.88 14.88 14.87 14.87 14.88 14.87 14.88 14.88 14.90 14.86 14.87 14.85 14.84 14.83 14.84 14.84 14.84 14.84 14.84 14.84 14.85 14.85 14.85 14.85 14.83 14.86 14.87 14.85 14.84 14.86 14.86 14.85 14.87 14.88 14.86 14.85 14.85 14.86 14.85 14.85 14.84 14.84 14.84 14.84 14.84 14.85 14.86 14.85 14.84 14.85 14.85 14.85 14.86 14.86 14.87 14.85 14.85 14.83
14.84 14.83 14.84 14.83 14.83 14.84 14.84 14.83 14.85 14.85 14.84 14.83 14.84 14.83 14.85 14.85 14.82 14.85 14.85 14.86 14.86 14.84 14.84 14.85 14.82 14.83 14.83 14.84 14.85 14.88 14.87 14.83 14.83 14.82 14.83 14.83 14.82 14.85 14.83 14.82 14.83 14.84 14.81 14.84 14.83 14.83 14.82 14.82 14.83 14.84 14.84 14.83 14.87 14.87 14.85 14.83 14.85 14.87 14.84 14.82 14.83 14.83 14.82 14.83 14.83 14.85 14.85 14.83 14.82 14.83 14.84 14.84 14.84 14.84 14.84 14.84 14.83
14.80 14.80 14.78 14.78 14.80 14.81 14.80 14.81 14.81 14.81 14.83 14.81 14.80 14.82 14.82 14.81 14.81 14.82 14.82 14.83 14.81 14.82 14.81 14.82 14.81 14.83 14.82 14.83 14.81 14.83 14.83 14.81 14.81 14.80 14.80 14.80 14.81 14.80 14.79 14.79 14.79 14.80 14.79 14.76 14.82 14.80 14.80 14.81 14.81 14.81 14.84 14.81 14.80 14.81 14.81 14.82 14.81 14.80 14.82 14.80 14.80 14.78 14.79 14.77 14.80 14.78 14.82 14.82 14.82 14.82 14.82 14.82 14.82 14.82 14.82 14.82 14.82
14.82 14.78 14.79 14.78 14.78 14.77 14.79 14.79 14.80 14.80 14.79 14.79 14.80 14.79 14.79 14.80 14.79 14.79 14.81 14.80 14.80 14.79 14.79 14.79 14.81 14.81 14.82 14.79 14.79 14.81 14.81 14.79 14.77 14.78 14.78 14.77 14.76 14.77 14.77 14.77 14.77 14.78 14.78 14.78 14.78 14.79 14.78 14.80 14.80 14.79 14.79 14.81 14.80 14.78 14.78 14.77 14.77 14.78 14.78 14.77 14.77 14.77 14.77 14.76 14.76 14.77 14.78 14.78 14.79 14.81 14.79 14.81 14.79 14.82 14.80 14.81 14.81
14.86 14.82 14.74 14.75 14.76 14.74 14.74 14.75 14.75 14.76 14.76 14.77 14.75 14.77 14.78 14.77 14.76 14.78 14.78 14.78 14.78 14.77 14.76 14.79 14.81 14.78 14.77 14.78 14.79 14.78 14.77 14.76 14.75 14.77 14.76 14.75 14.75 14.75 14.75 14.74 14.75 14.75 14.75 14.76 14.74 14.76 14.76 14.75 14.75 14.76 14.76 14.76 14.75 14.77 14.76 14.77 14.77 14.77 14.76 14.76 14.75 14.77 14.76 14.76 14.74 14.76 14.76 14.77 14.77 14.78 14.77 14.78 14.77 14.76 14.77 14.77 14.78
14.76 14.80 14.78 14.74 14.74 14.74 14.73 14.74 14.73 14.75 14.74 14.75 14.74 14.73 14.73 14.75 14.76 14.76 14.77 14.76 14.76 14.75 14.73 14.72 14.74 14.76 14.75 14.75 14.75 14.76 14.78 14.75 14.74 14.75 14.75 14.74 14.74 14.75 14.75 14.73 14.75 14.73 14.74 14.75 14.74 14.73 14.74 14.74 14.74 14.74 14.74 14.74 14.75 14.74 14.74 14.75 14.73 14.74 14.77 14.76 14.75 14.74 14.75 14.74 14.75 14.74 14.74 14.75 14.74 14.75 14.75 14.76 14.75 14.74 14.74 14.73 14.75
14.76 14.77 14.75 14.73 14.71 14.71 14.71 14.72 14.71 14.73 14.72 14.72 14.72 14.71 14.71 14.71 14.72 14.72 14.73 14.74 14.74 14.74 14.74 14.72 14.72 14.74 14.73 14.74 14.74 14.74 14.74 14.74 14.73 14.73 14.71 14.70 14.71 14.72 14.70 14.70 14.70 14.70 14.71 14.72 14.73 14.73 14.72 14.72 14.74 14.73 14.74 14.73 14.73 14.74 14.76 14.73 14.74 14.73 14.71 14.71 14.71 14.72 14.70 14.70 14.69 14.70 14.71 14.72 14.71 14.72 14.73 14.72 14.71 14.72 14.72 14.72 14.71
14.74 14.72 14.71 14.75 14.75 14.70 14.69 14.71 14.71 14.69 14.67 14.69 14.70 14.71 14.70 14.70 14.71 14.71 14.71 14.72 14.72 14.72 14.72 14.70 14.70 14.70 14.69 14.69 14.69 14.70 14.71 14.71 14.72 14.71 14.70 14.71 14.71 14.71 14.70 14.68 14.69 14.69 14.68 14.69 14.70 14.71 14.71 14.70 14.70 14.69 14.71 14.70 14.70 14.76 14.76 14.70 14.71 14.71 14.70 14.68 14.69 14.71 14.70 14.69 14.67 14.69 14.69 14.72 14.71 14.72 14.70 14.70 14.71 14.72 14.72 14.70 14.70
14.73 14.72 14.72 14.72 14.72 14.72 14.67 14.67 14.67 14.68 14.68 14.68 14.68 14.69 14.69 14.68 14.69 14.68 14.69 14.69 14.70 14.70 14.71 14.70 14.68 14.70 14.72 14.69 14.67 14.67 14.66 14.61 14.70 14.70 14.68 14.67 14.67 14.69 14.70 14.69 14.69 14.69 14.66 14.67 14.68 14.68 14.68 14.69 14.69 14.68 14.67 14.68 14.68 14.68 14.69 14.69 14.68 14.68 14.69 14.69 14.66 14.67 14.68 14.68 14.68 14.67 14.66 14.68 14.69 14.69 14.71 14.69 14.69 14.68 14.67 14.69 14.68
14.69 14.72 14.72 14.72 14.70 14.70 14.70 14.68 14.68 14.68 14.69 14.67 14.67 14.66 14.66 14.66 14.66 14.66 14.66 14.66 14.66 14.66 14.66 14.66 14.66 14.66 14.66 14.66 14.67 14.67 14.68 14.57 14.68 14.68 14.69 14.67 14.66 14.66 14.66 14.68 14.65 14.65 14.64 14.66 14.65 14.65 14.67 14.67 14.66 14.67 14.66 14.67 14.67 14.68 14.68 14.70 14.69 14.69 14.67 14.65 14.64 14.65 14.67 14.66 14.64 14.66 14.64 14.66 14.66 14.66 14.68 14.68 14.68 14.68 14.66 14.65 14.66
14.68 14.68 14.68 14.66 14.66 14.66 14.66 14.66 14.65 14.65 14.65 14.66 14.65 14.63 14.62 14.64 14.65 14.64 14.64 14.67 14.65 14.66 14.65 14.64 14.63 14.63 14.65 14.63 14.65 14.63 14.65 14.61 14.64 14.66 14.65 14.64 14.65 14.64 14.62 14.61 14.63 14.64 14.65 14.63 14.64 14.64 14.63 14.63 14.64 14.64 14.64 14.66 14.66 14.66 14.64 14.67 14.65 14.68 14.63 14.61 14.60 14.63 14.63 14.63 14.62 14.63 14.61 14.63 14.65 14.64 14.65 14.65 14.65 14.64 14.65 14.66 14.65
14.67 14.68 14.70 14.68 14.63 14.65 14.63 14.61 14.62 14.62 14.63 14.63 14.63 14.63 14.63 14.62 14.62 14.61 14.64 14.63 14.63 14.64 14.64 14.63 14.62 14.63 14.62 14.63 14.61 14.60 14.63 14.62 14.54 14.62 14.63 14.63 14.62 14.63 14.64 14.63 14.63 14.62 14.61 14.62 14.59 14.61 14.63 14.61 14.62 14.62 14.62 14.63 14.64 14.64 14.63 14.62 14.62 14.69 14.67 14.63 14.61 14.60 14.61 14.62 14.61 14.60 14.61 14.58 14.59 14.62 14.62 14.62 14.63 14.65 14.65 14.63 14.63
14.58 14.58 14.57 14.63 14.61 14.60 14.61 14.63 14.62 14.60 14.60 14.60 14.62 14.61 14.61 14.61 14.61 14.60 14.60 14.62 14.62 14.61 14.62 14.62 14.61 14.60 14.60 14.59 14.61 14.60 14.60 14.46 14.56 14.61 14.60 14.61 14.59 14.61 14.59 14.60 14.62 14.62 14.61 14.59 14.59 14.59 14.59 14.59 14.59 14.59 14.60 14.61 14.62 14.65 14.65 14.62 14.61 14.60 14.59 14.58 14.57 14.58 14.60 14.59 14.60 14.60 14.59 14.59 14.57 14.60 14.61 14.60 14.60 14.62 14.63 14.65 14.63
14.58 14.58 14.57 14.57 14.58 14.59 14.60 14.59 14.61 14.61 14.58 14.58 14.59 14.63 14.61 14.60 14.58 14.53 14.56 14.54 14.58 14.57 14.57 14.58 14.59 14.58 14.58 14.54 14.52 14.58 14.57 14.53 14.58 14.58 14.59 14.59 14.58 14.57 14.59 14.59 14.58 14.59 14.58 14.59 14.58 14.57 14.56 14.56 14.57 14.57 14.57 14.57 14.57 14.58 14.58 14.58 14.60 14.58 14.59 14.58 14.56 14.55 14.56 14.56 14.55 14.56 14.55 14.56 14.55 14.55 14.57 14.58 14.59 14.58 14.59 14.59 14.61
