Files/BOM data/2019071320190713.grid
ncols 839
nrows 679
xllcenter 112.0500
yllcenter -43.9500
cellsize 0.0500
nodata_value 99999.90
[rows 578 to 611 of 679, columns 616 to 692 of 839]
8.00 8.00 7.16 7.16 6.97 6.97 6.97 6.97 6.97 7.54 7.81 6.87 6.87 6.87 7.55 8.15 8.15 8.15 8.15 7.06 6.70 6.70 7.25 7.25 7.25 7.25 7.25 6.70 6.70 7.93 7.94 7.94 7.94 7.94 4.56 4.56 4.56 4.56 4.56 4.56 4.56 4.56 4.91 6.68 6.68 6.68 6.68 6.68 6.57 5.09 5.09 5.09 5.09 5.09 5.09 5.09 4.21 4.21 4.21 4.21 4.78 4.78 4.78 4.78 4.78 4.01 4.01 2.41 2.41 1.78 2.44 1.75 3.16 3.16 3.16 3.16 3.16
8.00 8.00 7.16 6.97 6.97 6.97 6.97 6.97 6.97 7.54 7.81 6.87 6.87 6.87 7.55 8.15 8.15 8.15 8.15 8.15 6.70 6.70 6.70 7.25 7.25 7.25 7.25 7.25 6.70 6.70 7.93 7.93 7.33 7.33 99999.90 99999.90 99999.90 6.68 6.68 6.68 6.68 6.68 6.68 6.68 6.68 6.68 6.68 6.68 5.09 5.09 5.09 5.09 5.09 5.09 5.09 5.09 4.21 4.21 4.21 4.78 4.78 4.78 4.78 4.78 4.78 4.01 2.41 0.97 0.97 0.97 1.80 2.94 2.94 4.14 4.14 4.14 4.14
8.00 7.16 6.97 6.97 6.97 6.97 6.97 6.97 6.97 7.54 6.87 6.87 6.87 6.87 7.55 8.15 8.15 8.15 8.15 8.15 8.15 6.70 6.70 7.25 7.25 7.25 7.25 7.25 7.25 6.70 6.70 7.93 7.93 99999.90 99999.90 99999.90 99999.90 99999.90 99999.90 99999.90 99999.90 99999.90 99999.90 5.75 5.75 5.91 5.91 5.09 5.09 5.09 5.09 5.09 5.09 5.09 5.09 4.21 4.21 4.21 4.78 4.78 4.78 4.78 4.78 4.78 4.78 0.97 0.97 0.97 0.97 0.97 1.92 2.55 4.14 4.14 4.14 4.14 4.14
8.00 7.16 6.97 6.97 6.97 6.97 6.97 6.97 6.97 7.54 6.87 6.87 6.87 6.87 7.55 8.15 8.15 8.15 8.15 8.15 8.15 8.15 6.70 6.70 7.25 7.25 7.25 7.25 7.25 7.25 6.70 6.70 99999.90 99999.90 99999.90 99999.90 99999.90 99999.90 99999.90 99999.90 99999.90 99999.90 99999.90 99999.90 5.91 5.91 5.09 5.09 5.09 5.09 5.09 5.09 5.09 5.09 5.09 4.21 4.21 4.78 4.78 4.78 4.78 4.78 4.78 4.78 4.78 0.97 0.97 0.97 2.71 2.71 2.71 2.95 4.14 4.14 4.14 4.14 4.14
7.16 6.97 6.97 6.97 6.97 6.97 6.97 6.97 6.97 7.54 6.87 6.87 6.87 6.87 7.55 8.15 8.15 8.15 8.15 8.15 8.15 8.15 6.70 4.49 5.75 5.75 5.75 5.75 5.75 5.75 5.75 5.75 5.75 5.75 5.75 99999.90 99999.90 99999.90 99999.90 99999.90 99999.90 99999.90 99999.90 99999.90 99999.90 5.09 5.09 5.09 5.09 5.09 5.09 5.09 5.09 5.09 4.21 4.21 4.78 4.78 4.78 4.78 4.78 4.78 4.78 4.78 0.97 0.97 2.71 2.71 2.71 2.71 2.71 2.95 2.95 4.14 4.14 4.14 4.14
6.97 6.97 6.97 6.97 6.97 6.97 6.97 6.97 6.97 6.87 6.87 6.87 6.87 6.87 7.55 8.15 8.15 8.15 8.15 8.15 8.15 4.49 4.49 4.49 5.75 5.75 5.75 5.75 5.75 5.75 5.75 5.75 5.75 5.75 5.75 99999.90 99999.90 99999.90 99999.90 99999.90 99999.90 99999.90 99999.90 99999.90 99999.90 99999.90 99999.90 99999.90 99999.90 99999.90 3.29 4.21 4.21 4.21 4.21 4.78 4.78 4.78 4.78 4.78 4.78 4.78 4.78 4.78 2.71 2.71 2.71 2.71 2.71 2.71 2.71 2.95 2.95 2.95 4.14 4.14 4.14
6.97 6.97 6.97 6.97 6.97 6.97 6.97 6.97 6.97 6.87 6.87 6.87 6.87 6.87 7.55 8.15 8.15 8.15 4.49 4.49 4.49 4.49 4.49 4.49 5.75 5.75 5.75 5.75 5.75 5.75 5.75 5.75 5.75 5.75 5.75 99999.90 99999.90 99999.90 99999.90 99999.90 99999.90 99999.90 99999.90 99999.90 99999.90 99999.90 99999.90 99999.90 99999.90 99999.90 99999.90 4.21 4.21 4.21 4.78 4.78 4.78 4.78 4.78 4.78 4.78 4.78 4.78 2.71 2.71 2.71 2.71 2.71 2.71 2.71 2.71 2.95 2.95 2.95 2.95 4.14 4.14
99999.90 99999.90 99999.90 6.87 6.87 6.87 6.87 6.87 6.87 6.87 6.87 6.87 6.87 6.87 7.55 8.15 4.49 4.49 4.49 4.49 4.49 4.49 4.49 4.49 5.75 5.75 5.75 5.75 5.75 5.75 5.75 5.75 5.75 5.75 5.75 99999.90 99999.90 99999.90 99999.90 99999.90 99999.90 99999.90 99999.90 99999.90 99999.90 99999.90 99999.90 99999.90 99999.90 99999.90 99999.90 4.21 4.21 4.78 4.78 4.78 4.78 4.78 4.78 4.78 4.78 4.78 2.71 2.71 2.71 2.71 2.71 2.71 2.71 2.71 2.71 2.95 2.95 2.95 2.95 2.95 4.14
99999.90 99999.90 99999.90 99999.90 99999.90 99999.90 99999.90 99999.90 99999.90 99999.90 99999.90 4.16 4.16 4.16 4.29 4.29 4.49 4.49 4.49 4.49 4.49 4.49 4.49 4.49 5.75 5.75 5.75 5.75 5.75 5.75 5.75 5.75 5.75 5.75 5.75 99999.90 99999.90 99999.90 99999.90 99999.90 99999.90 99999.90 99999.90 99999.90 99999.90 99999.90 99999.90 99999.90 99999.90 99999.90 99999.90 99999.90 4.78 4.78 4.78 4.78 4.78 4.78 4.78 4.78 4.78 4.78 2.71 2.71 2.71 2.71 2.71 2.71 2.71 2.71 2.71 2.95 2.95 2.95 2.95 2.95 2.95
99999.90 99999.90 99999.90 99999.90 99999.90 99999.90 99999.90 99999.90 99999.90 99999.90 6.73 4.16 4.16 4.16 4.16 4.29 4.29 4.49 4.49 4.49 4.49 4.49 4.49 4.49 5.75 5.75 5.75 5.75 5.75 5.75 5.75 5.75 5.75 5.75 5.75 99999.90 99999.90 99999.90 99999.90 99999.90 99999.90 99999.90 99999.90 99999.90 99999.90 99999.90 99999.90 99999.90 99999.90 99999.90 99999.90 99999.90 99999.90 99999.90 99999.90 99999.90 99999.90 99999.90 2.41 0.97 2.71 2.71 2.71 2.71 2.71 2.71 2.71 2.71 2.71 2.71 2.71 2.95 2.95 2.95 2.95 2.95 2.95
99999.90 99999.90 99999.90 99999.90 99999.90 99999.90 99999.90 99999.90 99999.90 99999.90 6.73 4.16 4.16 4.16 4.16 4.16 4.29 4.29 4.49 4.49 4.49 4.49 4.49 4.49 5.75 5.75 5.75 5.75 5.75 5.75 5.75 5.75 5.75 5.75 5.75 8.12 99999.90 99999.90 99999.90 99999.90 99999.90 99999.90 99999.90 99999.90 99999.90 99999.90 99999.90 99999.90 99999.90 99999.90 99999.90 99999.90 99999.90 99999.90 99999.90 99999.90 99999.90 99999.90 99999.90 0.97 2.71 2.71 2.71 2.71 2.71 2.71 2.71 2.71 2.71 2.71 2.71 2.95 2.95 2.95 2.95 2.95 2.95
99999.90 99999.90 99999.90 99999.90 99999.90 99999.90 99999.90 99999.90 99999.90 99999.90 6.73 4.16 4.16 4.16 4.16 4.16 4.16 4.29 4.29 4.49 4.49 4.49 4.49 4.49 5.75 5.75 5.75 5.75 5.75 5.75 5.75 5.75 5.75 5.75 5.75 8.12 99999.90 99999.90 99999.90 99999.90 99999.90 99999.90 99999.90 99999.90 99999.90 99999.90 99999.90 99999.90 99999.90 99999.90 99999.90 99999.90 99999.90 99999.90 99999.90 99999.90 99999.90 99999.90 99999.90 0.97 2.71 2.71 2.71 2.71 2.71 2.71 2.71 2.71 2.71 2.71 2.71 2.95 2.95 2.95 2.95 2.95 2.95
99999.90 99999.90 99999.90 99999.90 99999.90 99999.90 99999.90 99999.90 99999.90 99999.90 6.73 4.16 4.16 4.16 4.16 4.16 4.16 4.16 4.29 4.29 4.49 4.49 4.49 4.49 5.75 5.75 5.75 5.75 5.75 5.75 5.75 5.75 5.75 5.75 5.75 8.12 99999.90 99999.90 99999.90 99999.90 99999.90 99999.90 99999.90 99999.90 99999.90 99999.90 99999.90 99999.90 99999.90 99999.90 99999.90 99999.90 99999.90 99999.90 99999.90 99999.90 99999.90 99999.90 99999.90 99999.90 2.71 2.71 2.71 2.71 2.71 2.71 2.71 2.71 2.71 2.71 2.71 2.95 2.95 2.95 2.95 2.95 2.95
99999.90 99999.90 99999.90 99999.90 99999.90 99999.90 99999.90 99999.90 99999.90 99999.90 6.73 4.16 4.16 4.16 4.16 4.16 4.16 4.16 4.16 4.29 4.29 4.49 4.49 4.49 5.75 5.75 5.75 5.75 5.75 5.75 5.75 5.75 5.75 5.75 5.75 8.12 99999.90 99999.90 99999.90 99999.90 99999.90 99999.90 99999.90 99999.90 99999.90 99999.90 99999.90 99999.90 99999.90 99999.90 99999.90 99999.90 99999.90 99999.90 99999.90 99999.90 99999.90 99999.90 99999.90 99999.90 2.71 2.71 2.71 2.71 2.71 2.71 2.71 2.71 2.71 2.71 2.71 2.95 2.95 2.95 2.95 2.95 2.95
99999.90 99999.90 99999.90 99999.90 99999.90 99999.90 99999.90 99999.90 99999.90 99999.90 6.73 4.16 4.16 4.16 4.16 4.16 4.16 4.16 4.16 4.16 4.29 4.29 4.49 4.49 5.75 5.75 5.75 5.75 5.75 5.75 5.75 5.75 5.75 5.75 5.75 8.12 99999.90 99999.90 99999.90 99999.90 99999.90 99999.90 99999.90 99999.90 99999.90 99999.90 99999.90 99999.90 99999.90 99999.90 99999.90 99999.90 99999.90 99999.90 99999.90 99999.90 99999.90 99999.90 99999.90 99999.90 99999.90 99999.90 99999.90 99999.90 99999.90 99999.90 99999.90 99999.90 99999.90 99999.90 99999.90 99999.90 99999.90 99999.90 99999.90 99999.90 99999.90
99999.90 99999.90 99999.90 99999.90 99999.90 99999.90 99999.90 99999.90 99999.90 99999.90 6.73 6.73 6.73 4.16 4.16 4.16 4.16 4.16 4.16 4.16 4.16 4.29 4.29 4.24 4.32 4.32 4.32 4.32 4.32 4.32 4.32 4.32 4.32 4.32 4.32 8.12 99999.90 99999.90 99999.90 99999.90 99999.90 99999.90 99999.90 99999.90 99999.90 99999.90 99999.90 99999.90 99999.90 99999.90 99999.90 99999.90 99999.90 99999.90 99999.90 99999.90 99999.90 99999.90 99999.90 99999.90 99999.90 99999.90 99999.90 99999.90 99999.90 99999.90 99999.90 99999.90 99999.90 99999.90 99999.90 99999.90 99999.90 99999.90 99999.90 99999.90 99999.90
99999.90 99999.90 99999.90 99999.90 99999.90 99999.90 99999.90 99999.90 99999.90 99999.90 6.73 6.73 6.73 6.73 6.73 6.73 4.16 4.16 4.16 4.16 4.16 4.16 3.05 4.29 5.47 5.47 5.47 5.47 5.47 5.47 5.47 5.47 5.47 8.12 8.12 8.12 99999.90 99999.90 99999.90 99999.90 99999.90 99999.90 99999.90 99999.90 99999.90 99999.90 99999.90 99999.90 99999.90 99999.90 99999.90 99999.90 99999.90 99999.90 99999.90 99999.90 99999.90 99999.90 99999.90 99999.90 99999.90 99999.90 99999.90 99999.90 99999.90 99999.90 99999.90 99999.90 99999.90 99999.90 99999.90 99999.90 99999.90 99999.90 99999.90 99999.90 99999.90
99999.90 99999.90 99999.90 99999.90 99999.90 99999.90 99999.90 99999.90 99999.90 99999.90 6.73 6.73 6.73 6.73 6.73 6.73 6.73 6.73 6.73 4.34 4.34 4.34 4.24 4.99 6.33 6.33 6.33 6.33 6.33 6.33 8.12 8.12 8.12 8.12 8.12 8.12 99999.90 99999.90 99999.90 99999.90 99999.90 99999.90 99999.90 99999.90 99999.90 99999.90 99999.90 99999.90 99999.90 99999.90 99999.90 99999.90 99999.90 99999.90 99999.90 99999.90 99999.90 99999.90 99999.90 99999.90 99999.90 99999.90 99999.90 99999.90 99999.90 99999.90 99999.90 99999.90 99999.90 99999.90 99999.90 99999.90 99999.90 99999.90 99999.90 99999.90 99999.90
99999.90 99999.90 99999.90 99999.90 99999.90 99999.90 99999.90 99999.90 99999.90 99999.90 6.73 6.73 6.73 6.73 6.73 6.73 6.73 6.73 6.73 6.73 6.52 6.52 6.46 6.23 6.80 6.80 6.80 8.12 8.12 8.12 8.12 8.12 8.12 8.12 8.12 8.12 99999.90 99999.90 99999.90 99999.90 99999.90 99999.90 99999.90 99999.90 99999.90 99999.90 99999.90 99999.90 99999.90 99999.90 99999.90 99999.90 99999.90 99999.90 99999.90 99999.90 99999.90 99999.90 99999.90 99999.90 99999.90 99999.90 99999.90 99999.90 99999.90 99999.90 99999.90 99999.90 99999.90 99999.90 99999.90 99999.90 99999.90 99999.90 99999.90 99999.90 99999.90
99999.90 99999.90 99999.90 99999.90 99999.90 99999.90 99999.90 99999.90 99999.90 99999.90 6.73 6.73 6.73 6.73 6.73 6.73 6.73 6.73 6.73 6.73 6.73 7.35 7.10 6.49 6.80 6.80 8.12 8.12 8.12 8.12 8.12 8.12 8.12 8.12 8.12 8.12 99999.90 99999.90 99999.90 99999.90 99999.90 99999.90 99999.90 99999.90 99999.90 99999.90 99999.90 99999.90 99999.90 99999.90 99999.90 99999.90 99999.90 99999.90 99999.90 99999.90 99999.90 99999.90 99999.90 99999.90 99999.90 99999.90 99999.90 99999.90 99999.90 99999.90 99999.90 99999.90 99999.90 99999.90 99999.90 99999.90 99999.90 99999.90 99999.90 99999.90 99999.90
99999.90 99999.90 99999.90 99999.90 99999.90 99999.90 99999.90 99999.90 99999.90 99999.90 6.73 6.73 6.73 6.73 6.73 6.73 6.73 6.73 6.73 6.73 6.73 6.88 6.54 6.66 7.46 8.12 8.12 8.12 8.12 8.12 8.12 8.12 8.12 8.12 8.12 8.12 5.86 5.86 5.86 5.86 5.86 5.86 5.86 5.86 5.86 5.86 5.86 5.86 5.86 5.86 5.86 5.86 99999.90 99999.90 99999.90 99999.90 99999.90 99999.90 99999.90 99999.90 99999.90 99999.90 99999.90 99999.90 99999.90 99999.90 99999.90 99999.90 99999.90 99999.90 99999.90 99999.90 99999.90 99999.90 99999.90 99999.90 99999.90
99999.90 99999.90 99999.90 99999.90 99999.90 99999.90 99999.90 99999.90 99999.90 99999.90 6.73 6.73 6.73 6.73 6.73 6.73 6.73 6.73 6.73 6.11 6.11 6.11 7.46 6.81 7.01 7.11 7.11 7.11 7.11 7.11 7.11 7.11 7.11 7.11 7.11 7.11 6.53 5.86 5.86 5.86 5.86 5.86 5.86 5.86 5.86 5.86 5.86 5.86 5.86 5.86 5.86 5.86 99999.90 99999.90 99999.90 99999.90 99999.90 99999.90 99999.90 99999.90 99999.90 99999.90 99999.90 99999.90 99999.90 99999.90 99999.90 99999.90 99999.90 99999.90 99999.90 99999.90 99999.90 99999.90 99999.90 99999.90 99999.90
99999.90 99999.90 99999.90 99999.90 99999.90 99999.90 99999.90 99999.90 99999.90 99999.90 6.73 6.73 6.73 6.73 6.73 6.73 6.73 7.57 7.57 7.57 7.57 7.57 8.41 7.26 7.01 7.11 7.11 7.11 7.11 7.11 7.11 7.11 7.11 7.11 7.11 6.53 6.53 5.86 5.86 5.86 5.86 5.86 5.86 5.86 5.86 5.86 5.86 5.86 5.86 5.86 5.86 5.86 99999.90 99999.90 99999.90 99999.90 99999.90 99999.90 99999.90 99999.90 99999.90 99999.90 99999.90 99999.90 99999.90 99999.90 99999.90 99999.90 99999.90 99999.90 99999.90 99999.90 99999.90 99999.90 99999.90 99999.90 99999.90
99999.90 99999.90 99999.90 99999.90 99999.90 99999.90 99999.90 99999.90 99999.90 99999.90 6.73 6.73 6.73 7.16 7.16 7.16 7.16 7.16 7.16 7.16 7.16 7.16 7.71 7.26 7.26 7.11 7.11 7.11 7.11 7.11 7.11 7.11 7.11 7.11 6.53 6.53 6.53 5.86 5.86 5.86 5.86 5.86 5.86 5.86 5.86 5.86 5.86 5.86 5.86 5.86 5.86 5.86 99999.90 99999.90 99999.90 99999.90 99999.90 99999.90 99999.90 99999.90 99999.90 99999.90 99999.90 99999.90 99999.90 99999.90 99999.90 99999.90 99999.90 99999.90 99999.90 99999.90 99999.90 99999.90 99999.90 99999.90 99999.90
99999.90 99999.90 99999.90 99999.90 99999.90 99999.90 99999.90 99999.90 99999.90 99999.90 6.73 7.16 7.16 7.16 7.16 7.16 7.16 7.16 7.16 7.16 7.16 7.16 7.71 7.71 7.26 7.26 7.11 7.11 7.11 7.11 7.11 7.11 7.11 7.11 6.53 6.53 6.53 6.53 5.86 5.86 5.86 5.86 5.86 5.86 5.86 5.86 5.86 5.86 5.86 5.86 5.86 5.86 99999.90 99999.90 99999.90 99999.90 99999.90 99999.90 99999.90 99999.90 99999.90 99999.90 99999.90 99999.90 99999.90 99999.90 99999.90 99999.90 99999.90 99999.90 99999.90 99999.90 99999.90 99999.90 99999.90 99999.90 99999.90
99999.90 99999.90 99999.90 99999.90 99999.90 99999.90 99999.90 99999.90 99999.90 99999.90 6.73 7.16 7.16 7.16 7.16 7.16 7.16 7.16 7.16 7.16 7.16 7.16 7.71 7.71 7.71 7.26 7.11 7.11 7.11 7.11 7.11 7.11 7.11 6.53 6.53 6.53 6.53 6.53 5.86 5.86 5.86 5.86 5.86 5.86 5.86 5.86 5.86 5.86 5.86 5.86 5.86 5.86 99999.90 99999.90 99999.90 99999.90 99999.90 99999.90 99999.90 99999.90 99999.90 99999.90 99999.90 99999.90 99999.90 99999.90 99999.90 99999.90 99999.90 99999.90 99999.90 99999.90 99999.90 99999.90 99999.90 99999.90 99999.90
99999.90 99999.90 99999.90 99999.90 99999.90 99999.90 99999.90 99999.90 99999.90 99999.90 6.73 7.16 7.16 7.16 7.16 7.16 7.16 7.16 7.16 7.16 7.16 7.16 7.71 7.71 7.71 7.71 7.26 7.11 7.11 7.11 7.11 7.11 6.53 6.53 6.53 6.53 6.53 6.53 5.86 5.86 5.86 5.86 5.86 5.86 5.86 5.86 5.86 5.86 5.86 5.86 5.86 5.86 99999.90 99999.90 99999.90 99999.90 99999.90 99999.90 99999.90 99999.90 99999.90 99999.90 99999.90 99999.90 99999.90 99999.90 99999.90 99999.90 99999.90 99999.90 99999.90 99999.90 99999.90 99999.90 99999.90 99999.90 99999.90
99999.90 99999.90 99999.90 99999.90 99999.90 99999.90 99999.90 99999.90 99999.90 99999.90 6.73 7.16 7.16 7.16 7.16 7.16 7.16 7.16 7.16 7.16 7.16 7.16 7.71 7.71 7.71 7.71 7.71 7.11 7.11 7.11 7.11 6.53 6.53 6.53 6.53 6.53 6.53 6.53 6.53 5.86 5.86 5.86 5.86 5.86 5.86 5.86 5.86 5.86 5.86 5.86 5.86 5.86 5.05 5.05 99999.90 99999.90 99999.90 99999.90 99999.90 99999.90 99999.90 99999.90 99999.90 99999.90 99999.90 99999.90 99999.90 99999.90 99999.90 99999.90 99999.90 99999.90 99999.90 99999.90 99999.90 99999.90 99999.90
99999.90 99999.90 99999.90 99999.90 99999.90 99999.90 99999.90 99999.90 99999.90 99999.90 6.73 7.16 7.16 7.16 7.16 7.16 7.16 7.16 7.16 7.16 7.16 7.16 7.71 7.71 7.71 7.71 7.71 7.71 7.11 7.11 6.53 6.53 6.53 6.53 6.53 6.53 6.53 6.53 6.53 5.86 5.86 5.86 5.86 5.86 5.86 5.86 5.86 5.86 5.86 5.86 5.86 5.86 4.50 4.50 4.50 4.50 4.50 4.50 4.50 4.50 99999.90 99999.90 99999.90 99999.90 99999.90 99999.90 99999.90 99999.90 99999.90 99999.90 99999.90 99999.90 99999.90 99999.90 99999.90 99999.90 99999.90
99999.90 99999.90 99999.90 99999.90 99999.90 99999.90 99999.90 99999.90 99999.90 99999.90 6.73 7.16 7.16 7.16 7.16 7.16 7.16 7.16 7.16 7.16 7.16 7.16 7.71 7.71 7.71 7.71 7.71 7.71 7.71 7.11 6.53 6.53 6.53 6.53 6.53 6.53 6.53 6.53 6.53 5.86 5.86 5.86 5.86 5.86 5.86 5.86 5.86 5.86 5.86 5.86 5.86 4.50 4.50 4.50 6.52 6.52 6.52 6.52 6.52 6.52 6.52 6.52 6.52 6.52 99999.90 99999.90 99999.90 99999.90 99999.90 99999.90 99999.90 99999.90 99999.90 99999.90 99999.90 99999.90 99999.90
99999.90 99999.90 99999.90 99999.90 99999.90 99999.90 99999.90 99999.90 99999.90 99999.90 99999.90 7.16 7.16 7.16 7.16 7.16 7.16 7.16 7.16 7.16 7.16 7.16 7.71 7.71 7.71 7.71 7.71 7.71 7.71 6.53 6.53 6.53 6.53 6.53 6.53 6.53 6.53 6.53 6.53 6.53 5.86 5.86 5.86 5.86 5.86 5.86 5.86 5.86 5.86 5.86 4.50 4.50 4.50 4.50 6.52 6.52 6.52 6.52 6.52 7.05 7.05 7.05 7.05 7.05 7.05 7.05 99999.90 99999.90 99999.90 99999.90 99999.90 99999.90 99999.90 99999.90 99999.90 99999.90 99999.90
99999.90 99999.90 99999.90 99999.90 99999.90 99999.90 99999.90 99999.90 99999.90 99999.90 99999.90 7.16 7.16 7.16 7.16 7.16 7.16 7.16 7.16 7.16 7.16 7.16 7.71 7.71 7.71 7.71 7.71 7.71 6.00 6.00 6.53 6.53 6.53 6.53 6.53 6.53 6.53 6.53 6.53 6.53 5.86 5.86 5.86 5.86 5.86 5.86 5.86 5.86 5.57 4.50 4.50 4.50 4.50 6.52 6.52 6.52 6.52 6.52 6.52 7.05 7.05 6.94 6.94 6.94 6.94 6.94 6.94 6.94 99999.90 99999.90 99999.90 99999.90 99999.90 99999.90 99999.90 99999.90 99999.90
99999.90 99999.90 99999.90 99999.90 99999.90 99999.90 99999.90 99999.90 99999.90 99999.90 99999.90 7.16 7.16 7.16 7.16 7.16 7.16 7.16 7.16 7.16 7.16 7.16 7.71 7.71 7.71 7.71 7.71 7.71 6.00 6.00 6.00 6.00 6.00 6.00 6.53 6.53 6.53 6.53 6.53 6.53 5.86 5.86 5.86 5.86 5.86 5.86 5.86 5.88 5.57 4.50 4.50 4.50 4.50 6.52 6.52 6.52 6.52 6.52 7.05 7.05 7.05 6.94 6.94 6.80 6.80 6.80 6.80 6.80 6.80 6.80 99999.90 6.78 6.78 6.78 6.78 6.78 6.78
99999.90 99999.90 99999.90 99999.90 99999.90 99999.90 99999.90 99999.90 99999.90 99999.90 99999.90 7.16 7.16 7.16 7.16 7.16 7.16 7.16 7.16 7.16 7.16 7.16 7.71 7.71 7.71 7.71 7.71 6.00 6.00 6.00 6.00 6.00 6.00 6.00 6.00 6.00 6.00 6.00 6.53 6.53 6.04 6.04 6.04 6.04 6.04 6.04 5.05 5.88 5.57 4.50 4.50 4.50 4.50 6.52 6.52 6.52 6.52 6.52 7.05 7.05 6.94 6.94 6.94 6.80 7.81 7.81 7.81 7.81 7.81 7.81 7.81 6.96 6.96 6.96 6.96 6.96 6.96
