Files/BOM data/2019070720190707.grid
ncols 839
nrows 679
xllcenter 112.0500
yllcenter -43.9500
cellsize 0.0500
nodata_value 99999.90
[rows 408 to 441 of 679, columns 539 to 615 of 839]
10.94 11.45 11.97 12.29 12.82 12.68 12.85 12.84 12.62 12.41 11.56 11.35 12.01 12.52 12.06 12.72 12.98 12.85 12.34 12.45 12.36 12.67 12.91 12.94 12.94 12.82 12.66 12.69 12.86 12.95 12.75 12.61 12.49 12.60 12.64 12.68 12.51 12.48 12.39 12.24 12.16 12.24 12.06 11.46 11.00 11.00 10.96 11.01 10.98 10.78 11.04 10.60 10.31 10.56 10.40 9.48 10.28 10.49 10.86 10.62 10.12 9.52 9.71 10.01 10.08 9.84 9.68 9.51 9.70 9.64 9.44 9.78 9.26 9.54 8.89 8.91 8.08
11.19 12.07 12.66 12.84 12.81 12.77 12.78 11.80 11.64 11.54 12.47 11.86 11.83 12.28 12.52 12.95 12.93 12.45 11.70 12.60 12.54 12.70 12.92 12.88 12.90 12.88 12.77 12.72 12.75 12.83 12.83 12.77 12.56 12.55 12.46 12.61 12.66 12.33 12.18 12.17 12.10 12.09 12.04 11.85 11.23 10.97 11.39 10.96 10.95 11.11 11.16 10.67 10.45 10.29 10.19 9.94 9.67 10.79 11.00 10.76 10.18 9.11 8.75 9.51 10.49 9.74 8.86 9.03 9.02 9.17 9.13 8.75 9.35 9.80 9.40 9.07 7.94
12.36 12.48 12.73 12.69 12.48 12.64 12.09 12.37 12.74 12.85 12.45 12.12 11.96 12.66 12.75 12.68 12.74 12.83 12.73 12.56 12.44 12.90 12.92 12.90 12.90 13.02 12.89 12.79 12.74 12.71 12.72 12.73 12.70 12.47 12.55 12.64 12.58 12.38 12.20 12.17 11.96 12.06 12.10 11.88 11.42 11.08 11.22 11.55 11.21 11.42 11.17 11.26 11.24 10.52 9.84 9.94 10.29 10.34 10.52 10.21 9.64 9.70 9.77 8.95 9.78 10.04 9.45 9.01 9.01 8.98 8.65 8.15 9.22 9.64 9.27 8.69 8.47
12.35 12.54 12.69 12.68 12.54 11.71 11.60 11.91 12.04 12.80 12.47 12.21 12.63 12.52 12.88 12.67 12.75 12.66 12.90 12.81 12.15 12.88 12.87 12.86 12.98 13.04 12.86 12.83 12.77 12.62 12.67 12.80 12.65 12.63 12.67 12.59 12.58 12.48 12.34 12.05 12.18 11.91 11.97 11.55 11.32 11.17 11.06 11.21 10.97 10.54 10.97 11.16 10.98 10.94 10.92 10.42 9.94 10.22 10.56 10.12 9.48 9.47 9.56 8.85 9.07 9.02 9.88 9.83 9.65 8.70 8.63 8.92 9.37 9.42 8.91 8.48 8.29
12.19 12.71 12.73 12.66 12.83 12.80 12.63 12.40 12.69 12.66 12.75 12.63 11.37 12.14 12.86 12.72 12.93 12.94 12.87 12.89 12.51 12.86 12.85 12.87 12.94 12.92 12.83 12.84 12.81 12.70 12.52 12.76 12.53 12.56 12.66 12.58 12.63 12.51 12.34 12.30 12.24 12.01 12.09 11.67 11.59 11.55 11.43 11.37 10.74 11.00 10.93 11.37 10.46 10.62 10.93 10.86 10.33 10.12 10.14 9.64 10.22 9.84 9.19 9.41 9.02 8.96 9.48 9.84 9.77 9.36 8.74 9.13 9.44 9.19 8.85 8.92 8.39
12.21 12.73 12.55 12.66 12.72 12.66 12.54 11.98 12.75 12.29 12.28 12.55 12.42 12.91 12.95 12.90 12.97 12.95 12.96 12.91 12.52 12.79 12.84 12.90 12.96 12.77 12.76 12.78 12.78 12.73 12.57 12.66 12.60 12.42 12.66 12.66 12.76 12.47 12.39 12.32 12.34 12.05 12.09 11.88 11.87 11.52 11.44 11.31 11.12 10.88 10.99 10.99 10.86 10.96 11.20 10.77 10.67 9.89 9.51 10.21 9.90 9.47 9.49 9.28 9.44 8.95 8.95 9.44 8.93 9.02 8.68 8.53 8.45 8.13 8.85 7.75 8.32
12.62 12.50 12.10 12.29 12.59 12.75 12.40 12.49 12.75 12.73 12.64 12.42 12.67 12.99 13.04 12.98 13.01 13.00 12.97 12.91 11.83 12.80 12.89 12.97 12.94 12.80 12.73 12.71 12.77 12.72 12.62 12.67 12.70 12.36 12.49 12.64 12.59 12.50 12.37 12.37 12.22 12.27 11.88 11.75 11.55 11.48 10.93 11.10 10.91 10.66 11.38 11.09 10.77 10.35 10.82 10.62 10.06 10.23 10.24 9.65 9.87 9.46 9.19 9.59 9.76 10.02 10.46 10.09 9.63 9.07 8.84 8.74 7.08 7.04 8.03 7.02 7.03
12.63 12.47 12.33 12.38 12.02 12.74 12.69 12.47 12.76 12.55 11.80 12.08 12.62 12.96 12.96 12.92 13.00 12.99 12.96 12.93 12.64 12.76 12.95 12.96 12.93 12.80 12.77 12.73 12.67 12.67 12.69 12.68 12.51 12.32 12.24 12.67 12.54 12.52 12.36 12.30 12.00 12.15 12.01 11.55 11.56 11.38 11.37 11.40 11.45 11.23 11.05 11.31 11.60 10.43 10.39 10.18 9.79 10.17 10.20 9.77 9.34 9.55 9.41 9.44 9.47 9.88 9.92 9.61 9.23 8.91 8.94 9.14 8.08 6.58 7.24 7.10 6.64
12.48 12.50 12.67 12.55 12.69 12.56 12.50 12.10 12.52 12.66 11.65 10.94 11.77 12.83 12.93 12.92 12.92 12.91 12.92 12.91 12.82 12.84 12.94 12.90 12.81 12.77 12.77 12.73 12.66 12.66 12.72 12.65 12.55 12.40 12.24 12.48 12.54 12.53 12.50 12.40 12.13 12.12 12.00 11.86 11.71 11.77 11.68 11.39 11.37 11.25 11.17 10.63 10.30 10.69 10.26 11.06 10.44 9.67 9.90 9.76 8.76 9.56 9.09 8.90 8.87 8.96 8.39 8.80 8.48 8.51 9.42 9.53 8.21 7.20 8.30 7.52 6.96
12.56 12.63 12.43 12.75 12.61 12.38 12.19 11.64 12.66 12.60 11.42 10.28 12.57 12.50 12.89 12.84 12.89 12.82 12.91 12.88 12.79 12.78 12.87 12.80 12.78 12.76 12.75 12.78 12.75 12.71 12.73 12.58 12.55 12.48 12.23 12.29 12.49 12.52 12.45 12.40 12.17 12.12 11.97 11.76 11.63 11.49 11.33 11.68 11.82 11.75 11.49 11.20 10.67 11.05 10.37 11.11 11.34 10.71 9.38 9.45 9.45 9.57 9.41 8.83 8.62 9.55 9.20 8.61 8.50 8.56 8.65 8.66 8.03 7.55 7.85 7.77 7.96
12.54 12.41 12.32 12.43 12.53 12.59 12.33 12.20 12.71 12.68 12.35 11.60 12.63 12.79 12.85 12.87 12.85 12.86 12.85 12.84 12.76 12.74 12.86 12.86 12.88 12.83 12.74 12.75 12.75 12.71 12.77 12.75 12.59 12.59 12.45 12.14 12.26 12.54 12.41 12.24 12.10 11.98 11.93 12.06 11.83 11.72 11.64 11.68 11.58 11.53 11.26 11.12 10.64 10.40 9.35 10.33 11.19 11.01 10.03 10.00 9.53 8.83 9.89 9.08 8.78 8.47 9.45 9.06 8.79 9.08 8.47 8.35 8.79 8.83 7.80 7.28 8.08
12.69 12.61 12.14 11.57 12.15 12.13 12.54 12.47 12.41 12.65 12.59 12.09 11.92 12.57 12.63 12.51 12.56 12.32 12.50 12.60 12.73 12.66 12.75 12.73 12.85 12.81 12.70 12.74 12.75 12.71 12.80 12.76 12.61 12.51 12.56 12.29 12.23 12.48 12.49 12.18 11.99 11.84 11.79 11.98 11.80 11.77 11.57 11.37 11.27 11.30 11.46 11.11 10.70 10.56 10.28 10.02 11.07 11.34 10.90 10.04 9.70 10.19 10.50 9.98 9.08 7.92 7.78 8.79 9.57 9.13 8.71 8.06 8.64 8.84 8.39 7.25 7.97
12.66 12.64 12.41 11.53 12.12 12.16 11.71 11.50 11.59 11.94 12.06 11.37 11.33 12.02 12.28 12.67 12.62 12.27 12.53 12.52 12.66 12.70 12.70 12.81 12.83 12.78 12.69 12.68 12.68 12.68 12.74 12.71 12.65 12.50 12.55 12.46 12.28 12.33 12.35 12.23 11.82 11.95 11.94 11.82 11.94 11.87 11.53 11.24 10.52 10.75 11.46 11.57 10.66 10.19 10.72 9.61 11.58 11.22 11.00 11.03 9.96 10.29 9.86 9.85 9.02 8.65 8.38 7.74 9.14 9.65 9.22 9.05 8.22 8.21 7.70 7.62 6.84
12.55 12.63 12.22 12.20 10.91 11.51 11.93 11.27 11.98 12.36 11.45 12.11 11.44 11.49 12.56 12.56 12.54 12.52 12.61 12.60 12.65 12.67 12.69 12.79 12.78 12.78 12.70 12.68 12.68 12.65 12.73 12.68 12.66 12.59 12.54 12.54 12.38 12.26 12.21 12.12 12.01 12.04 11.89 11.80 11.69 11.61 11.47 11.34 11.02 10.88 11.55 11.64 11.01 10.55 10.82 9.81 11.18 10.49 9.85 10.48 10.58 10.53 10.96 10.00 9.78 9.50 7.77 6.80 8.26 8.57 10.12 10.61 10.46 9.06 8.46 7.95 7.87
12.40 12.38 12.23 12.41 11.87 11.18 11.92 10.66 10.18 11.57 11.88 11.51 11.33 11.62 12.13 11.97 12.49 12.57 12.60 12.63 12.64 12.60 12.65 12.75 12.71 12.68 12.66 12.65 12.69 12.64 12.72 12.63 12.61 12.57 12.55 12.48 12.39 12.20 12.04 12.01 12.13 12.02 11.87 11.82 11.47 11.64 11.39 11.47 11.06 10.74 10.63 10.87 10.92 11.37 10.84 10.31 10.24 9.99 10.26 10.78 10.46 10.05 10.05 10.40 9.82 9.69 8.64 8.00 8.28 8.92 10.02 10.36 10.68 9.13 8.08 8.22 8.01
11.45 11.66 11.88 11.54 11.89 12.04 11.75 11.92 12.15 11.69 11.45 12.23 12.39 11.33 11.89 11.83 12.37 12.58 12.60 12.62 12.63 12.59 12.62 12.65 12.63 12.64 12.65 12.65 12.63 12.61 12.66 12.62 12.59 12.52 12.51 12.50 12.36 12.19 11.90 11.98 12.21 12.08 12.06 11.82 11.72 11.67 11.39 10.62 10.80 10.76 11.14 11.10 10.47 10.60 10.70 10.27 10.98 11.29 10.81 10.08 10.71 9.74 8.94 10.22 9.73 10.08 9.06 8.02 8.21 8.14 9.49 9.70 10.37 9.10 7.27 8.22 8.78
11.72 11.52 11.79 11.92 11.37 11.11 11.05 11.95 11.99 11.93 11.69 12.51 12.56 11.95 12.24 12.34 12.21 12.56 12.58 12.60 12.61 12.57 12.60 12.61 12.64 12.64 12.63 12.60 12.63 12.62 12.62 12.60 12.56 12.49 12.52 12.44 12.29 12.18 11.79 11.83 12.05 12.10 12.01 11.97 11.86 11.56 11.19 10.64 10.65 11.05 11.13 11.08 10.68 10.65 10.92 10.03 9.97 10.00 10.64 10.64 10.64 10.37 9.32 9.45 10.23 10.33 9.27 8.41 8.03 8.24 8.99 9.60 10.20 9.32 8.82 8.71 8.39
11.60 11.81 12.26 12.26 12.00 12.00 10.13 12.20 12.22 12.44 12.25 12.18 12.44 11.97 12.49 12.31 12.40 12.51 12.57 12.50 12.56 12.54 12.53 12.58 12.59 12.60 12.63 12.65 12.63 12.59 12.60 12.57 12.54 12.51 12.50 12.41 12.34 12.19 11.96 11.61 11.80 11.87 12.01 12.02 11.77 11.30 10.87 10.78 10.80 11.26 11.40 11.21 10.95 10.65 11.18 10.65 10.11 10.42 10.82 10.17 10.46 9.86 9.71 10.02 9.19 10.58 9.70 9.07 8.04 8.12 9.19 9.55 9.99 9.40 8.50 8.56 8.98
12.44 12.14 11.87 12.21 11.76 11.66 11.86 11.76 11.41 12.20 12.14 10.95 12.19 12.28 12.28 12.35 12.41 12.34 12.34 12.42 12.45 12.49 12.48 12.45 12.50 12.53 12.56 12.60 12.59 12.52 12.53 12.55 12.52 12.45 12.52 12.36 12.26 12.27 12.21 11.67 11.63 11.73 11.93 11.97 11.62 11.43 11.29 10.69 10.89 11.31 11.35 11.34 10.68 10.95 11.28 10.71 10.36 10.66 11.54 11.35 11.10 8.98 9.73 9.57 10.67 11.09 9.71 9.65 9.61 9.60 9.86 9.86 9.98 8.74 9.31 8.61 8.44
11.89 11.92 11.49 12.14 12.42 11.82 11.51 12.13 11.81 10.99 12.29 11.28 11.86 12.22 12.34 12.36 12.37 12.27 12.34 12.30 12.51 12.47 12.50 12.46 12.47 12.53 12.51 12.55 12.48 12.49 12.52 12.51 12.39 12.27 12.41 12.35 12.23 12.22 12.33 11.90 11.51 11.66 11.74 11.79 11.23 11.16 10.85 10.58 10.44 10.77 10.75 11.08 11.00 11.40 11.35 11.27 11.22 11.15 11.61 11.47 10.65 9.44 9.03 8.59 9.63 10.64 10.87 10.51 9.92 10.30 9.66 9.46 9.65 8.31 8.22 8.78 8.41
11.51 11.64 11.52 12.31 12.05 12.07 12.05 11.80 11.35 11.03 12.19 10.34 11.58 11.59 12.39 12.52 12.31 12.12 12.30 12.40 12.49 12.46 12.44 12.45 12.41 12.46 12.45 12.52 12.39 12.45 12.43 12.48 12.27 12.43 12.39 12.30 12.26 12.20 12.29 12.13 11.77 11.52 11.68 11.50 11.00 10.89 10.65 10.80 10.22 10.63 11.03 10.95 11.38 11.49 11.52 11.91 11.15 10.82 10.56 9.80 9.63 9.75 9.97 9.72 8.98 9.95 9.56 9.65 9.47 9.90 9.84 9.21 9.29 8.46 8.46 8.54 8.03
11.23 11.49 11.43 12.01 12.16 12.28 12.19 11.78 11.33 11.40 12.22 11.34 11.41 11.42 12.33 12.45 12.37 12.25 12.25 12.35 12.39 12.42 12.42 12.40 12.41 12.39 12.45 12.52 12.42 12.29 12.37 12.42 12.20 12.41 12.46 12.32 12.25 12.22 12.22 12.23 12.13 11.66 11.64 11.20 10.75 10.76 10.34 10.71 9.94 10.78 11.40 11.35 11.23 11.45 11.81 12.06 11.12 10.48 10.39 11.08 10.02 9.97 10.25 9.87 8.27 8.13 9.15 8.51 8.97 9.39 9.30 9.10 8.79 8.54 8.79 9.08 7.80
12.06 11.68 11.52 11.89 11.94 12.22 12.01 12.16 11.82 10.98 11.82 11.61 11.57 11.61 12.52 12.37 12.34 12.35 12.40 12.24 12.31 12.24 12.36 12.32 12.33 12.35 12.45 12.47 12.40 12.24 12.37 12.39 12.06 12.39 12.41 12.38 12.22 12.01 12.16 12.00 11.97 11.96 11.32 11.50 10.49 10.20 10.18 10.33 9.88 10.25 10.86 11.10 11.29 11.22 11.36 11.43 11.08 10.66 10.79 11.67 11.30 10.98 10.79 9.85 9.18 7.55 7.48 7.55 9.87 10.16 10.08 8.92 8.73 8.31 8.49 8.89 7.84
11.81 11.78 11.66 11.77 12.19 11.77 12.22 12.12 11.91 11.47 11.70 11.45 12.05 12.45 12.26 12.43 12.40 12.35 12.36 12.34 12.17 12.22 12.30 12.29 12.19 12.27 12.42 12.34 12.34 12.22 12.09 12.18 12.26 12.33 12.36 12.47 12.24 11.93 12.06 11.88 12.08 11.99 11.10 11.22 10.72 10.05 9.65 9.53 10.48 10.27 10.10 10.77 11.39 11.15 10.85 11.31 10.67 10.76 11.49 11.35 11.45 11.20 10.39 10.09 9.41 8.00 8.84 9.63 10.81 10.47 9.72 9.20 9.65 9.14 8.65 8.96 9.08
11.62 12.14 11.91 11.77 11.92 11.99 11.92 12.28 12.14 11.98 12.06 11.75 11.98 12.40 12.44 12.43 12.42 12.29 12.29 12.29 12.19 12.20 12.14 12.22 12.17 12.27 12.38 12.30 12.13 12.19 12.02 12.31 12.28 12.18 12.19 12.33 12.28 11.99 12.12 11.80 12.07 12.19 11.74 11.31 10.94 10.09 9.36 9.76 10.14 9.92 9.89 10.19 11.35 11.50 11.24 11.17 11.02 10.70 11.17 11.06 11.32 10.50 10.30 9.17 8.90 8.37 10.36 11.40 11.01 10.00 10.54 10.45 10.19 9.37 9.35 9.13 9.14
10.45 11.46 11.62 11.70 11.94 12.18 12.11 12.16 11.78 11.66 11.70 11.41 11.80 12.07 12.26 12.38 12.37 12.34 12.33 12.29 12.22 12.14 12.20 12.23 12.18 12.25 12.21 12.20 12.08 12.15 12.11 12.26 12.20 12.19 12.15 12.04 12.24 12.18 12.00 11.58 12.17 12.24 11.93 11.19 11.06 9.60 9.77 10.00 10.11 9.91 9.75 10.09 10.73 11.57 11.47 11.03 11.10 11.15 10.52 11.15 11.82 11.06 10.61 10.07 9.41 8.81 10.24 11.32 10.85 10.11 9.97 9.84 10.10 9.53 8.99 9.57 9.36
10.27 10.81 11.52 11.64 11.67 11.37 12.02 12.29 11.56 11.61 12.11 11.71 11.30 10.97 12.10 12.36 12.29 12.26 12.25 12.22 12.23 12.20 12.06 12.25 12.13 12.16 12.18 12.24 12.17 12.12 11.97 11.96 12.22 11.97 12.08 12.10 12.17 12.05 11.79 11.50 12.18 12.31 11.80 11.11 11.00 9.46 9.43 9.39 10.38 10.32 10.15 9.74 10.43 11.52 11.10 11.08 10.38 10.46 10.62 11.50 11.08 10.48 10.00 9.72 8.85 9.54 9.99 10.55 10.71 10.20 10.37 10.24 10.30 10.76 10.15 10.09 10.11
11.12 10.68 10.85 11.31 11.33 10.83 11.78 11.23 11.39 11.28 12.11 12.06 11.25 10.99 12.30 12.27 12.25 12.23 12.20 12.18 12.16 12.12 12.07 12.20 12.10 12.19 12.13 12.19 12.12 11.93 11.81 11.78 11.92 11.84 11.96 12.15 12.08 12.22 11.84 11.65 12.02 12.24 12.02 11.21 10.93 10.45 9.41 9.59 10.16 10.10 10.34 10.45 10.28 10.94 11.21 10.90 10.77 10.09 10.33 10.84 11.26 11.12 10.22 9.93 8.90 10.18 9.61 10.41 9.81 9.08 10.62 11.05 10.61 10.76 10.72 10.62 10.49
10.97 10.88 10.62 11.34 11.48 11.87 11.68 10.75 10.58 10.77 11.13 12.09 11.45 11.44 11.58 12.15 11.88 12.01 12.06 12.12 12.03 12.04 12.00 12.13 12.20 12.02 11.89 12.11 11.96 11.81 11.59 11.53 11.66 11.96 11.65 11.54 11.80 12.22 11.99 11.86 11.85 11.53 11.94 11.45 11.08 11.00 9.86 9.39 9.57 9.78 10.25 10.88 10.93 11.06 11.12 10.69 10.45 10.67 10.46 10.95 11.60 11.17 10.71 10.35 10.20 10.50 10.34 10.22 10.26 9.77 10.16 11.33 11.26 10.59 10.13 10.49 11.39
10.32 11.27 10.35 11.53 11.74 11.49 10.89 10.34 10.80 11.25 11.87 11.85 11.91 11.54 11.63 11.91 11.90 11.64 11.98 12.02 12.07 12.10 12.16 12.22 12.12 12.07 11.90 11.78 11.61 11.61 11.32 11.55 11.38 11.77 11.49 11.48 11.90 12.12 11.81 11.51 11.76 11.60 11.58 11.56 11.22 11.03 10.38 10.05 9.42 9.73 10.19 10.57 10.94 10.71 10.85 11.45 10.88 10.76 10.64 10.58 10.93 11.64 11.21 10.57 10.27 10.49 9.81 9.71 10.14 9.16 10.73 11.57 11.05 10.87 9.85 10.02 10.31
11.70 10.56 11.11 11.68 11.67 11.41 11.44 10.13 10.24 10.06 10.74 11.85 11.38 11.13 11.30 11.36 11.23 11.58 11.72 11.91 12.18 11.95 12.00 12.00 11.67 11.65 11.31 11.09 10.96 10.81 10.66 11.07 11.12 11.47 11.79 11.65 11.34 11.64 11.43 11.37 11.47 11.28 11.33 11.32 11.47 10.79 10.95 10.83 10.20 9.96 10.59 10.39 10.87 10.90 10.57 11.07 11.02 11.12 11.37 10.66 10.76 10.81 11.60 11.14 9.98 10.08 10.20 10.45 9.59 10.13 11.04 11.38 10.15 10.02 10.69 10.17 10.12
11.71 10.01 11.33 11.51 11.24 11.22 10.83 11.10 10.17 10.07 10.32 10.94 11.37 11.10 11.15 11.37 11.46 11.57 11.85 11.93 11.89 11.60 11.60 11.31 11.25 10.65 10.39 10.26 10.23 10.69 10.99 11.15 11.46 11.55 11.80 11.67 10.97 11.01 11.44 11.09 11.31 11.42 11.15 10.87 11.06 10.86 11.31 10.88 10.38 10.24 10.58 10.75 10.75 11.03 10.97 11.07 10.91 10.78 11.47 11.02 10.83 11.16 10.75 10.63 10.60 10.85 10.57 9.88 9.80 9.79 10.05 10.89 10.19 9.33 10.54 10.26 10.43
11.84 11.06 11.09 11.28 12.09 10.86 10.51 11.50 10.26 10.08 11.21 10.74 10.86 11.23 11.15 11.55 11.74 11.49 11.66 11.70 11.31 11.25 11.22 10.82 10.74 10.22 9.96 9.94 10.39 10.94 11.01 10.95 10.87 11.23 10.91 11.24 11.19 10.86 11.27 11.12 11.33 11.42 11.12 10.73 10.98 11.13 11.60 11.04 10.45 10.43 10.66 11.00 10.84 10.59 10.68 10.86 10.92 11.06 10.75 11.17 10.68 11.13 10.46 11.26 10.72 11.37 10.56 10.19 9.63 8.81 9.31 9.83 9.37 8.77 9.91 10.38 10.43
11.84 10.72 11.68 11.74 11.34 10.70 10.34 9.90 10.80 10.73 10.54 10.75 10.37 11.00 11.05 11.23 11.23 11.12 11.24 11.33 11.27 11.16 11.05 10.53 9.68 9.86 9.93 10.09 10.50 10.98 11.13 10.33 10.48 11.05 10.93 11.11 11.35 10.66 10.86 11.13 11.16 10.86 11.24 10.36 11.27 11.38 11.27 11.33 10.93 10.68 10.60 10.72 10.39 10.60 10.85 10.48 11.29 10.99 10.28 11.16 11.05 11.24 11.46 11.64 11.85 11.37 11.10 10.23 10.03 9.16 9.46 10.33 9.11 9.67 9.98 10.19 10.21
