Files/BOM data/2019073020190730.grid
ncols 839
nrows 679
xllcenter 112.0500
yllcenter -43.9500
cellsize 0.0500
nodata_value 99999.90
[rows 68 to 101 of 679, columns 616 to 692 of 839]
21.43 21.47 21.44 21.47 21.47 21.46 21.48 21.48 21.17 20.49 21.28 21.53 21.45 21.27 21.41 21.41 21.41 21.41 21.41 21.41 21.41 21.41 21.41 21.41 21.41 99999.90 99999.90 99999.90 99999.90 99999.90 99999.90 99999.90 99999.90 99999.90 99999.90 99999.90 99999.90 99999.90 99999.90 99999.90 99999.90 99999.90 99999.90 99999.90 99999.90 99999.90 99999.90 99999.90 99999.90 99999.90 99999.90 99999.90 99999.90 99999.90 99999.90 99999.90 99999.90 99999.90 99999.90 99999.90 99999.90 99999.90 99999.90 99999.90 99999.90 99999.90 99999.90 99999.90 99999.90 99999.90 99999.90 99999.90 99999.90 99999.90 99999.90 99999.90 99999.90
21.45 21.43 21.45 21.46 21.47 21.45 21.47 21.32 21.32 21.00 21.30 21.13 21.04 21.27 21.26 21.26 21.26 21.26 21.26 21.26 21.26 21.26 21.26 21.26 21.26 21.02 99999.90 99999.90 99999.90 99999.90 99999.90 99999.90 99999.90 99999.90 99999.90 99999.90 99999.90 99999.90 99999.90 99999.90 99999.90 99999.90 99999.90 99999.90 99999.90 99999.90 99999.90 99999.90 99999.90 99999.90 99999.90 99999.90 99999.90 99999.90 99999.90 99999.90 99999.90 99999.90 99999.90 99999.90 99999.90 99999.90 99999.90 99999.90 99999.90 99999.90 99999.90 99999.90 99999.90 99999.90 99999.90 99999.90 99999.90 99999.90 99999.90 99999.90 99999.90
21.42 21.43 21.43 21.44 21.43 21.43 21.43 21.40 21.33 20.86 20.45 20.50 20.29 21.04 21.20 21.20 21.20 21.20 21.20 21.20 21.20 21.20 21.20 21.20 21.20 21.02 21.13 99999.90 99999.90 99999.90 99999.90 99999.90 99999.90 99999.90 99999.90 99999.90 99999.90 99999.90 99999.90 99999.90 99999.90 99999.90 99999.90 99999.90 99999.90 99999.90 99999.90 99999.90 99999.90 99999.90 99999.90 99999.90 99999.90 99999.90 99999.90 99999.90 99999.90 99999.90 99999.90 99999.90 99999.90 99999.90 99999.90 99999.90 99999.90 99999.90 99999.90 99999.90 99999.90 99999.90 99999.90 99999.90 99999.90 99999.90 99999.90 99999.90 99999.90
21.40 21.40 21.40 21.41 21.41 21.39 21.40 21.37 21.37 20.69 20.35 20.77 20.61 20.87 21.20 21.20 21.20 21.20 21.20 21.20 21.20 21.20 21.20 21.20 21.20 21.13 21.13 99999.90 99999.90 99999.90 99999.90 99999.90 99999.90 99999.90 99999.90 99999.90 99999.90 99999.90 99999.90 99999.90 99999.90 99999.90 99999.90 99999.90 99999.90 99999.90 99999.90 99999.90 99999.90 99999.90 99999.90 99999.90 99999.90 99999.90 99999.90 99999.90 99999.90 99999.90 99999.90 99999.90 99999.90 99999.90 99999.90 99999.90 99999.90 99999.90 99999.90 99999.90 99999.90 99999.90 99999.90 99999.90 99999.90 99999.90 99999.90 99999.90 99999.90
21.37 21.39 21.37 21.39 21.40 21.36 21.35 21.30 21.25 20.97 20.86 20.86 20.60 20.96 20.96 20.96 21.20 21.20 21.20 21.20 21.20 21.20 21.20 21.20 21.20 21.13 21.13 99999.90 99999.90 99999.90 99999.90 99999.90 99999.90 99999.90 99999.90 99999.90 99999.90 99999.90 99999.90 99999.90 99999.90 99999.90 99999.90 99999.90 99999.90 99999.90 99999.90 99999.90 99999.90 99999.90 99999.90 99999.90 99999.90 99999.90 99999.90 99999.90 99999.90 99999.90 99999.90 99999.90 99999.90 99999.90 99999.90 99999.90 99999.90 99999.90 99999.90 99999.90 99999.90 99999.90 99999.90 99999.90 99999.90 99999.90 99999.90 99999.90 99999.90
21.23 21.29 21.31 21.36 21.38 21.35 21.29 21.22 21.27 21.21 21.04 20.80 20.90 21.00 21.00 21.00 21.00 21.00 21.20 21.20 21.20 21.20 21.20 21.20 21.20 21.13 21.13 20.85 20.85 20.85 20.85 20.85 20.85 20.85 20.85 20.85 20.85 20.85 20.85 20.85 20.85 20.85 20.85 20.85 99999.90 99999.90 99999.90 99999.90 99999.90 99999.90 99999.90 99999.90 99999.90 99999.90 99999.90 99999.90 99999.90 99999.90 99999.90 99999.90 99999.90 99999.90 99999.90 99999.90 99999.90 99999.90 99999.90 99999.90 99999.90 99999.90 99999.90 99999.90 99999.90 99999.90 99999.90 99999.90 99999.90
21.31 21.32 21.31 21.32 21.36 21.34 21.34 21.30 21.24 21.17 21.01 20.72 20.73 20.73 20.73 20.73 20.73 20.73 20.73 20.85 20.85 20.85 21.13 21.13 21.13 21.13 20.85 20.85 20.85 20.85 20.85 20.85 20.85 20.85 20.85 20.85 20.85 20.85 20.85 20.85 20.85 20.85 20.85 20.85 99999.90 99999.90 99999.90 99999.90 99999.90 99999.90 99999.90 99999.90 99999.90 99999.90 99999.90 99999.90 99999.90 99999.90 99999.90 99999.90 99999.90 99999.90 99999.90 99999.90 99999.90 99999.90 99999.90 99999.90 99999.90 99999.90 99999.90 99999.90 99999.90 99999.90 99999.90 99999.90 99999.90
21.31 21.33 21.34 21.34 21.36 21.33 21.33 21.30 21.27 21.05 21.32 21.09 21.01 20.55 20.55 20.55 20.85 20.85 20.85 20.85 20.85 21.13 21.13 21.13 21.13 20.10 20.10 20.85 20.85 20.85 20.85 20.85 20.85 20.85 20.85 20.85 20.85 20.85 20.85 20.85 20.85 20.85 20.85 20.85 20.97 99999.90 99999.90 99999.90 99999.90 99999.90 99999.90 99999.90 99999.90 99999.90 99999.90 99999.90 99999.90 99999.90 99999.90 99999.90 99999.90 99999.90 99999.90 99999.90 99999.90 99999.90 99999.90 99999.90 99999.90 99999.90 99999.90 99999.90 99999.90 99999.90 99999.90 99999.90 99999.90
21.28 21.30 21.30 21.31 21.31 21.31 21.27 21.19 21.25 21.13 21.05 21.19 20.96 20.76 20.76 20.85 20.85 20.85 20.85 21.02 21.13 21.13 21.13 21.13 21.13 20.10 20.10 20.10 20.85 20.85 20.85 20.85 20.85 20.85 20.85 20.85 20.85 20.85 20.85 20.85 20.85 20.85 20.85 20.85 20.97 99999.90 99999.90 99999.90 99999.90 99999.90 99999.90 99999.90 99999.90 99999.90 99999.90 99999.90 99999.90 99999.90 99999.90 99999.90 99999.90 99999.90 99999.90 99999.90 99999.90 99999.90 99999.90 99999.90 99999.90 99999.90 99999.90 99999.90 99999.90 99999.90 99999.90 99999.90 99999.90
21.18 21.28 21.25 21.23 21.26 21.29 21.24 21.10 21.19 20.99 20.88 20.80 20.78 20.92 20.85 20.85 20.85 21.02 21.02 21.13 21.13 21.13 21.13 21.13 21.13 20.10 20.10 20.10 20.85 20.85 20.85 20.85 20.85 20.85 20.85 20.85 20.85 20.85 20.85 20.85 20.85 20.85 20.85 20.85 20.97 20.95 99999.90 99999.90 99999.90 99999.90 99999.90 99999.90 99999.90 99999.90 99999.90 99999.90 99999.90 99999.90 99999.90 99999.90 99999.90 99999.90 99999.90 99999.90 99999.90 99999.90 99999.90 99999.90 99999.90 99999.90 99999.90 99999.90 99999.90 99999.90 99999.90 99999.90 99999.90
21.24 21.24 21.28 21.20 21.18 21.17 21.17 21.21 21.22 21.20 21.02 20.91 21.13 21.13 20.90 20.90 21.02 21.02 21.13 21.13 21.13 21.13 21.13 21.13 20.10 20.10 20.10 20.10 20.85 20.85 20.85 20.85 20.85 20.85 20.85 20.85 20.85 20.85 20.85 20.85 20.85 20.85 20.85 20.85 20.97 20.95 99999.90 99999.90 99999.90 99999.90 99999.90 99999.90 99999.90 99999.90 99999.90 99999.90 99999.90 99999.90 99999.90 99999.90 99999.90 99999.90 99999.90 99999.90 99999.90 99999.90 99999.90 99999.90 99999.90 99999.90 99999.90 99999.90 99999.90 99999.90 99999.90 99999.90 99999.90
21.20 21.21 21.23 21.17 21.19 21.19 21.20 21.20 21.17 21.14 21.25 21.09 21.23 21.18 21.15 21.02 21.02 21.13 21.13 21.13 21.13 21.13 21.13 21.13 20.10 20.10 20.10 20.10 20.10 20.85 20.85 20.85 20.85 20.85 20.85 20.85 20.85 20.85 20.85 20.85 20.85 20.85 20.85 20.85 20.97 20.95 99999.90 99999.90 99999.90 99999.90 99999.90 99999.90 99999.90 99999.90 99999.90 99999.90 99999.90 99999.90 99999.90 99999.90 99999.90 99999.90 99999.90 99999.90 99999.90 99999.90 99999.90 99999.90 99999.90 99999.90 99999.90 99999.90 99999.90 99999.90 99999.90 99999.90 99999.90
21.18 21.17 21.18 21.21 21.13 21.10 21.07 21.05 20.87 21.04 21.06 21.23 21.18 21.18 21.20 21.19 21.13 21.13 21.13 21.13 21.13 21.13 21.13 20.10 20.10 20.10 20.10 20.10 20.10 20.85 20.85 20.85 20.85 20.85 20.85 20.85 20.85 20.85 20.85 20.85 20.85 20.85 20.97 20.97 20.97 20.95 99999.90 99999.90 99999.90 99999.90 99999.90 99999.90 99999.90 99999.90 99999.90 99999.90 99999.90 99999.90 99999.90 99999.90 99999.90 99999.90 99999.90 99999.90 99999.90 99999.90 99999.90 99999.90 99999.90 99999.90 99999.90 99999.90 99999.90 99999.90 99999.90 99999.90 99999.90
21.16 21.17 21.17 21.13 21.07 20.96 20.96 21.11 21.05 20.82 21.03 21.09 21.18 21.17 21.21 21.17 21.03 21.03 21.03 21.03 21.03 21.03 21.03 20.10 20.10 20.10 20.10 20.10 20.10 20.85 20.85 20.85 20.85 20.85 20.85 20.85 20.85 20.85 20.85 20.85 20.97 20.97 20.97 20.97 20.97 20.95 20.94 20.94 20.94 99999.90 99999.90 99999.90 99999.90 99999.90 99999.90 99999.90 99999.90 99999.90 99999.90 99999.90 99999.90 99999.90 99999.90 99999.90 99999.90 99999.90 99999.90 99999.90 99999.90 99999.90 99999.90 99999.90 99999.90 99999.90 99999.90 99999.90 99999.90
21.14 21.09 21.17 21.05 21.07 20.92 20.74 20.88 21.12 20.70 20.81 20.78 20.98 21.13 21.15 21.14 21.07 21.07 21.07 21.07 21.07 21.07 20.96 20.10 20.10 20.10 20.10 20.10 20.10 20.10 20.85 20.85 20.85 20.85 20.85 20.85 20.85 20.85 20.97 20.97 20.97 20.97 20.97 20.95 20.95 20.95 21.02 21.02 21.02 21.02 21.02 99999.90 99999.90 99999.90 99999.90 99999.90 99999.90 99999.90 99999.90 99999.90 99999.90 99999.90 99999.90 99999.90 99999.90 99999.90 99999.90 99999.90 99999.90 99999.90 99999.90 99999.90 99999.90 99999.90 99999.90 99999.90 99999.90
20.99 21.02 20.99 20.95 21.08 20.86 21.05 20.63 20.45 20.33 20.58 20.69 20.35 21.03 21.13 21.13 21.04 21.04 21.04 20.96 20.96 20.96 20.96 20.10 20.10 20.10 20.10 20.10 20.10 20.10 20.71 20.85 20.85 20.85 20.85 20.85 20.97 20.97 20.97 20.97 20.97 20.95 20.95 20.95 20.95 21.02 21.02 21.02 21.02 21.02 21.02 20.99 99999.90 99999.90 99999.90 99999.90 99999.90 99999.90 99999.90 99999.90 99999.90 99999.90 99999.90 99999.90 99999.90 99999.90 99999.90 99999.90 99999.90 99999.90 99999.90 99999.90 99999.90 99999.90 99999.90 99999.90 99999.90
21.07 21.05 20.95 21.09 21.07 21.07 21.10 20.81 20.23 20.02 20.53 20.65 20.66 20.25 20.97 21.11 21.09 21.09 20.96 20.96 20.96 20.96 20.91 20.10 20.10 20.10 20.10 20.10 20.10 20.45 20.71 20.71 20.33 20.33 20.33 20.97 20.97 20.97 20.97 20.95 20.95 20.95 20.95 20.95 21.02 21.02 21.02 21.02 21.02 21.02 20.99 20.99 99999.90 99999.90 99999.90 99999.90 99999.90 99999.90 99999.90 99999.90 99999.90 99999.90 99999.90 99999.90 99999.90 99999.90 99999.90 99999.90 99999.90 99999.90 99999.90 99999.90 99999.90 99999.90 99999.90 99999.90 99999.90
20.97 21.06 20.80 20.95 20.88 20.82 20.92 20.86 20.33 20.15 20.00 20.22 19.84 19.30 19.77 21.00 21.08 20.96 20.96 20.96 20.91 20.91 20.91 20.10 20.10 20.10 20.10 20.10 20.10 20.45 20.71 20.71 20.87 20.53 20.97 20.97 20.97 20.95 20.95 20.95 20.95 20.95 20.94 21.02 21.02 21.02 21.02 21.02 21.02 20.99 20.99 20.99 20.96 99999.90 99999.90 99999.90 99999.90 99999.90 99999.90 99999.90 99999.90 99999.90 99999.90 99999.90 99999.90 99999.90 99999.90 99999.90 99999.90 99999.90 99999.90 99999.90 99999.90 99999.90 99999.90 99999.90 99999.90
20.97 20.89 21.01 20.98 20.95 21.06 20.75 20.92 20.67 20.55 19.85 19.44 18.91 19.50 18.77 20.29 20.96 20.92 20.92 20.91 20.91 20.91 20.24 20.29 20.14 19.79 19.79 19.79 19.91 20.45 20.94 20.91 20.97 21.06 21.01 21.01 20.95 20.95 20.95 20.95 20.95 20.94 21.02 21.02 21.02 21.02 21.02 21.02 20.99 20.99 20.63 20.63 20.63 20.63 20.63 20.63 99999.90 99999.90 99999.90 99999.90 99999.90 99999.90 99999.90 99999.90 99999.90 99999.90 99999.90 99999.90 99999.90 99999.90 99999.90 99999.90 99999.90 99999.90 99999.90 99999.90 99999.90
20.96 20.70 20.91 21.01 20.91 20.99 20.63 20.89 20.61 20.42 20.08 20.39 19.46 19.78 19.26 19.83 20.51 20.79 20.91 20.91 20.91 20.24 20.24 20.29 20.29 20.14 19.75 19.75 20.07 20.66 20.91 20.95 20.91 20.94 20.99 20.95 20.95 20.95 20.95 20.95 20.94 20.94 21.02 21.02 21.02 21.02 21.02 20.99 20.99 20.63 20.63 20.63 20.63 20.63 20.63 20.63 20.77 99999.90 99999.90 99999.90 99999.90 99999.90 99999.90 99999.90 99999.90 99999.90 99999.90 99999.90 99999.90 99999.90 99999.90 99999.90 99999.90 99999.90 99999.90 99999.90 99999.90
20.91 20.98 20.79 20.84 20.97 20.86 20.68 20.66 20.60 20.31 20.33 20.63 20.25 20.05 20.18 19.87 19.18 19.66 20.41 20.41 20.24 20.24 20.40 20.29 20.29 20.14 20.14 19.32 20.44 20.04 20.91 20.77 20.79 20.52 20.93 20.95 20.95 20.95 20.94 20.94 20.94 21.02 21.02 21.02 21.02 21.02 20.99 20.99 20.63 20.63 20.63 20.63 20.63 20.63 20.63 20.77 20.77 20.58 99999.90 99999.90 99999.90 99999.90 99999.90 99999.90 99999.90 99999.90 99999.90 99999.90 99999.90 99999.90 99999.90 99999.90 99999.90 99999.90 99999.90 99999.90 99999.90
20.80 20.87 20.77 20.82 20.72 20.95 20.84 20.83 20.89 20.63 20.66 19.96 20.19 20.19 19.82 20.03 19.84 20.14 19.64 20.07 20.24 20.24 20.40 20.29 20.29 20.04 20.35 20.53 20.46 20.34 19.59 19.77 20.44 19.51 21.07 21.02 21.02 21.02 20.94 20.94 20.94 21.02 21.02 21.02 21.02 20.99 20.99 20.99 20.63 20.63 20.63 20.63 20.63 20.63 20.77 20.77 20.58 20.58 20.84 99999.90 99999.90 99999.90 99999.90 99999.90 99999.90 99999.90 99999.90 99999.90 99999.90 99999.90 99999.90 99999.90 99999.90 99999.90 99999.90 99999.90 99999.90
20.65 20.71 20.55 20.63 20.73 20.69 20.85 20.99 20.92 20.76 20.69 20.29 20.28 19.89 20.43 19.95 20.27 19.75 19.63 20.32 19.88 20.25 20.40 20.77 19.74 20.39 20.35 21.06 20.56 20.84 20.43 19.65 20.22 20.34 20.98 20.72 20.72 20.74 20.94 20.94 21.02 21.02 21.02 21.02 20.99 20.99 20.99 20.63 20.63 20.63 20.63 20.63 20.63 20.77 20.77 20.58 20.58 20.84 20.84 99999.90 99999.90 99999.90 99999.90 99999.90 99999.90 99999.90 99999.90 99999.90 99999.90 99999.90 99999.90 99999.90 99999.90 99999.90 99999.90 99999.90 99999.90
20.55 20.67 20.48 20.65 20.81 20.83 20.97 20.88 20.81 20.72 20.58 20.70 20.30 20.06 19.99 20.08 20.15 19.82 19.80 20.20 20.46 20.05 20.08 20.56 20.69 20.69 20.81 20.51 20.63 20.56 20.92 20.83 20.54 20.83 20.24 20.29 20.95 20.74 20.94 20.94 21.02 21.02 21.02 20.99 20.99 20.99 20.63 20.63 20.63 20.63 20.63 20.63 20.77 20.77 20.58 20.58 20.84 20.84 20.84 99999.90 99999.90 99999.90 99999.90 99999.90 99999.90 99999.90 99999.90 99999.90 99999.90 99999.90 99999.90 99999.90 99999.90 99999.90 99999.90 99999.90 99999.90
20.46 20.74 20.68 20.39 20.56 20.70 20.85 20.81 20.90 20.65 20.68 20.62 20.02 20.27 20.22 20.17 19.87 19.98 19.68 20.19 20.47 20.15 20.04 20.56 20.59 20.39 20.46 20.66 20.63 20.33 20.81 20.91 20.78 20.62 20.62 20.60 20.76 20.93 21.01 20.97 21.02 21.02 20.99 20.99 20.99 20.63 20.63 20.63 20.63 20.63 20.63 20.77 20.77 20.58 20.58 20.84 20.84 20.84 20.84 99999.90 99999.90 99999.90 99999.90 99999.90 99999.90 99999.90 99999.90 99999.90 99999.90 99999.90 99999.90 99999.90 99999.90 99999.90 99999.90 99999.90 99999.90
20.44 20.53 20.39 20.66 20.48 20.53 20.78 20.82 20.81 20.88 20.70 20.44 20.46 20.52 20.33 20.25 20.19 20.32 20.05 20.45 20.09 19.90 20.56 20.54 20.14 20.42 20.29 20.49 20.52 20.77 20.77 20.74 20.93 20.79 20.80 20.59 20.87 20.91 20.96 20.95 21.06 20.99 20.99 20.99 20.96 20.63 20.63 20.63 20.63 20.63 20.77 20.77 20.58 20.58 20.84 20.84 20.84 20.84 20.84 99999.90 99999.90 99999.90 99999.90 99999.90 99999.90 99999.90 99999.90 99999.90 99999.90 99999.90 99999.90 99999.90 99999.90 99999.90 99999.90 99999.90 99999.90
20.39 20.27 20.43 20.47 20.46 20.48 20.59 20.54 20.65 20.68 20.62 20.74 20.44 20.30 20.56 20.35 20.21 20.09 20.42 20.12 20.10 19.86 19.98 20.54 20.35 20.42 20.64 20.37 20.71 20.69 20.43 20.77 20.84 20.87 20.82 21.00 20.70 20.79 20.76 20.73 20.65 21.05 21.05 20.96 20.64 20.63 20.63 20.63 20.63 20.77 20.77 20.58 20.58 20.84 20.84 20.84 20.84 20.84 20.84 99999.90 99999.90 99999.90 99999.90 99999.90 99999.90 99999.90 99999.90 99999.90 99999.90 99999.90 99999.90 99999.90 99999.90 99999.90 99999.90 99999.90 99999.90
20.07 20.24 20.44 20.62 20.47 20.48 20.53 20.49 20.58 20.64 20.69 20.47 20.51 20.48 20.54 20.69 20.32 20.25 20.20 20.10 20.27 20.10 20.16 19.97 20.22 20.27 20.57 20.60 20.43 20.56 20.56 20.79 20.75 20.89 20.92 20.77 20.96 20.93 20.77 20.49 20.99 21.01 20.96 20.96 20.64 20.63 20.63 20.63 20.77 20.77 20.58 20.58 20.84 20.84 20.84 20.84 20.84 20.84 20.84 99999.90 99999.90 99999.90 99999.90 99999.90 99999.90 99999.90 99999.90 99999.90 99999.90 99999.90 99999.90 99999.90 99999.90 99999.90 99999.90 99999.90 99999.90
20.21 20.26 20.37 20.33 20.52 20.50 20.71 20.67 20.55 20.59 20.47 20.69 20.47 20.42 20.51 20.57 20.61 20.38 20.32 20.47 20.08 20.34 20.45 20.21 20.06 20.14 20.50 20.52 20.13 20.55 20.40 20.73 20.91 20.91 20.73 20.86 20.91 20.97 21.00 20.91 20.98 20.99 20.99 20.91 20.64 20.63 20.63 20.77 20.77 20.58 20.58 20.84 20.84 20.84 20.84 20.84 20.84 20.84 20.84 99999.90 99999.90 99999.90 99999.90 99999.90 99999.90 99999.90 99999.90 99999.90 99999.90 99999.90 99999.90 99999.90 99999.90 99999.90 99999.90 99999.90 99999.90
20.12 20.05 20.07 20.34 20.44 20.57 20.70 20.73 20.60 20.57 20.58 20.49 20.50 20.39 20.51 20.56 20.60 20.51 20.38 20.30 20.32 20.15 20.30 20.19 20.40 20.43 20.17 20.37 20.23 20.37 20.36 20.59 20.68 20.91 20.95 20.94 20.88 20.95 20.97 20.97 20.96 20.96 20.90 20.94 20.74 20.42 20.77 20.77 20.58 20.58 20.84 20.84 20.84 20.84 20.84 20.84 20.84 20.84 20.84 99999.90 99999.90 99999.90 99999.90 99999.90 99999.90 99999.90 99999.90 99999.90 99999.90 99999.90 99999.90 99999.90 99999.90 99999.90 99999.90 99999.90 99999.90
20.13 19.93 20.27 20.01 20.21 20.25 20.60 20.61 20.64 20.71 20.72 20.35 20.36 20.36 20.39 20.38 20.66 20.45 20.31 20.47 20.42 20.30 20.22 20.23 20.21 20.38 20.04 20.06 20.11 20.70 20.10 20.68 20.87 20.74 20.86 20.82 20.89 20.92 20.90 20.95 20.91 20.96 20.95 20.81 20.80 20.74 20.58 20.58 20.58 20.84 20.84 20.84 20.84 20.84 20.84 20.84 20.84 20.84 20.84 99999.90 99999.90 99999.90 99999.90 99999.90 99999.90 99999.90 99999.90 99999.90 99999.90 99999.90 99999.90 99999.90 99999.90 99999.90 99999.90 99999.90 99999.90
20.12 20.07 20.16 20.27 20.21 20.28 20.63 20.63 20.64 20.62 20.53 20.58 20.30 20.46 20.02 20.52 20.31 20.63 20.38 20.41 20.59 20.05 20.14 20.27 20.03 20.62 20.05 19.86 20.26 20.15 20.81 20.52 20.75 20.70 20.78 20.84 20.90 20.93 20.92 20.94 20.95 20.94 20.86 20.72 20.16 20.79 20.78 20.66 20.84 20.84 20.84 20.84 20.84 20.84 20.84 20.84 20.84 20.84 20.84 99999.90 99999.90 99999.90 99999.90 99999.90 99999.90 99999.90 99999.90 99999.90 99999.90 99999.90 99999.90 99999.90 99999.90 99999.90 99999.90 99999.90 99999.90
20.08 19.86 20.27 20.11 20.02 20.24 20.41 20.51 20.42 20.58 20.59 20.31 20.26 20.34 20.18 20.23 20.37 20.28 20.26 20.26 20.40 20.44 20.42 20.64 19.61 20.08 20.21 20.01 20.16 19.71 20.29 20.38 20.67 20.67 20.74 20.86 20.88 20.90 20.91 20.92 20.93 20.93 20.88 20.79 20.62 20.70 20.88 20.75 20.79 20.79 20.79 20.79 20.79 20.79 20.79 20.79 20.79 20.79 20.79 99999.90 99999.90 99999.90 99999.90 99999.90 99999.90 99999.90 99999.90 99999.90 99999.90 99999.90 99999.90 99999.90 99999.90 99999.90 99999.90 99999.90 99999.90
19.89 20.12 20.06 20.15 20.27 20.07 20.12 20.19 20.58 20.48 20.50 20.24 20.39 20.16 20.25 20.09 20.37 20.13 20.16 20.08 20.52 20.22 20.28 20.52 20.44 19.75 20.15 19.82 20.52 20.27 19.52 20.07 20.43 20.27 20.64 20.84 20.85 20.85 20.89 20.90 20.90 20.91 20.92 20.80 20.39 20.68 20.83 20.74 20.79 20.79 20.79 20.79 20.79 20.79 20.79 20.79 20.79 20.79 20.79 99999.90 99999.90 99999.90 99999.90 99999.90 99999.90 99999.90 99999.90 99999.90 99999.90 99999.90 99999.90 99999.90 99999.90 99999.90 99999.90 99999.90 99999.90
