Files/BOM data/2019071420190714.grid
ncols 839
nrows 679
xllcenter 112.0500
yllcenter -43.9500
cellsize 0.0500
nodata_value 99999.90
[rows 442 to 475 of 679, columns 616 to 692 of 839]
12.43 12.41 12.39 12.47 12.54 12.56 12.64 12.64 12.64 12.51 12.48 12.48 12.39 12.41 12.40 12.38 12.42 12.36 12.46 12.44 12.42 12.37 12.41 12.34 12.30 12.33 12.35 12.31 12.36 12.33 12.26 12.33 12.35 12.37 12.42 12.40 12.46 12.47 12.40 12.45 12.48 12.52 12.51 12.55 12.55 12.54 12.54 12.51 12.50 12.49 12.49 12.49 12.50 12.51 12.52 12.53 12.52 12.55 12.54 12.53 12.55 12.55 12.54 12.53 12.51 12.51 12.51 12.50 12.51 12.52 12.52 12.50 12.50 12.48 12.50 12.57 12.55
12.56 12.58 12.56 12.54 12.56 12.55 12.55 12.58 12.62 12.55 12.51 12.42 12.39 12.34 12.35 12.36 12.34 12.26 12.30 12.38 12.31 12.25 12.23 12.21 12.29 12.21 12.23 12.23 12.24 12.35 12.38 12.30 12.26 12.36 12.33 12.30 12.31 12.38 12.41 12.44 12.46 12.46 12.47 12.48 12.53 12.52 12.50 12.49 12.49 12.48 12.48 12.48 12.51 12.51 12.52 12.51 12.50 12.52 12.52 12.54 12.53 12.53 12.52 12.52 12.50 12.49 12.49 12.49 12.48 12.48 12.49 12.51 12.53 12.53 12.56 12.56 12.52
12.46 12.44 12.55 12.54 12.45 12.51 12.52 12.52 12.57 12.52 12.43 12.30 12.20 12.21 12.04 12.14 12.21 12.15 12.17 12.20 12.20 12.25 12.09 12.09 11.98 12.03 11.98 12.08 12.15 12.21 11.99 12.22 12.30 12.31 12.23 12.28 12.31 12.38 12.43 12.44 12.44 12.47 12.46 12.45 12.48 12.50 12.46 12.46 12.45 12.46 12.45 12.45 12.47 12.50 12.50 12.49 12.48 12.50 12.52 12.51 12.53 12.52 12.50 12.52 12.51 12.48 12.50 12.50 12.46 12.47 12.45 12.51 12.54 12.54 12.55 12.54 12.51
12.46 12.46 12.52 12.59 12.42 12.44 12.45 12.46 12.45 12.49 12.41 12.29 12.16 12.31 12.36 12.30 12.17 12.17 12.00 12.00 11.89 11.86 11.80 11.75 11.77 11.68 11.65 11.93 11.97 11.98 11.92 11.89 12.06 12.18 12.19 12.26 12.18 12.28 12.31 12.38 12.38 12.39 12.40 12.43 12.47 12.46 12.43 12.44 12.45 12.44 12.41 12.42 12.42 12.45 12.47 12.48 12.46 12.47 12.49 12.49 12.49 12.52 12.49 12.50 12.47 12.48 12.48 12.50 12.50 12.52 12.49 12.50 12.49 12.48 12.49 12.52 12.51
12.43 12.33 12.43 12.49 12.51 12.52 12.45 12.40 12.46 12.47 12.37 12.42 12.28 12.22 12.16 12.12 12.06 12.02 12.04 12.00 11.82 11.83 11.60 11.64 11.60 11.43 11.36 11.50 11.60 11.77 11.65 11.71 11.77 11.90 11.97 12.11 12.10 12.12 12.16 12.29 12.23 12.28 12.32 12.39 12.39 12.39 12.38 12.40 12.41 12.40 12.38 12.39 12.42 12.45 12.44 12.41 12.41 12.43 12.46 12.47 12.48 12.46 12.45 12.44 12.45 12.45 12.45 12.45 12.44 12.47 12.46 12.46 12.47 12.46 12.47 12.45 12.45
12.48 12.40 12.48 12.43 12.44 12.40 12.34 12.29 12.29 12.34 12.22 12.16 12.06 12.09 12.05 11.96 12.03 11.90 11.95 11.99 11.85 11.78 11.73 11.71 11.57 11.35 11.38 11.43 11.46 11.60 11.71 11.66 11.70 11.80 11.89 11.88 11.98 12.10 12.03 12.07 12.14 12.24 12.27 12.23 12.25 12.31 12.30 12.36 12.35 12.37 12.38 12.40 12.40 12.40 12.39 12.40 12.39 12.40 12.42 12.43 12.44 12.41 12.39 12.41 12.42 12.44 12.44 12.43 12.46 12.45 12.46 12.44 12.43 12.45 12.42 12.42 12.44
12.42 12.43 12.41 12.42 12.43 12.38 12.22 12.12 12.16 12.19 12.18 12.24 12.09 12.13 11.81 11.88 11.95 12.00 11.87 11.68 11.73 11.67 11.68 11.56 11.38 11.30 11.47 11.46 11.46 11.40 11.55 11.51 11.64 11.72 11.79 11.92 11.95 12.01 11.91 12.02 12.10 12.18 12.21 12.23 12.22 12.31 12.34 12.34 12.34 12.32 12.38 12.39 12.35 12.36 12.39 12.38 12.36 12.37 12.39 12.39 12.39 12.38 12.37 12.40 12.41 12.42 12.42 12.43 12.44 12.45 12.44 12.43 12.42 12.45 12.45 12.43 12.41
12.31 12.36 12.41 12.36 12.38 12.43 12.35 12.34 12.30 12.25 12.35 12.33 12.10 12.05 12.00 11.95 11.87 11.89 11.67 11.52 11.62 11.56 11.59 11.43 11.29 11.24 11.41 11.38 11.39 11.30 11.45 11.39 11.49 11.65 11.68 11.69 11.87 11.88 11.87 11.94 11.96 12.07 12.19 12.21 12.21 12.26 12.28 12.28 12.30 12.33 12.31 12.26 12.26 12.32 12.32 12.31 12.32 12.34 12.38 12.37 12.37 12.35 12.37 12.37 12.37 12.42 12.41 12.42 12.42 12.43 12.42 12.41 12.41 12.41 12.42 12.44 12.42
12.23 12.28 12.38 12.38 12.36 12.39 12.38 12.39 12.19 12.28 12.21 12.17 12.07 12.01 11.90 12.00 11.95 11.91 11.62 11.20 11.23 11.41 11.46 11.35 11.34 11.17 11.24 11.16 11.22 11.39 11.41 11.50 11.39 11.49 11.57 11.61 11.73 11.67 11.81 11.88 11.92 12.00 12.02 12.12 12.14 12.14 12.18 12.23 12.25 12.23 12.19 12.19 12.16 12.20 12.24 12.28 12.26 12.25 12.30 12.34 12.33 12.30 12.36 12.35 12.35 12.33 12.33 12.34 12.35 12.37 12.37 12.39 12.38 12.37 12.38 12.40 12.39
12.22 12.20 12.29 12.32 12.27 12.28 12.34 12.27 12.23 12.26 12.21 12.20 11.91 11.87 11.80 11.72 11.75 11.78 11.57 11.35 11.24 11.40 11.44 11.28 11.30 11.17 11.14 11.23 11.21 11.33 11.30 11.47 11.31 11.32 11.46 11.52 11.57 11.68 11.73 11.87 11.99 11.97 12.01 12.01 12.05 12.05 12.11 12.09 12.21 12.12 12.09 12.12 12.15 12.15 12.20 12.18 12.15 12.15 12.19 12.26 12.24 12.24 12.25 12.29 12.25 12.23 12.23 12.32 12.34 12.36 12.35 12.34 12.31 12.31 12.36 12.36 12.38
12.13 12.18 12.09 12.18 12.26 12.21 12.22 12.30 12.23 12.29 12.19 12.21 12.27 12.06 11.90 11.82 11.68 11.65 11.60 11.37 11.42 11.40 11.25 11.00 11.01 11.14 11.24 11.16 11.20 11.27 11.27 11.35 11.37 11.42 11.43 11.39 11.54 11.62 11.56 11.65 11.77 11.86 11.95 12.00 11.92 11.93 12.07 11.96 11.99 11.97 11.96 12.03 12.02 12.08 12.10 12.10 12.11 12.16 12.18 12.20 12.19 12.22 12.23 12.24 12.14 12.19 12.22 12.29 12.25 12.32 12.33 12.31 12.28 12.32 12.29 12.33 12.36
11.92 12.06 12.02 12.05 12.06 12.17 12.23 12.26 12.10 12.23 12.21 12.05 12.00 12.10 11.78 11.77 11.55 11.38 11.29 11.31 11.29 11.27 11.22 11.06 11.15 11.07 11.04 10.95 11.23 11.27 11.20 11.31 11.24 11.38 11.47 11.47 11.33 11.35 11.49 11.69 11.73 11.71 11.73 11.76 11.67 11.67 11.70 11.77 11.81 11.74 11.78 11.85 11.91 11.90 12.03 12.02 12.07 12.04 12.04 12.02 12.08 12.11 12.17 12.18 12.12 12.13 12.22 12.18 12.15 12.26 12.25 12.31 12.24 12.26 12.21 12.25 12.31
11.68 11.71 11.88 11.85 11.86 12.01 12.01 12.09 11.98 12.04 12.00 11.70 11.98 11.78 11.79 11.59 11.32 11.34 11.03 10.95 11.11 11.16 11.19 11.07 11.10 11.15 10.97 11.05 11.04 11.21 11.20 11.04 11.07 11.13 11.09 11.03 11.12 11.09 11.25 11.31 11.41 11.36 11.43 11.43 11.25 11.24 11.39 11.52 11.48 11.34 11.34 11.50 11.67 11.64 11.75 11.80 11.80 11.80 11.90 11.99 12.06 12.03 12.09 12.15 12.02 12.07 12.15 12.15 12.08 12.17 12.23 12.23 12.20 12.15 12.13 12.11 12.22
11.46 11.59 11.82 11.70 11.62 11.80 11.78 11.90 11.97 11.93 11.89 11.62 11.82 11.63 11.55 11.56 11.58 11.67 11.22 11.06 11.06 11.16 10.74 11.06 10.98 11.11 10.68 10.80 11.01 10.97 11.16 11.15 11.11 10.92 10.80 10.77 10.88 10.77 10.71 10.87 10.82 10.96 11.01 11.19 11.10 10.92 10.80 11.00 11.18 11.11 11.10 11.31 11.41 11.33 11.45 11.55 11.63 11.68 11.67 11.80 11.84 11.95 12.00 11.91 11.92 11.86 12.00 12.01 12.03 12.13 12.21 12.16 12.17 12.13 12.10 11.95 12.04
11.33 11.46 11.55 11.65 11.80 11.85 11.77 11.80 11.86 11.85 11.72 11.65 11.44 11.41 11.57 11.58 11.36 11.48 11.25 11.02 10.64 10.40 10.37 10.51 10.69 10.58 10.57 10.57 10.68 11.00 10.87 10.89 10.91 10.92 10.76 10.70 10.74 10.79 10.46 10.41 10.56 10.65 10.77 10.74 10.68 10.76 10.73 10.70 10.80 10.99 10.97 11.02 11.13 11.25 11.33 11.42 11.37 11.42 11.43 11.50 11.65 11.76 11.76 11.93 11.80 11.76 11.82 11.90 11.87 12.00 12.09 12.00 11.93 12.01 11.99 12.09 12.02
10.95 11.00 11.25 11.31 11.62 11.60 11.77 11.66 11.80 11.62 11.55 11.27 11.32 11.20 11.09 11.15 11.02 11.12 10.97 10.76 10.33 10.15 10.03 10.04 10.12 10.24 10.22 10.39 10.40 10.52 10.56 10.68 10.51 10.60 10.57 10.50 10.58 10.54 10.76 10.63 10.23 10.29 10.44 10.47 10.37 10.55 10.40 10.39 10.33 10.44 10.80 10.84 10.94 10.98 11.07 11.25 11.31 11.30 11.29 11.40 11.56 11.50 11.57 11.74 11.77 11.80 11.74 11.77 11.65 11.75 11.85 11.86 11.86 11.98 11.89 11.85 11.89
10.87 10.91 11.02 10.94 11.11 11.39 11.50 11.58 11.43 11.53 11.08 10.93 11.10 10.95 10.86 10.73 10.66 10.59 10.17 10.06 9.93 9.87 9.76 9.79 9.71 9.84 9.78 10.04 10.20 10.14 10.39 10.46 10.24 10.37 10.44 10.51 10.22 10.32 10.40 10.39 10.31 10.00 10.30 10.51 10.44 10.26 10.18 10.27 10.47 10.49 10.37 10.66 10.79 10.99 11.03 11.02 10.89 11.17 11.19 11.17 11.12 11.26 11.50 11.37 11.63 11.79 11.42 11.58 11.59 11.61 11.82 11.82 11.71 11.78 11.77 11.68 11.80
11.10 10.86 10.70 10.66 10.89 10.87 10.90 11.21 10.97 10.99 10.86 10.74 10.69 10.49 10.50 10.46 9.99 10.08 9.89 9.74 9.79 9.88 9.62 9.50 9.40 9.53 9.56 9.61 9.84 10.02 9.80 9.81 10.01 10.03 10.23 10.50 10.26 10.25 10.09 10.21 10.37 10.34 10.30 10.13 10.33 10.18 10.06 10.00 10.11 10.25 10.32 10.41 10.44 10.78 10.66 10.86 10.95 11.02 11.01 11.01 11.12 11.06 11.14 11.38 11.34 11.41 11.45 11.37 11.41 11.50 11.39 11.57 11.56 11.59 11.53 11.67 11.84
10.98 10.94 10.75 10.62 10.57 10.83 10.85 10.75 10.72 10.52 10.62 10.59 10.58 10.47 10.23 10.28 10.18 9.88 9.87 9.61 9.69 9.69 9.89 9.63 9.64 9.73 9.72 9.59 9.38 9.75 9.73 9.68 9.72 9.80 10.07 10.13 10.18 10.13 10.19 10.08 10.15 10.24 10.34 10.36 10.28 10.30 10.23 10.17 10.13 10.12 10.04 10.26 10.18 10.27 10.23 10.26 10.41 10.66 10.80 10.75 10.96 10.90 10.77 10.98 11.12 11.13 11.14 11.11 11.22 11.18 11.17 11.37 11.47 11.31 11.33 11.24 11.41
10.81 10.89 10.86 10.92 10.69 10.72 10.70 10.55 10.46 10.51 10.52 10.59 10.44 10.40 10.02 9.92 9.75 9.73 9.88 9.83 10.05 9.70 9.70 9.75 9.71 9.83 9.39 9.62 9.60 9.56 9.60 9.76 9.31 9.30 9.59 9.76 10.04 10.05 10.18 10.09 10.24 10.16 10.00 10.21 10.36 10.34 10.58 10.39 10.22 10.24 10.17 9.91 9.85 9.89 10.03 9.94 10.17 10.13 10.19 10.18 10.50 10.52 10.80 10.86 10.92 11.06 11.08 10.95 11.11 11.06 10.89 11.09 11.23 11.27 11.12 11.25 11.22
10.83 10.95 11.10 11.08 11.01 11.12 10.96 10.59 10.78 10.56 10.79 10.44 10.02 9.78 9.64 9.77 9.64 9.62 10.05 9.81 9.74 9.58 9.52 9.57 9.47 9.53 9.40 9.24 9.22 9.22 9.46 9.13 9.11 9.02 9.41 9.41 9.49 9.53 9.63 9.87 9.92 9.88 10.00 9.96 10.02 10.14 10.26 10.10 9.93 10.00 10.15 10.23 10.09 9.98 9.98 9.85 9.93 10.05 9.90 9.85 9.84 10.01 10.07 10.23 10.62 10.55 10.61 10.59 10.97 11.12 11.27 11.18 11.01 11.06 11.00 10.91 10.91
10.51 10.56 10.86 10.76 10.88 10.82 10.54 10.51 10.62 10.75 10.76 10.42 9.80 9.69 9.64 9.26 9.59 9.68 10.05 9.52 9.52 9.62 9.28 9.32 9.30 9.13 9.23 9.08 9.21 8.95 9.15 9.07 8.97 8.80 8.83 9.27 9.20 9.09 9.36 9.39 9.42 9.32 9.54 9.65 9.79 9.87 9.79 9.96 9.88 9.77 9.78 9.72 9.87 10.05 10.19 10.29 10.14 9.99 9.92 9.91 9.94 10.13 9.96 10.04 10.43 10.70 10.71 10.47 10.63 10.87 10.97 10.70 10.82 10.70 10.56 10.60 10.87
10.35 10.27 10.54 10.72 10.82 10.54 10.46 10.44 10.60 10.55 10.33 10.27 9.67 9.58 9.51 9.52 9.44 9.66 9.74 9.35 9.08 8.94 9.16 9.06 8.88 9.22 8.95 9.05 9.12 9.20 9.25 9.20 9.05 8.73 8.79 8.84 8.99 9.11 9.11 9.04 9.15 9.21 9.14 9.24 9.38 9.69 9.68 9.90 9.70 9.61 9.61 9.67 9.52 9.64 9.76 10.03 10.03 9.98 9.83 9.83 9.84 10.00 10.07 10.14 10.13 10.09 10.39 10.48 10.38 10.35 10.61 10.74 10.15 10.06 9.96 10.46 10.11
10.22 10.10 10.18 10.13 10.37 10.61 10.57 10.66 10.46 10.31 10.06 10.03 9.14 9.13 9.37 9.70 9.64 9.42 9.31 9.02 9.03 8.73 8.89 8.90 8.82 8.81 8.66 8.72 9.06 9.03 9.10 8.99 8.86 8.86 8.87 8.76 8.96 9.06 9.06 9.11 9.20 9.03 9.05 9.00 9.03 9.29 9.50 9.56 9.81 9.81 9.73 9.47 9.80 9.70 9.94 9.97 10.00 9.96 9.95 9.95 9.93 10.03 9.93 10.05 10.18 10.08 10.05 10.00 10.16 10.20 10.39 10.12 10.34 10.05 10.24 10.15 10.23
10.03 10.07 10.17 9.93 10.15 10.26 10.50 10.43 10.18 10.07 9.80 9.55 9.47 9.28 8.98 8.98 9.12 9.22 9.04 8.92 8.56 8.53 8.63 8.41 8.48 8.31 8.52 8.44 8.66 8.71 9.17 9.23 9.23 8.95 8.92 8.84 9.07 9.09 9.08 9.13 9.13 8.99 9.07 8.87 9.16 8.99 9.17 9.24 9.41 9.47 9.49 9.59 9.72 9.75 9.63 9.86 9.96 9.97 9.84 9.80 9.96 9.88 9.68 9.80 9.90 9.78 9.43 9.26 9.79 9.75 10.08 10.24 10.02 10.35 9.87 9.94 10.12
10.02 9.85 9.72 9.62 10.29 10.50 10.35 10.33 9.96 9.63 9.18 9.38 9.40 9.22 8.85 8.54 8.44 8.51 8.82 8.51 8.41 8.27 8.41 8.29 8.28 8.14 8.25 8.27 8.44 8.48 8.44 8.61 8.95 9.03 9.02 9.10 9.09 9.00 9.04 9.12 9.23 9.22 8.96 8.91 8.84 9.00 9.10 9.14 9.09 9.22 9.23 9.14 9.38 9.30 9.22 9.61 9.69 9.74 9.78 9.82 9.82 9.75 9.54 9.60 9.71 9.82 9.55 9.44 9.61 9.69 10.13 10.15 9.98 10.19 10.14 10.22 9.93
9.60 9.60 9.79 9.76 10.17 9.96 9.98 10.10 10.16 9.72 9.15 9.25 9.22 8.94 8.59 8.48 8.28 8.01 7.95 8.09 8.49 8.27 8.64 8.58 8.27 8.42 8.40 8.36 8.51 8.36 8.26 8.61 8.68 8.80 8.93 8.80 8.78 8.66 8.70 8.78 8.85 9.07 8.95 8.91 8.73 8.80 8.75 8.98 9.00 9.12 9.31 8.99 9.15 9.18 9.01 9.05 9.31 9.37 9.39 9.38 9.53 9.61 9.63 9.79 9.76 9.54 9.47 9.29 9.36 9.30 9.53 9.86 9.87 10.20 10.43 10.44 10.12
9.64 9.74 9.71 9.65 9.88 10.10 9.58 9.25 9.06 9.17 9.01 8.89 8.94 8.83 8.59 8.79 8.94 8.30 8.26 8.46 8.71 8.49 8.17 8.41 8.30 8.42 8.25 8.23 8.44 8.20 8.00 8.26 8.45 8.59 8.64 8.49 8.61 8.47 8.53 8.58 8.78 8.87 8.97 8.98 8.97 8.75 8.70 8.80 8.77 8.75 9.02 8.83 8.81 9.09 9.04 8.92 9.05 9.21 9.24 9.34 9.40 9.52 9.39 9.43 9.71 9.84 9.51 9.60 9.46 9.14 9.41 9.68 9.71 9.92 9.96 10.12 10.23
9.13 9.22 9.37 9.58 9.40 9.33 9.62 9.60 9.36 8.91 8.34 8.36 8.42 8.62 8.40 9.02 9.11 8.65 8.77 8.35 8.70 8.65 8.33 8.45 8.44 8.29 8.68 8.24 8.26 8.04 7.80 7.88 7.92 8.39 8.59 8.57 8.55 8.36 8.39 8.66 8.45 8.67 8.75 8.74 8.82 8.69 8.68 8.59 8.63 8.72 8.94 8.97 8.83 9.00 9.04 9.10 9.17 9.31 9.35 9.17 9.05 9.10 9.02 9.36 9.32 9.39 9.35 9.54 9.56 9.26 9.39 9.55 9.52 9.77 9.60 9.60 9.63
8.80 8.73 8.89 9.14 9.20 9.18 9.19 9.04 8.70 8.46 8.33 8.18 8.09 8.20 8.39 8.42 8.60 8.35 8.49 8.30 8.33 8.32 8.59 8.45 8.63 8.66 8.61 8.63 8.43 8.19 8.03 8.24 8.02 8.15 8.42 8.54 8.43 8.25 8.33 8.51 8.64 8.44 8.26 8.36 8.50 8.66 8.55 8.60 8.67 8.73 8.88 9.00 9.17 9.20 9.16 8.99 9.07 9.31 9.32 9.35 9.36 9.30 9.23 9.38 9.24 9.22 9.43 9.19 9.28 9.05 9.18 9.39 9.15 9.33 9.44 9.42 9.42
8.69 8.61 8.95 8.89 8.79 8.78 8.56 8.36 7.89 7.71 7.65 7.65 7.73 7.91 7.76 8.08 7.97 8.00 8.05 8.26 8.25 8.34 8.24 8.28 8.65 8.71 8.65 8.23 8.17 8.30 8.27 8.31 8.26 8.02 8.07 8.19 8.24 8.18 8.11 8.01 8.14 8.39 8.29 8.19 8.25 8.49 8.29 8.34 8.46 8.54 8.85 9.16 9.02 8.98 8.78 8.74 8.93 9.22 9.01 9.17 9.15 9.17 9.30 9.31 9.34 9.37 9.34 9.20 8.90 8.90 9.23 9.57 9.68 9.72 9.48 9.45 9.77
8.42 8.50 8.39 8.61 8.54 8.69 8.23 7.85 7.50 7.55 7.54 7.46 7.53 7.66 7.70 7.50 7.87 7.74 7.84 7.87 8.02 8.05 8.19 8.38 8.65 8.76 8.74 8.31 8.30 8.11 8.24 8.42 8.45 8.34 8.31 8.26 8.15 8.27 8.05 8.03 8.02 8.18 8.09 8.10 8.20 8.24 8.20 8.25 8.22 8.27 8.24 8.60 8.77 8.84 8.97 9.11 9.06 9.30 9.07 8.88 8.85 8.98 9.11 9.27 9.13 9.25 9.27 9.16 8.92 9.06 9.53 9.62 9.81 9.81 9.52 9.82 9.90
7.91 8.03 7.84 8.15 8.17 8.18 8.03 7.69 7.76 7.83 7.84 7.85 7.59 7.72 7.74 7.57 7.69 8.00 8.08 8.13 8.01 7.87 7.90 8.21 8.43 8.66 8.52 8.25 8.55 8.40 8.12 8.30 8.36 8.37 8.39 8.43 8.19 8.20 8.11 7.92 7.80 7.75 7.64 7.93 8.10 7.96 8.08 8.17 8.13 8.30 8.28 8.30 8.64 8.66 8.61 8.96 9.01 9.25 9.10 8.95 8.86 9.08 9.23 9.03 8.85 8.88 9.18 9.41 8.79 9.12 9.28 9.51 9.92 9.66 9.85 9.72 9.80
7.70 8.09 8.25 8.21 8.15 8.16 7.95 7.67 7.65 7.78 8.04 7.89 7.79 7.93 7.77 7.75 7.62 7.96 8.19 8.29 8.01 7.85 7.83 7.83 8.06 8.14 8.25 8.25 8.44 8.38 8.21 8.25 8.16 8.28 8.08 8.03 8.16 8.07 8.08 7.79 7.55 7.53 7.57 7.82 8.17 8.13 8.14 8.12 8.22 8.34 8.34 8.41 8.50 8.50 8.41 8.58 8.63 8.87 8.82 8.85 8.71 8.73 9.00 8.97 8.73 8.52 8.92 9.17 9.25 9.15 9.51 9.74 9.74 9.67 9.66 9.51 9.68
