Files/BOM data/2019070720190707.grid
ncols 839
nrows 679
xllcenter 112.0500
yllcenter -43.9500
cellsize 0.0500
nodata_value 99999.90
[rows 306 to 339 of 679, columns 539 to 615 of 839]
11.99 11.96 11.85 11.86 12.10 12.65 13.17 12.99 12.74 13.07 12.86 12.55 13.68 13.26 13.20 12.43 12.50 12.56 12.77 13.03 12.82 12.46 12.41 12.49 12.32 12.39 11.68 11.06 11.56 11.70 11.66 10.79 12.27 11.72 11.38 12.03 10.52 11.02 11.18 11.42 9.96 8.92 9.23 9.57 9.85 8.63 9.35 8.88 9.30 9.24 9.14 8.94 9.26 9.26 9.41 9.00 8.87 8.87 8.73 8.72 9.01 9.50 9.44 9.08 9.32 10.01 9.77 9.92 10.02 10.05 10.49 10.38 10.09 10.24 10.60 11.06 11.49
12.02 12.18 12.40 12.47 12.52 12.57 12.75 12.50 13.29 12.76 12.95 12.77 13.36 13.60 13.47 13.49 12.53 12.27 12.70 12.65 12.49 11.29 11.61 12.04 11.62 11.05 11.87 11.92 11.04 11.32 11.11 11.41 12.55 12.65 12.30 11.58 11.16 11.96 10.95 10.36 9.71 8.70 9.19 9.07 9.54 8.68 8.98 8.83 9.02 8.90 8.93 8.50 8.98 9.08 9.14 8.91 8.51 8.75 8.60 8.39 8.27 9.30 9.52 9.22 9.60 10.17 9.63 9.34 9.72 9.97 9.10 9.24 9.70 10.20 10.44 10.25 10.94
11.90 11.78 11.83 12.34 12.53 12.87 13.22 12.94 13.18 13.10 12.71 12.23 12.59 13.42 12.89 12.56 12.74 12.64 12.42 12.58 11.73 11.59 11.66 11.25 11.81 11.35 12.09 11.92 11.38 11.24 10.57 12.53 13.04 12.82 12.54 11.21 11.13 11.83 10.99 10.65 10.53 9.76 9.91 9.68 9.44 8.93 8.66 9.02 8.93 9.21 8.33 8.55 8.86 9.38 9.42 8.94 8.42 8.09 8.39 8.50 8.46 8.90 9.26 8.98 9.31 9.42 9.83 9.66 9.50 9.24 9.15 9.50 9.52 9.65 10.44 10.55 10.80
12.40 11.62 12.20 11.54 12.24 12.47 13.14 13.32 13.49 13.04 13.15 12.59 12.85 13.17 13.18 13.39 13.22 12.34 12.64 12.41 11.97 11.89 12.09 11.76 10.32 11.57 10.54 11.39 11.29 11.71 11.46 12.58 12.61 12.39 12.38 10.75 11.06 12.05 11.46 10.71 10.74 10.04 9.79 9.49 9.54 9.47 9.07 9.10 8.94 9.00 8.56 8.70 8.49 9.13 9.16 8.83 9.09 8.61 8.27 8.30 8.29 8.54 8.76 9.47 9.01 9.54 9.91 9.36 9.34 9.18 9.50 9.73 9.68 10.23 10.69 10.72 11.20
13.06 11.77 11.36 11.67 11.32 12.30 12.76 12.81 12.23 12.57 12.43 12.84 12.71 12.84 12.78 12.56 12.25 11.85 11.51 11.12 11.85 13.09 12.35 11.64 11.31 11.06 11.23 11.56 11.12 11.07 12.02 12.42 12.74 11.91 11.61 11.12 10.92 11.67 11.58 10.87 10.57 10.83 10.54 9.70 10.02 9.29 9.06 9.44 8.98 8.82 8.78 8.61 8.85 8.71 9.26 9.38 9.27 8.96 8.59 8.64 8.67 8.61 8.77 9.22 8.88 9.13 10.34 10.07 9.55 9.54 9.70 9.65 10.27 9.93 10.30 10.56 10.86
13.41 12.96 12.16 12.18 12.01 11.75 12.43 13.03 13.19 13.79 12.78 12.98 13.20 13.07 13.34 12.24 11.90 12.52 13.10 12.92 11.66 12.19 12.45 12.18 10.53 12.33 11.32 11.26 10.23 10.34 11.75 11.54 11.54 11.94 9.98 9.62 11.65 11.40 10.99 11.11 11.19 10.73 10.38 9.84 10.40 10.11 9.75 9.44 8.81 8.70 8.84 8.53 8.62 8.34 8.59 9.46 9.40 9.39 9.07 8.77 8.84 8.60 8.97 8.70 9.06 9.69 10.28 10.63 10.21 9.51 9.58 10.06 10.31 9.86 9.86 10.19 10.35
13.85 13.25 13.10 12.14 12.44 12.11 11.65 11.91 13.54 13.01 12.85 12.61 12.74 13.10 13.72 13.42 13.15 12.21 12.43 12.62 12.72 12.69 12.65 12.92 12.74 12.20 11.58 11.29 10.79 10.57 10.44 10.95 11.35 11.38 10.84 11.39 10.79 10.97 10.64 11.95 11.85 10.56 10.28 9.80 9.54 9.94 9.71 9.53 9.25 8.53 9.20 8.87 8.47 8.25 8.46 8.94 9.54 9.09 9.61 9.23 9.08 8.50 9.07 9.32 8.88 10.01 10.17 10.55 10.72 9.96 9.58 9.25 9.55 9.81 9.70 10.50 11.04
14.10 13.67 13.30 13.25 12.63 12.21 12.11 12.24 12.67 13.17 13.17 13.30 13.20 12.61 12.49 13.04 12.13 11.73 12.70 13.50 12.84 13.38 13.08 13.83 13.68 12.94 12.01 11.35 11.64 11.54 10.99 10.77 11.09 11.80 11.66 11.52 10.15 11.49 11.44 10.98 11.59 12.06 11.10 10.00 10.29 9.76 10.31 9.32 9.04 9.41 9.22 8.84 8.70 8.52 8.58 8.50 9.40 8.84 9.44 9.09 9.05 8.99 8.77 9.60 9.85 10.36 11.17 10.58 11.29 11.35 10.40 9.39 9.15 9.75 10.00 10.51 11.47
13.78 13.83 13.51 13.37 13.28 12.82 12.01 12.69 12.77 12.72 12.89 12.54 12.35 12.60 12.30 12.77 12.67 13.13 12.52 12.53 14.05 13.50 12.99 13.55 13.60 13.21 12.75 12.61 12.67 12.62 12.28 11.44 10.73 10.89 11.92 11.36 10.54 11.20 12.02 11.17 12.12 11.57 11.04 11.16 9.60 9.75 10.72 9.75 9.76 9.62 9.32 9.30 8.79 8.38 8.53 8.39 8.54 9.03 9.32 9.06 9.10 9.30 8.96 9.90 10.23 10.06 10.00 10.08 11.18 11.06 10.72 10.43 10.06 10.04 10.13 10.70 11.26
13.90 13.91 13.49 13.33 13.28 13.22 12.57 12.20 12.60 12.53 12.09 12.32 12.13 12.53 12.89 12.67 13.10 12.36 13.58 13.01 12.91 13.21 12.91 13.57 13.47 12.77 12.27 12.28 12.49 12.43 11.82 11.57 11.68 11.72 11.63 11.78 11.55 11.32 11.67 11.76 11.19 11.61 11.70 10.74 11.29 9.72 10.53 10.47 10.45 9.38 9.03 9.45 9.26 8.86 8.33 8.50 8.32 8.96 9.15 9.35 9.19 9.60 9.35 9.67 9.82 10.17 9.71 10.49 10.79 11.59 10.92 10.65 9.93 9.49 10.32 9.89 11.09
14.21 13.49 13.51 13.20 13.39 13.36 13.14 12.73 12.92 11.76 11.85 12.16 12.64 12.64 12.80 12.56 12.40 12.35 12.25 12.63 12.61 13.57 13.29 12.59 12.97 13.38 12.12 11.84 11.98 11.44 11.53 11.85 11.82 11.79 11.90 11.92 10.73 11.31 11.60 11.70 11.33 11.84 11.40 10.65 9.84 9.94 10.76 10.44 10.07 9.23 8.95 9.38 9.59 9.04 8.67 8.88 8.74 9.11 9.47 9.62 9.20 9.65 9.63 9.37 9.31 9.61 10.27 9.91 10.95 11.08 11.45 10.54 10.07 10.47 10.00 9.11 9.63
13.79 13.42 13.59 13.41 12.61 13.02 13.50 12.99 12.89 13.06 12.35 12.46 12.74 12.13 12.19 12.35 12.08 12.75 12.75 12.01 11.91 12.94 13.57 13.21 13.11 13.21 12.78 11.62 11.18 10.90 10.78 11.05 11.63 11.22 11.36 11.55 10.35 10.11 11.40 10.61 9.70 10.84 11.44 10.61 10.24 10.27 10.43 10.35 9.41 10.18 9.20 8.68 9.34 9.21 9.32 9.35 8.86 8.91 9.34 9.28 9.29 9.90 9.90 9.53 9.10 9.47 10.19 9.87 10.81 11.45 11.68 11.15 11.19 10.11 9.96 9.07 9.54
13.21 13.03 13.32 13.05 12.93 13.47 12.96 12.44 12.37 12.68 12.45 12.48 13.09 12.43 12.16 12.55 12.48 11.99 12.40 11.84 11.68 12.23 12.80 12.60 13.55 13.35 13.18 12.76 11.27 11.47 11.29 11.48 11.67 10.93 11.04 10.60 10.51 10.22 11.23 11.43 10.09 10.33 10.63 10.01 10.28 9.83 10.74 10.61 10.01 9.38 9.79 8.97 9.28 9.08 9.21 9.69 9.55 9.35 9.16 10.12 9.37 9.57 10.09 9.92 9.43 9.41 9.01 10.41 10.84 11.16 11.16 11.10 11.09 10.81 9.53 10.57 10.27
13.70 13.27 13.22 13.17 13.19 12.94 12.94 12.90 12.01 12.24 13.17 12.76 13.00 13.29 12.75 12.81 12.74 12.01 12.15 12.09 11.91 11.66 11.61 12.86 13.04 13.41 12.65 12.44 12.12 11.83 11.54 12.13 11.95 11.89 11.46 11.24 10.45 9.99 10.43 10.68 10.46 10.73 9.57 9.06 9.77 10.32 10.23 10.34 10.18 9.47 9.71 8.97 8.74 8.77 8.87 9.23 9.69 9.63 9.32 10.14 10.05 10.23 10.60 10.03 9.91 9.74 9.00 10.06 10.18 10.39 11.61 12.02 11.42 11.44 11.27 11.48 11.14
13.78 13.65 12.98 12.95 13.07 12.73 11.81 12.66 13.09 12.07 12.44 13.40 12.69 13.43 12.62 12.46 12.61 12.39 12.58 12.48 12.48 11.48 10.82 12.11 12.74 12.87 12.72 12.46 12.68 13.02 11.91 11.64 12.58 11.99 11.84 11.83 10.89 9.40 9.28 9.91 10.52 10.51 10.40 10.51 9.66 9.72 10.09 10.51 9.71 9.94 9.68 9.05 8.92 9.31 9.14 9.25 9.52 10.16 9.96 10.24 9.92 10.15 10.60 10.68 10.44 10.29 9.83 10.10 10.58 10.28 10.68 11.65 11.65 12.21 12.22 11.69 11.21
13.77 13.66 13.20 12.90 13.66 13.02 12.02 12.56 13.22 12.77 12.55 13.01 13.48 13.19 13.09 13.08 13.13 12.44 11.58 12.17 12.18 12.06 11.72 11.38 11.74 12.42 12.35 13.39 12.69 11.24 11.58 11.77 11.77 12.19 11.59 11.17 10.79 9.85 9.27 9.61 9.72 9.78 9.90 10.48 10.01 9.59 9.64 10.45 10.22 10.27 10.22 9.80 9.32 9.43 9.56 9.33 9.53 9.15 9.71 9.78 10.32 11.08 10.64 10.55 10.83 10.51 10.88 10.99 10.73 10.67 10.35 10.56 10.72 11.77 12.02 11.64 11.41
14.17 13.84 13.27 12.85 13.04 13.30 12.50 12.40 13.27 13.15 12.61 12.94 13.00 13.35 13.76 13.95 12.96 11.69 11.50 12.45 12.26 11.42 11.37 11.65 11.50 11.54 12.35 12.98 13.47 11.71 11.49 11.41 11.91 11.76 10.71 10.93 10.86 10.44 9.82 10.24 9.96 9.62 9.33 9.48 9.28 9.70 9.17 10.05 9.86 10.52 10.89 10.38 10.15 9.52 9.65 9.70 9.29 9.31 9.65 10.13 10.16 10.59 10.82 10.37 10.57 10.73 10.90 11.07 10.47 10.68 10.73 11.12 11.31 11.44 11.21 11.73 12.21
14.25 14.09 13.18 13.44 13.25 12.24 11.98 12.28 12.46 13.12 12.21 12.94 13.73 13.72 14.56 14.24 13.31 11.29 10.72 12.00 12.58 12.01 11.75 11.48 11.76 10.74 11.53 12.59 12.85 13.21 12.43 11.67 10.50 11.75 11.21 11.19 10.96 11.11 9.80 9.78 10.05 9.87 10.09 9.30 9.70 10.03 9.86 10.24 10.33 10.47 10.17 9.97 9.91 9.93 9.52 9.94 10.35 10.05 9.76 10.13 9.92 9.95 10.36 10.29 10.07 10.65 11.23 10.80 10.40 10.63 10.62 10.92 10.86 11.19 11.01 11.20 11.75
14.17 13.84 13.81 13.12 13.17 12.62 11.93 12.59 12.72 13.15 13.04 12.42 13.69 13.73 14.26 13.93 13.06 12.18 11.08 11.75 12.10 12.30 11.93 12.01 11.80 11.07 10.66 11.76 12.54 12.06 12.63 12.93 11.67 11.94 11.66 10.90 11.06 11.59 10.47 9.85 10.93 10.26 10.84 10.37 10.22 10.30 10.26 10.52 10.87 11.06 10.54 9.80 10.58 10.31 9.91 9.90 10.05 10.58 9.93 9.44 9.78 9.99 10.34 10.37 10.14 10.77 10.74 10.46 10.34 10.86 10.56 10.05 10.53 10.14 10.27 10.71 11.08
14.49 13.86 13.10 13.33 13.44 13.11 12.81 13.09 12.17 13.19 13.50 12.90 13.10 13.48 13.24 13.18 13.40 13.47 12.55 12.01 11.98 12.14 11.86 12.48 11.65 12.05 11.56 11.92 12.09 11.98 11.71 12.23 12.61 12.18 12.44 11.76 11.37 11.17 11.41 10.23 10.27 10.87 10.56 10.58 10.02 9.92 9.95 10.89 11.86 12.15 10.79 10.78 10.51 10.15 10.09 9.99 9.66 9.97 9.69 9.32 9.62 10.25 10.48 10.42 10.33 10.62 10.40 10.19 10.18 10.59 10.57 10.40 10.45 9.86 10.15 10.40 11.26
14.66 14.47 13.40 13.55 12.89 13.41 12.86 12.59 12.46 13.80 13.45 13.03 12.88 13.03 12.44 12.29 12.38 13.23 13.36 12.00 12.29 11.66 12.12 12.43 11.30 11.69 11.30 11.58 11.82 12.30 11.71 12.33 12.22 12.94 12.73 12.44 12.02 11.51 10.96 10.85 10.59 11.14 10.75 10.17 10.39 9.87 10.05 11.82 12.05 13.43 11.24 10.30 10.58 10.70 9.76 9.58 9.66 9.53 9.30 9.03 9.91 10.55 10.26 10.14 10.45 10.04 10.01 10.28 10.25 10.15 10.15 10.28 10.06 9.47 10.63 10.30 10.69
14.55 14.41 13.75 14.06 14.03 14.24 13.77 13.06 12.21 13.37 13.47 13.18 13.24 12.96 12.04 12.12 12.72 12.53 12.64 13.03 12.66 12.33 12.40 12.11 11.85 11.35 11.45 11.62 11.28 11.66 11.90 11.90 11.64 11.78 11.89 12.62 12.42 11.57 11.61 10.70 9.97 11.78 10.79 9.61 10.28 10.73 10.35 11.17 12.47 12.05 10.93 10.21 10.36 10.43 9.88 9.82 10.03 9.53 8.91 9.64 10.20 10.14 10.33 10.63 10.02 9.04 9.19 9.95 9.94 9.71 10.00 9.97 10.22 9.40 9.43 10.44 10.74
14.34 14.31 14.12 14.25 13.82 14.19 13.42 12.72 12.58 13.64 14.00 12.60 13.09 12.94 11.07 11.19 11.66 12.08 13.05 12.07 12.51 12.83 12.38 12.54 12.79 12.14 10.45 11.03 11.73 11.21 11.33 11.55 11.35 10.91 11.97 12.21 13.03 12.46 11.34 11.48 9.09 10.73 11.08 9.71 9.44 10.50 10.43 10.28 11.13 11.28 9.82 10.09 10.04 10.17 10.29 10.05 10.32 9.86 10.01 10.19 9.69 9.51 10.31 10.50 9.56 8.23 8.39 8.85 9.40 9.27 9.80 9.89 9.72 9.69 9.34 10.18 10.94
14.45 14.18 14.17 14.43 14.32 13.49 13.34 12.86 12.41 12.63 12.66 13.43 13.73 13.47 11.96 11.01 11.33 11.74 12.23 12.13 11.95 11.50 11.33 12.38 12.87 11.52 10.29 11.12 10.97 10.79 10.58 10.76 11.17 10.85 12.09 12.19 12.73 12.14 10.88 10.57 10.77 10.06 10.51 10.62 9.86 9.56 10.03 9.83 9.88 10.26 9.37 9.84 9.96 10.25 10.57 10.21 10.29 10.36 10.92 10.34 9.04 9.28 9.61 9.05 8.78 8.48 8.30 8.35 9.24 9.31 9.31 9.52 9.79 10.32 9.80 10.24 10.48
14.50 14.21 14.41 14.41 14.32 13.90 13.63 12.90 12.40 12.19 13.37 14.08 13.56 12.39 11.45 11.10 11.49 11.85 12.47 11.59 11.55 11.83 11.86 12.50 12.36 11.93 11.58 11.08 10.92 10.51 10.10 11.24 12.26 11.59 11.59 12.28 12.20 12.02 11.42 11.28 11.71 11.18 10.62 11.03 10.45 10.32 9.74 8.85 9.43 9.52 8.92 9.40 10.00 10.54 10.40 10.47 10.36 11.21 10.09 9.55 8.85 9.20 8.71 8.41 8.67 8.53 8.45 8.48 8.75 9.14 9.40 9.63 9.05 9.31 9.44 9.38 9.75
14.50 14.46 14.49 14.38 14.26 13.77 14.00 12.91 12.94 12.18 12.15 12.82 13.41 11.70 11.98 11.59 11.73 11.46 11.83 12.82 13.15 12.31 12.41 11.87 12.52 12.58 12.19 11.68 10.84 10.92 10.72 11.30 12.60 12.16 12.13 11.22 12.44 12.95 12.78 11.26 11.11 11.30 10.93 10.85 10.79 10.17 10.31 9.48 9.19 9.46 9.89 9.34 10.17 10.74 10.17 10.59 9.99 10.94 9.29 9.66 10.06 9.99 9.56 9.43 8.96 8.75 8.81 8.67 8.55 8.77 9.20 9.67 9.32 9.15 9.47 9.40 10.32
14.62 14.37 14.23 14.29 14.43 14.25 14.37 13.12 12.04 12.42 12.26 12.76 13.73 11.45 11.17 11.24 11.63 11.47 11.82 11.77 12.94 11.59 12.73 12.26 12.08 12.42 11.76 11.58 11.85 11.92 11.49 11.22 12.51 11.53 12.56 11.66 12.15 12.23 12.98 12.02 11.73 11.46 10.97 10.91 10.48 9.81 10.77 10.16 9.96 9.45 10.14 9.88 9.31 10.50 10.12 9.49 9.14 9.31 9.20 10.03 10.26 9.88 9.14 8.85 9.42 9.27 8.85 9.13 8.92 8.76 8.92 9.31 9.20 8.65 9.48 10.10 10.21
14.54 14.46 14.33 14.26 14.44 14.61 14.21 13.19 13.31 12.59 12.87 12.79 12.87 12.70 11.87 11.99 10.91 11.27 11.57 12.12 11.85 12.59 12.67 13.31 13.11 12.85 11.35 11.56 12.30 11.92 11.89 10.77 11.09 11.63 12.21 11.54 12.14 11.93 12.93 11.80 11.63 11.30 11.32 10.58 10.75 9.98 9.94 10.59 9.75 9.52 9.74 9.67 9.21 9.61 10.53 9.98 9.68 9.07 9.27 9.80 9.87 9.48 9.42 8.84 9.19 9.34 9.23 9.28 9.38 9.10 8.63 8.41 8.41 8.30 9.01 10.19 10.23
14.50 14.53 14.58 14.56 14.64 14.59 14.07 13.79 13.53 12.98 13.02 13.01 11.83 12.50 11.68 12.08 11.61 10.86 11.43 11.84 12.36 12.26 13.10 13.04 12.52 11.93 10.74 10.96 12.15 12.55 12.07 11.14 11.01 11.68 11.72 11.79 12.72 12.11 12.39 12.47 11.19 10.60 10.72 10.79 10.53 10.07 10.24 10.24 9.37 9.32 9.20 9.88 9.77 9.46 10.10 10.36 10.29 9.94 9.58 9.59 9.67 8.91 9.54 9.43 9.72 9.85 9.56 8.95 9.02 9.00 8.72 8.10 8.29 8.33 8.63 9.57 10.23
14.49 14.52 14.54 14.58 14.51 13.79 13.64 13.23 13.47 13.05 12.39 12.54 12.17 12.67 11.83 11.75 12.16 11.97 11.36 11.83 12.93 13.07 13.39 13.26 12.90 12.88 11.67 11.68 11.63 10.70 10.35 11.68 10.94 10.94 11.88 12.43 12.51 12.39 12.72 12.42 11.27 10.74 10.29 10.09 9.83 9.17 9.82 10.24 10.06 9.38 9.24 9.34 9.43 8.88 8.76 9.40 10.52 9.64 9.45 9.44 9.32 9.31 9.57 9.53 9.38 9.58 9.77 8.80 8.67 8.89 8.71 8.26 8.22 8.77 8.67 9.03 9.12
14.41 14.36 14.58 14.61 13.71 13.43 13.60 13.62 13.53 12.97 12.95 12.21 12.64 13.17 12.36 12.41 12.50 12.24 11.81 11.78 12.14 13.16 12.64 13.48 13.09 12.60 12.28 12.95 11.59 10.53 10.83 11.22 11.13 11.15 12.26 12.14 12.79 13.00 12.90 12.79 11.19 10.81 10.29 9.79 9.68 8.83 8.88 9.38 10.07 10.17 10.01 9.72 9.03 9.10 9.42 9.44 10.40 10.23 9.59 9.20 9.60 9.98 9.84 9.56 9.90 9.61 10.02 9.14 8.45 9.28 9.33 9.09 8.39 8.71 8.97 8.95 9.05
14.22 14.18 14.39 14.35 14.27 13.55 13.73 13.64 13.64 13.87 13.71 12.72 12.96 12.82 11.79 11.83 12.38 12.64 11.75 11.38 10.77 12.72 12.85 12.93 13.83 12.27 13.13 12.37 12.31 12.44 11.10 11.71 11.94 12.14 12.20 12.02 12.53 13.02 12.98 12.37 12.33 10.00 9.76 10.28 8.42 8.05 7.68 8.92 9.12 10.10 10.31 10.16 9.36 8.77 9.30 9.46 9.94 10.15 9.87 9.44 9.68 9.56 9.68 9.12 9.49 9.73 10.21 9.96 9.28 8.80 9.39 9.31 8.68 8.87 9.43 9.56 9.08
14.13 13.66 13.71 13.85 13.56 13.79 13.70 14.08 13.59 14.15 13.73 12.99 13.26 13.20 13.15 12.24 12.32 11.61 11.89 11.45 11.51 12.02 12.86 12.82 12.99 12.76 11.84 12.45 11.63 12.64 12.67 12.16 12.52 12.25 12.37 12.84 12.94 12.50 11.73 11.75 11.10 11.75 10.46 9.37 8.35 7.86 7.76 8.27 8.89 9.36 10.39 10.35 10.22 9.20 9.19 9.85 9.58 10.04 9.40 9.68 10.36 9.02 9.02 8.84 9.40 9.94 10.77 10.31 9.71 9.18 8.89 9.10 9.05 9.10 9.16 9.25 9.40
14.12 14.25 13.78 13.99 13.88 13.59 13.33 13.62 13.48 13.83 13.44 13.33 13.67 13.51 12.92 13.04 12.91 12.59 12.24 12.49 11.52 11.82 12.09 13.16 13.83 13.50 13.36 12.13 11.72 12.42 12.92 13.10 13.10 12.69 11.66 11.59 12.24 11.74 10.74 11.00 10.89 11.42 10.19 9.11 9.53 10.32 10.48 8.97 9.26 8.92 9.60 10.29 10.20 9.92 10.06 10.09 9.62 10.05 9.87 9.29 9.92 9.05 9.22 9.93 10.06 10.25 10.41 10.76 10.73 10.15 9.49 9.00 9.07 9.09 8.81 8.91 9.55
