Files/BOM data/2019071720190717.grid
ncols 839
nrows 679
xllcenter 112.0500
yllcenter -43.9500
cellsize 0.0500
nodata_value 99999.90
[rows 306 to 339 of 679, columns 77 to 153 of 839]
15.82 15.82 15.82 15.80 15.80 15.83 15.80 15.83 15.76 15.79 15.83 15.80 15.77 15.71 15.74 15.78 15.77 15.78 15.76 15.75 15.76 15.77 15.79 15.77 15.77 15.78 15.78 15.75 15.74 15.74 15.71 15.72 15.75 15.76 15.78 15.76 15.76 15.78 15.77 15.76 15.79 15.76 15.77 15.78 15.76 15.77 15.75 15.75 15.76 15.77 15.75 15.74 15.74 15.77 15.77 15.78 15.76 15.76 15.77 15.76 15.76 15.75 15.73 15.75 15.77 15.75 15.78 15.77 15.77 15.78 15.77 15.77 15.78 15.75 15.75 15.73 15.75
15.83 15.80 15.80 15.77 15.78 15.78 15.80 15.83 15.77 15.71 15.75 15.73 15.75 15.78 15.74 15.74 15.75 15.74 15.75 15.73 15.75 15.76 15.75 15.75 15.75 15.73 15.75 15.72 15.72 15.69 15.72 15.71 15.69 15.72 15.75 15.74 15.74 15.73 15.75 15.74 15.75 15.75 15.73 15.76 15.75 15.72 15.75 15.75 15.74 15.74 15.76 15.72 15.74 15.72 15.74 15.77 15.77 15.75 15.74 15.75 15.74 15.72 15.73 15.72 15.76 15.75 15.74 15.76 15.75 15.74 15.76 15.74 15.75 15.73 15.71 15.73 15.74
15.77 15.83 15.82 15.76 15.77 15.76 15.77 15.80 15.82 15.77 15.75 15.75 15.69 15.72 15.70 15.72 15.71 15.73 15.72 15.73 15.71 15.69 15.73 15.71 15.72 15.72 15.71 15.72 15.73 15.72 15.72 15.72 15.70 15.70 15.70 15.71 15.69 15.68 15.70 15.70 15.71 15.73 15.72 15.72 15.73 15.73 15.70 15.73 15.72 15.70 15.72 15.72 15.71 15.70 15.69 15.73 15.73 15.72 15.73 15.76 15.73 15.69 15.70 15.69 15.72 15.75 15.73 15.74 15.74 15.71 15.70 15.72 15.73 15.72 15.73 15.70 15.73
15.79 15.81 15.81 15.77 15.75 15.76 15.74 15.74 15.74 15.80 15.74 15.76 15.75 15.70 15.69 15.71 15.73 15.73 15.72 15.71 15.67 15.69 15.67 15.67 15.68 15.67 15.70 15.69 15.70 15.65 15.67 15.63 15.65 15.67 15.70 15.69 15.65 15.68 15.69 15.65 15.67 15.69 15.70 15.70 15.68 15.70 15.69 15.69 15.69 15.69 15.72 15.69 15.70 15.70 15.69 15.69 15.68 15.67 15.70 15.71 15.72 15.70 15.70 15.68 15.71 15.72 15.72 15.70 15.71 15.74 15.70 15.69 15.67 15.66 15.67 15.70 15.71
15.78 15.81 15.79 15.77 15.74 15.77 15.76 15.73 15.72 15.71 15.68 15.68 15.72 15.66 15.68 15.69 15.66 15.67 15.67 15.69 15.67 15.67 15.66 15.66 15.65 15.65 15.67 15.63 15.66 15.64 15.62 15.60 15.66 15.67 15.66 15.66 15.65 15.66 15.66 15.65 15.64 15.64 15.65 15.67 15.66 15.69 15.68 15.65 15.67 15.68 15.68 15.69 15.67 15.63 15.66 15.68 15.66 15.68 15.70 15.69 15.69 15.68 15.69 15.71 15.70 15.68 15.67 15.65 15.65 15.68 15.66 15.65 15.65 15.66 15.65 15.65 15.65
15.74 15.77 15.78 15.77 15.75 15.74 15.74 15.72 15.75 15.73 15.69 15.68 15.67 15.68 15.66 15.65 15.65 15.64 15.65 15.63 15.66 15.66 15.66 15.66 15.64 15.64 15.63 15.64 15.60 15.60 15.58 15.62 15.65 15.64 15.65 15.64 15.64 15.67 15.68 15.65 15.66 15.65 15.64 15.66 15.66 15.66 15.65 15.64 15.64 15.63 15.62 15.63 15.62 15.63 15.64 15.64 15.65 15.66 15.66 15.66 15.70 15.64 15.67 15.67 15.65 15.64 15.65 15.64 15.66 15.65 15.64 15.65 15.65 15.68 15.66 15.65 15.66
15.72 15.72 15.72 15.70 15.70 15.72 15.72 15.71 15.72 15.70 15.68 15.66 15.66 15.63 15.62 15.63 15.65 15.63 15.62 15.64 15.61 15.63 15.64 15.65 15.65 15.62 15.62 15.60 15.61 15.61 15.59 15.64 15.61 15.60 15.63 15.63 15.65 15.60 15.60 15.65 15.66 15.65 15.65 15.66 15.63 15.62 15.63 15.61 15.62 15.62 15.59 15.60 15.61 15.60 15.64 15.62 15.60 15.65 15.63 15.63 15.61 15.60 15.64 15.63 15.61 15.61 15.65 15.65 15.64 15.65 15.60 15.63 15.62 15.63 15.63 15.64 15.63
15.70 15.69 15.68 15.68 15.68 15.70 15.68 15.67 15.68 15.70 15.69 15.64 15.62 15.63 15.62 15.61 15.62 15.60 15.61 15.61 15.62 15.61 15.58 15.61 15.59 15.64 15.62 15.58 15.58 15.59 15.58 15.61 15.59 15.59 15.57 15.58 15.60 15.63 15.61 15.62 15.61 15.62 15.62 15.63 15.62 15.62 15.63 15.63 15.63 15.60 15.60 15.58 15.59 15.58 15.58 15.61 15.58 15.59 15.61 15.61 15.60 15.59 15.59 15.59 15.59 15.60 15.60 15.60 15.62 15.60 15.58 15.59 15.58 15.60 15.60 15.60 15.59
15.70 15.65 15.66 15.65 15.66 15.65 15.65 15.64 15.65 15.64 15.66 15.66 15.61 15.59 15.60 15.61 15.60 15.60 15.60 15.59 15.60 15.59 15.58 15.58 15.56 15.61 15.60 15.60 15.61 15.61 15.59 15.60 15.58 15.58 15.59 15.58 15.57 15.61 15.59 15.59 15.60 15.61 15.62 15.58 15.61 15.62 15.60 15.62 15.61 15.60 15.58 15.56 15.58 15.58 15.58 15.58 15.56 15.57 15.55 15.57 15.57 15.55 15.57 15.57 15.59 15.58 15.60 15.57 15.59 15.59 15.57 15.57 15.56 15.57 15.58 15.57 15.58
15.65 15.65 15.64 15.64 15.64 15.64 15.63 15.63 15.62 15.63 15.62 15.62 15.61 15.58 15.58 15.57 15.58 15.58 15.57 15.57 15.57 15.57 15.55 15.56 15.56 15.57 15.55 15.58 15.59 15.58 15.59 15.59 15.57 15.57 15.58 15.57 15.55 15.60 15.60 15.58 15.58 15.55 15.59 15.51 15.58 15.58 15.56 15.55 15.58 15.58 15.59 15.57 15.58 15.56 15.56 15.56 15.55 15.57 15.55 15.54 15.55 15.55 15.56 15.58 15.54 15.56 15.55 15.55 15.55 15.56 15.54 15.56 15.53 15.54 15.54 15.54 15.54
15.62 15.62 15.62 15.63 15.61 15.61 15.61 15.63 15.64 15.60 15.62 15.60 15.62 15.59 15.59 15.56 15.56 15.57 15.55 15.57 15.57 15.59 15.55 15.53 15.51 15.53 15.52 15.57 15.54 15.55 15.56 15.54 15.58 15.56 15.56 15.55 15.54 15.55 15.53 15.55 15.51 15.53 15.56 15.45 15.54 15.50 15.56 15.54 15.53 15.54 15.58 15.56 15.55 15.55 15.54 15.53 15.57 15.53 15.54 15.54 15.57 15.54 15.55 15.55 15.55 15.53 15.54 15.51 15.55 15.53 15.53 15.54 15.51 15.51 15.51 15.52 15.53
15.59 15.58 15.58 15.58 15.59 15.60 15.61 15.59 15.61 15.56 15.60 15.60 15.57 15.56 15.57 15.55 15.56 15.55 15.55 15.54 15.57 15.58 15.55 15.51 15.53 15.54 15.54 15.54 15.53 15.49 15.50 15.47 15.50 15.53 15.53 15.52 15.51 15.50 15.51 15.53 15.52 15.53 15.53 15.52 15.52 15.52 15.52 15.54 15.54 15.52 15.53 15.55 15.50 15.51 15.53 15.53 15.53 15.51 15.52 15.51 15.52 15.52 15.54 15.51 15.50 15.50 15.49 15.48 15.54 15.53 15.53 15.52 15.50 15.49 15.49 15.50 15.49
15.56 15.56 15.56 15.56 15.58 15.60 15.60 15.57 15.56 15.58 15.57 15.59 15.56 15.56 15.54 15.54 15.50 15.48 15.47 15.50 15.50 15.51 15.51 15.52 15.51 15.50 15.53 15.51 15.51 15.51 15.49 15.51 15.48 15.48 15.48 15.48 15.50 15.48 15.49 15.49 15.50 15.50 15.51 15.56 15.54 15.52 15.49 15.49 15.50 15.50 15.51 15.52 15.51 15.49 15.49 15.52 15.50 15.48 15.48 15.48 15.49 15.50 15.49 15.49 15.49 15.48 15.49 15.48 15.52 15.52 15.49 15.46 15.45 15.47 15.47 15.47 15.48
15.55 15.54 15.55 15.54 15.56 15.58 15.55 15.55 15.60 15.60 15.58 15.58 15.57 15.58 15.58 15.52 15.47 15.43 15.44 15.42 15.45 15.48 15.48 15.45 15.48 15.48 15.50 15.51 15.50 15.48 15.49 15.49 15.48 15.48 15.48 15.46 15.46 15.49 15.49 15.50 15.50 15.48 15.45 15.49 15.50 15.50 15.47 15.47 15.50 15.48 15.50 15.50 15.50 15.48 15.45 15.46 15.45 15.48 15.50 15.48 15.49 15.49 15.47 15.48 15.47 15.47 15.46 15.45 15.46 15.46 15.47 15.45 15.46 15.46 15.46 15.45 15.46
15.53 15.50 15.50 15.54 15.54 15.57 15.56 15.57 15.58 15.57 15.54 15.57 15.54 15.55 15.54 15.52 15.48 15.49 15.49 15.50 15.47 15.47 15.46 15.46 15.46 15.43 15.47 15.47 15.45 15.43 15.47 15.43 15.43 15.44 15.47 15.47 15.49 15.47 15.45 15.45 15.47 15.46 15.46 15.45 15.47 15.47 15.49 15.48 15.50 15.47 15.48 15.49 15.49 15.48 15.46 15.47 15.48 15.48 15.48 15.47 15.47 15.48 15.44 15.45 15.44 15.42 15.42 15.43 15.43 15.43 15.44 15.45 15.45 15.45 15.46 15.43 15.44
15.51 15.52 15.51 15.51 15.54 15.52 15.53 15.54 15.55 15.56 15.55 15.54 15.53 15.54 15.52 15.50 15.50 15.50 15.50 15.50 15.49 15.47 15.45 15.42 15.47 15.44 15.45 15.45 15.41 15.43 15.41 15.42 15.44 15.41 15.40 15.42 15.46 15.44 15.44 15.43 15.41 15.42 15.46 15.45 15.47 15.46 15.46 15.45 15.46 15.43 15.46 15.47 15.47 15.46 15.47 15.45 15.45 15.43 15.45 15.46 15.46 15.44 15.44 15.44 15.42 15.42 15.40 15.42 15.41 15.41 15.40 15.40 15.40 15.40 15.42 15.42 15.42
15.48 15.51 15.49 15.51 15.47 15.49 15.48 15.49 15.52 15.54 15.52 15.52 15.53 15.52 15.49 15.47 15.50 15.49 15.51 15.51 15.47 15.46 15.46 15.44 15.43 15.43 15.42 15.43 15.40 15.39 15.37 15.39 15.43 15.42 15.42 15.40 15.40 15.39 15.38 15.38 15.43 15.40 15.42 15.44 15.43 15.41 15.43 15.41 15.42 15.42 15.43 15.42 15.45 15.43 15.42 15.39 15.40 15.39 15.41 15.42 15.43 15.41 15.40 15.39 15.41 15.40 15.41 15.39 15.38 15.39 15.40 15.39 15.39 15.39 15.39 15.40 15.41
15.48 15.50 15.47 15.49 15.48 15.47 15.47 15.47 15.49 15.50 15.49 15.50 15.50 15.48 15.47 15.44 15.48 15.49 15.49 15.48 15.47 15.43 15.42 15.45 15.44 15.42 15.43 15.42 15.41 15.42 15.41 15.44 15.45 15.38 15.37 15.39 15.39 15.37 15.33 15.36 15.36 15.39 15.39 15.40 15.39 15.41 15.41 15.43 15.45 15.45 15.44 15.42 15.43 15.42 15.42 15.40 15.41 15.41 15.40 15.39 15.40 15.37 15.36 15.36 15.34 15.34 15.36 15.36 15.35 15.37 15.37 15.37 15.38 15.39 15.41 15.39 15.40
15.46 15.47 15.48 15.45 15.46 15.45 15.46 15.47 15.47 15.48 15.50 15.48 15.47 15.48 15.45 15.44 15.44 15.47 15.45 15.42 15.45 15.47 15.43 15.42 15.41 15.41 15.41 15.42 15.44 15.45 15.44 15.41 15.42 15.37 15.36 15.35 15.32 15.34 15.32 15.35 15.38 15.39 15.37 15.40 15.40 15.41 15.42 15.39 15.43 15.44 15.43 15.42 15.42 15.42 15.40 15.39 15.41 15.45 15.42 15.39 15.37 15.37 15.35 15.33 15.34 15.35 15.35 15.33 15.33 15.34 15.35 15.36 15.33 15.36 15.37 15.37 15.39
15.41 15.42 15.41 15.43 15.45 15.45 15.47 15.44 15.45 15.46 15.47 15.45 15.46 15.45 15.43 15.41 15.43 15.44 15.44 15.42 15.43 15.43 15.42 15.39 15.42 15.42 15.44 15.40 15.39 15.40 15.40 15.41 15.37 15.36 15.37 15.37 15.34 15.34 15.36 15.39 15.37 15.38 15.40 15.35 15.38 15.39 15.39 15.41 15.39 15.40 15.33 15.41 15.42 15.40 15.41 15.38 15.35 15.37 15.36 15.37 15.38 15.37 15.36 15.33 15.32 15.33 15.34 15.32 15.31 15.31 15.31 15.31 15.31 15.34 15.34 15.34 15.34
15.37 15.39 15.39 15.39 15.40 15.42 15.42 15.42 15.44 15.44 15.42 15.41 15.43 15.42 15.40 15.40 15.43 15.44 15.42 15.40 15.39 15.40 15.43 15.39 15.40 15.42 15.42 15.38 15.35 15.37 15.39 15.34 15.32 15.33 15.33 15.35 15.35 15.35 15.34 15.36 15.32 15.33 15.37 15.35 15.37 15.40 15.36 15.38 15.36 15.35 15.32 15.32 15.37 15.39 15.39 15.38 15.35 15.32 15.35 15.37 15.34 15.34 15.33 15.31 15.30 15.31 15.31 15.28 15.30 15.30 15.30 15.29 15.31 15.31 15.31 15.32 15.32
15.34 15.38 15.38 15.37 15.39 15.39 15.40 15.40 15.41 15.42 15.43 15.40 15.40 15.39 15.40 15.41 15.43 15.44 15.43 15.39 15.38 15.38 15.39 15.41 15.37 15.41 15.41 15.40 15.35 15.35 15.36 15.36 15.37 15.32 15.31 15.30 15.29 15.28 15.31 15.33 15.29 15.31 15.32 15.33 15.30 15.34 15.31 15.32 15.33 15.31 15.31 15.27 15.32 15.37 15.37 15.34 15.36 15.32 15.33 15.34 15.32 15.30 15.28 15.27 15.28 15.27 15.27 15.27 15.27 15.29 15.29 15.29 15.30 15.30 15.28 15.28 15.29
15.36 15.34 15.34 15.33 15.36 15.36 15.36 15.38 15.38 15.37 15.39 15.36 15.37 15.37 15.39 15.40 15.42 15.43 15.44 15.41 15.35 15.31 15.34 15.35 15.38 15.33 15.36 15.34 15.34 15.33 15.33 15.35 15.36 15.33 15.31 15.29 15.26 15.21 15.23 15.26 15.32 15.31 15.29 15.27 15.28 15.28 15.31 15.30 15.31 15.28 15.33 15.32 15.31 15.28 15.34 15.33 15.20 15.31 15.29 15.31 15.27 15.28 15.27 15.26 15.24 15.27 15.26 15.25 15.26 15.24 15.25 15.26 15.26 15.27 15.26 15.28 15.27
15.37 15.34 15.32 15.32 15.33 15.33 15.35 15.36 15.35 15.34 15.34 15.36 15.35 15.35 15.37 15.38 15.40 15.41 15.41 15.39 15.39 15.31 15.32 15.31 15.32 15.31 15.29 15.28 15.31 15.31 15.30 15.31 15.27 15.31 15.29 15.26 15.30 15.26 15.23 15.25 15.26 15.28 15.26 15.25 15.25 15.29 15.27 15.28 15.28 15.28 15.30 15.30 15.30 15.30 15.28 15.28 15.27 15.18 15.27 15.22 15.27 15.25 15.23 15.24 15.23 15.22 15.22 15.22 15.23 15.22 15.22 15.24 15.25 15.25 15.24 15.25 15.26
15.30 15.30 15.30 15.30 15.31 15.32 15.34 15.34 15.32 15.32 15.31 15.32 15.33 15.32 15.33 15.34 15.37 15.36 15.35 15.37 15.36 15.33 15.29 15.29 15.27 15.25 15.21 15.27 15.25 15.28 15.30 15.31 15.31 15.28 15.29 15.27 15.25 15.24 15.21 15.23 15.26 15.24 15.25 15.26 15.24 15.24 15.26 15.26 15.26 15.24 15.24 15.26 15.28 15.27 15.26 15.21 15.22 15.24 15.22 15.23 15.23 15.20 15.20 15.19 15.22 15.22 15.20 15.20 15.21 15.21 15.22 15.21 15.22 15.22 15.21 15.22 15.23
15.28 15.27 15.26 15.28 15.28 15.28 15.32 15.32 15.31 15.29 15.30 15.29 15.32 15.32 15.33 15.33 15.33 15.33 15.33 15.34 15.32 15.32 15.29 15.29 15.27 15.21 15.23 15.22 15.24 15.26 15.24 15.24 15.28 15.26 15.24 15.25 15.24 15.23 15.24 15.24 15.22 15.22 15.24 15.23 15.22 15.23 15.23 15.21 15.24 15.23 15.22 15.22 15.26 15.23 15.21 15.22 15.18 15.16 15.20 15.22 15.22 15.20 15.19 15.18 15.20 15.17 15.18 15.19 15.20 15.20 15.19 15.20 15.20 15.18 15.19 15.18 15.17
15.25 15.26 15.25 15.26 15.23 15.25 15.29 15.27 15.26 15.27 15.27 15.29 15.31 15.29 15.29 15.32 15.32 15.31 15.29 15.29 15.30 15.28 15.24 15.25 15.25 15.24 15.25 15.19 15.20 15.21 15.23 15.24 15.22 15.26 15.25 15.22 15.23 15.23 15.23 15.22 15.21 15.22 15.22 15.22 15.18 15.20 15.21 15.23 15.23 15.20 15.19 15.23 15.20 15.19 15.16 15.22 15.15 15.15 15.19 15.19 15.18 15.17 15.22 15.21 15.16 15.17 15.15 15.17 15.16 15.14 15.19 15.18 15.19 15.18 15.19 15.17 15.17
15.24 15.22 15.21 15.21 15.22 15.26 15.27 15.26 15.26 15.25 15.26 15.29 15.30 15.28 15.25 15.27 15.27 15.26 15.26 15.25 15.25 15.26 15.30 15.26 15.25 15.24 15.22 15.24 15.17 15.17 15.19 15.20 15.20 15.19 15.23 15.19 15.18 15.18 15.18 15.15 15.20 15.17 15.16 15.20 15.19 15.19 15.20 15.19 15.15 15.18 15.17 15.18 15.16 15.17 15.16 15.17 15.18 15.15 15.13 15.18 15.17 15.16 15.17 15.17 15.19 15.16 15.15 15.15 15.14 15.13 15.13 15.18 15.16 15.18 15.17 15.15 15.18
15.20 15.19 15.19 15.19 15.23 15.23 15.23 15.24 15.23 15.26 15.26 15.26 15.27 15.25 15.25 15.25 15.23 15.23 15.26 15.25 15.24 15.23 15.25 15.27 15.22 15.23 15.24 15.23 15.17 15.16 15.16 15.17 15.18 15.18 15.17 15.15 15.15 15.16 15.16 15.16 15.17 15.15 15.17 15.12 15.15 15.15 15.16 15.15 15.10 15.15 15.14 15.16 15.15 15.16 15.15 15.17 15.14 15.12 15.16 15.16 15.17 15.15 15.13 15.13 15.17 15.14 15.17 15.16 15.13 15.13 15.08 15.11 15.15 15.16 15.16 15.15 15.15
15.19 15.18 15.21 15.19 15.22 15.21 15.20 15.22 15.21 15.22 15.24 15.22 15.24 15.25 15.22 15.21 15.20 15.21 15.23 15.24 15.21 15.21 15.22 15.22 15.21 15.21 15.22 15.23 15.19 15.13 15.11 15.11 15.13 15.14 15.17 15.16 15.14 15.12 15.11 15.08 15.14 15.15 15.11 15.12 15.12 15.12 15.13 15.10 15.12 15.12 15.16 15.16 15.13 15.14 15.13 15.13 15.11 15.09 15.09 15.12 15.13 15.12 15.12 15.12 15.11 15.10 15.11 15.09 15.10 15.07 15.12 15.08 15.06 15.10 15.13 15.12 15.15
15.17 15.20 15.20 15.18 15.19 15.21 15.18 15.19 15.19 15.20 15.20 15.22 15.24 15.21 15.18 15.18 15.16 15.20 15.22 15.23 15.21 15.20 15.21 15.21 15.21 15.19 15.18 15.20 15.16 15.13 15.09 15.08 15.08 15.09 15.11 15.11 15.11 15.10 15.09 15.11 15.06 15.12 15.12 15.13 15.13 15.11 15.04 15.14 15.11 15.09 15.14 15.12 15.12 15.11 15.11 15.10 15.11 15.06 15.10 15.09 15.10 15.13 15.13 15.09 15.09 15.07 15.10 15.08 15.11 15.10 15.09 15.11 15.09 15.11 15.12 15.11 15.12
15.15 15.16 15.17 15.16 15.16 15.17 15.17 15.18 15.19 15.21 15.18 15.18 15.19 15.17 15.15 15.15 15.16 15.16 15.18 15.19 15.19 15.20 15.18 15.18 15.18 15.17 15.17 15.16 15.15 15.13 15.07 15.06 15.09 15.09 15.10 15.09 15.07 15.06 15.07 15.06 15.11 15.10 15.08 15.08 15.11 15.12 14.95 15.04 15.08 15.05 15.13 15.11 15.11 15.10 15.10 15.12 15.10 15.09 15.06 15.06 15.07 15.09 15.11 15.07 15.08 15.07 15.07 15.08 15.08 15.08 15.07 15.06 15.06 15.06 15.07 15.07 15.06
15.14 15.13 15.16 15.16 15.16 15.15 15.15 15.16 15.15 15.17 15.16 15.14 15.14 15.15 15.16 15.16 15.17 15.16 15.15 15.13 15.15 15.14 15.15 15.16 15.17 15.18 15.15 15.17 15.11 15.10 15.08 15.09 15.05 15.08 15.07 15.06 15.05 15.06 15.07 15.06 15.08 15.08 15.06 15.07 15.06 15.08 15.02 15.02 15.01 14.98 15.09 15.08 15.07 15.06 15.08 15.04 15.03 15.05 15.02 15.03 15.08 15.08 15.10 15.08 15.09 15.08 15.07 15.05 15.07 15.07 15.04 15.04 15.03 15.05 15.05 15.07 15.06
15.13 15.12 15.15 15.15 15.14 15.13 15.12 15.13 15.15 15.14 15.12 15.15 15.13 15.13 15.14 15.14 15.14 15.15 15.12 15.11 15.12 15.13 15.11 15.12 15.13 15.16 15.15 15.16 15.10 15.09 15.06 15.07 15.02 15.02 15.04 15.05 15.06 15.07 15.06 15.06 15.05 15.03 15.05 15.06 15.05 15.06 15.05 15.06 15.06 15.07 15.07 15.07 15.05 15.05 15.04 15.04 15.05 15.04 15.03 15.03 15.00 15.07 15.09 15.05 15.07 15.05 15.06 15.03 15.05 15.03 15.04 15.01 15.01 15.02 15.03 15.02 15.07
