Files/BOM data/2019072020190720.grid
ncols 839
nrows 679
xllcenter 112.0500
yllcenter -43.9500
cellsize 0.0500
nodata_value 99999.90
[rows 170 to 203 of 679, columns 308 to 384 of 839]
18.76 18.76 18.74 18.72 18.69 18.74 18.76 18.76 18.71 18.71 18.71 18.72 18.73 18.74 18.76 18.69 18.65 18.68 18.68 18.69 18.82 18.81 18.82 18.73 18.77 18.77 18.77 18.78 18.78 18.76 18.74 18.72 18.69 18.71 18.69 18.68 18.72 18.72 18.69 18.68 18.69 18.69 18.71 18.71 18.69 18.69 18.73 18.73 18.69 18.66 18.63 18.65 18.68 18.63 18.67 18.67 18.70 18.67 18.73 18.70 18.60 18.62 18.64 18.63 18.64 18.70 18.70 18.72 18.73 18.70 18.76 18.73 18.72 18.73 18.67 18.67 18.71
18.73 18.71 18.72 18.72 18.76 18.71 18.71 18.69 18.69 18.70 18.70 18.72 18.69 18.66 18.63 18.59 18.62 18.61 18.65 18.58 18.69 18.75 18.77 18.72 18.80 18.77 18.65 18.77 18.66 18.74 18.73 18.72 18.70 18.68 18.71 18.73 18.73 18.72 18.70 18.70 18.73 18.70 18.68 18.63 18.66 18.69 18.71 18.68 18.63 18.63 18.62 18.63 18.62 18.65 18.66 18.69 18.68 18.69 18.70 18.68 18.66 18.70 18.65 18.63 18.65 18.73 18.71 18.69 18.68 18.72 18.73 18.71 18.72 18.73 18.67 18.67 18.67
18.66 18.69 18.71 18.72 18.64 18.65 18.68 18.68 18.72 18.70 18.65 18.63 18.67 18.69 18.71 18.68 18.67 18.66 18.66 18.62 18.62 18.67 18.74 18.72 18.75 18.69 18.69 18.68 18.72 18.69 18.69 18.70 18.69 18.66 18.67 18.71 18.69 18.71 18.70 18.68 18.71 18.72 18.68 18.62 18.62 18.61 18.61 18.61 18.63 18.59 18.64 18.64 18.59 18.63 18.62 18.64 18.70 18.71 18.69 18.70 18.69 18.69 18.66 18.63 18.65 18.64 18.69 18.68 18.64 18.68 18.66 18.68 18.67 18.70 18.72 18.69 18.65
18.61 18.66 18.63 18.68 18.60 18.52 18.59 18.62 18.65 18.68 18.60 18.51 18.50 18.52 18.65 18.68 18.67 18.65 18.63 18.59 18.58 18.62 18.63 18.65 18.64 18.63 18.63 18.66 18.67 18.68 18.65 18.67 18.69 18.65 18.66 18.66 18.65 18.68 18.67 18.68 18.69 18.68 18.65 18.65 18.61 18.57 18.55 18.53 18.57 18.56 18.58 18.62 18.63 18.65 18.63 18.61 18.65 18.67 18.63 18.67 18.64 18.65 18.64 18.60 18.60 18.55 18.63 18.64 18.66 18.67 18.65 18.68 18.69 18.65 18.68 18.66 18.62
18.65 18.66 18.63 18.65 18.65 18.64 18.61 18.58 18.63 18.65 18.63 18.55 18.58 18.63 18.66 18.62 18.64 18.64 18.58 18.53 18.58 18.63 18.61 18.62 18.61 18.62 18.65 18.64 18.63 18.65 18.62 18.64 18.65 18.67 18.67 18.69 18.64 18.65 18.65 18.64 18.68 18.67 18.64 18.62 18.63 18.63 18.60 18.57 18.54 18.56 18.56 18.54 18.55 18.57 18.59 18.60 18.65 18.65 18.67 18.64 18.63 18.61 18.61 18.65 18.61 18.61 18.59 18.67 18.68 18.67 18.70 18.63 18.66 18.64 18.60 18.60 18.62
18.64 18.63 18.62 18.61 18.71 18.73 18.60 18.59 18.55 18.59 18.59 18.57 18.61 18.64 18.64 18.62 18.63 18.62 18.63 18.66 18.66 18.64 18.61 18.60 18.63 18.60 18.57 18.57 18.59 18.61 18.59 18.61 18.62 18.65 18.64 18.65 18.61 18.58 18.62 18.62 18.62 18.60 18.61 18.64 18.62 18.60 18.63 18.59 18.57 18.57 18.61 18.57 18.56 18.55 18.57 18.62 18.63 18.62 18.60 18.61 18.64 18.67 18.63 18.61 18.60 18.60 18.60 18.68 18.64 18.64 18.69 18.65 18.61 18.61 18.59 18.57 18.55
18.62 18.61 18.60 18.62 18.60 18.61 18.60 18.59 18.53 18.57 18.56 18.55 18.57 18.63 18.53 18.53 18.57 18.59 18.62 18.60 18.60 18.60 18.61 18.59 18.61 18.65 18.60 18.58 18.54 18.56 18.57 18.59 18.62 18.62 18.61 18.64 18.63 18.59 18.57 18.60 18.61 18.59 18.62 18.62 18.63 18.59 18.62 18.59 18.53 18.53 18.61 18.58 18.57 18.60 18.58 18.60 18.59 18.58 18.55 18.60 18.63 18.64 18.61 18.59 18.60 18.58 18.59 18.58 18.57 18.65 18.66 18.60 18.62 18.62 18.60 18.59 18.56
18.61 18.58 18.53 18.58 18.55 18.58 18.62 18.58 18.59 18.59 18.57 18.52 18.55 18.46 18.41 18.52 18.60 18.58 18.58 18.57 18.58 18.52 18.57 18.56 18.63 18.58 18.57 18.59 18.56 18.57 18.56 18.58 18.57 18.58 18.57 18.60 18.62 18.59 18.57 18.59 18.59 18.60 18.60 18.61 18.57 18.61 18.59 18.61 18.48 18.49 18.56 18.57 18.58 18.59 18.56 18.59 18.58 18.54 18.56 18.60 18.59 18.61 18.61 18.55 18.56 18.62 18.59 18.60 18.62 18.65 18.63 18.64 18.62 18.58 18.60 18.62 18.57
18.55 18.54 18.53 18.58 18.54 18.55 18.62 18.60 18.57 18.58 18.57 18.53 18.52 18.45 18.48 18.53 18.56 18.53 18.56 18.51 18.50 18.53 18.57 18.55 18.49 18.57 18.55 18.54 18.55 18.54 18.53 18.56 18.56 18.58 18.55 18.53 18.55 18.55 18.54 18.57 18.59 18.59 18.54 18.56 18.55 18.55 18.56 18.52 18.50 18.52 18.50 18.55 18.56 18.55 18.53 18.57 18.49 18.49 18.51 18.50 18.57 18.59 18.56 18.53 18.60 18.62 18.58 18.60 18.59 18.57 18.60 18.61 18.60 18.60 18.56 18.57 18.58
18.54 18.52 18.54 18.56 18.55 18.51 18.55 18.58 18.54 18.55 18.54 18.52 18.51 18.51 18.46 18.49 18.53 18.52 18.45 18.45 18.44 18.51 18.51 18.53 18.49 18.44 18.44 18.45 18.52 18.54 18.49 18.46 18.49 18.55 18.53 18.51 18.51 18.48 18.50 18.53 18.54 18.54 18.55 18.55 18.57 18.56 18.55 18.53 18.50 18.52 18.57 18.59 18.56 18.56 18.56 18.57 18.56 18.54 18.51 18.53 18.52 18.51 18.51 18.57 18.60 18.61 18.59 18.57 18.57 18.58 18.59 18.58 18.59 18.59 18.54 18.55 18.56
18.47 18.55 18.55 18.41 18.40 18.48 18.54 18.57 18.53 18.51 18.50 18.54 18.52 18.53 18.50 18.47 18.48 18.48 18.45 18.47 18.44 18.45 18.49 18.46 18.49 18.42 18.44 18.45 18.44 18.48 18.49 18.49 18.50 18.52 18.50 18.52 18.52 18.53 18.52 18.50 18.49 18.50 18.51 18.50 18.53 18.50 18.51 18.58 18.55 18.51 18.57 18.55 18.56 18.56 18.57 18.58 18.58 18.57 18.53 18.53 18.51 18.52 18.54 18.54 18.57 18.58 18.56 18.57 18.57 18.56 18.55 18.58 18.54 18.55 18.55 18.54 18.54
18.39 18.51 18.52 18.50 18.55 18.57 18.54 18.57 18.52 18.49 18.50 18.47 18.50 18.53 18.49 18.47 18.43 18.45 18.51 18.45 18.39 18.36 18.29 18.45 18.43 18.46 18.49 18.52 18.48 18.51 18.42 18.47 18.48 18.46 18.60 18.56 18.46 18.52 18.52 18.47 18.40 18.45 18.46 18.49 18.48 18.49 18.51 18.53 18.53 18.51 18.56 18.56 18.59 18.57 18.57 18.54 18.53 18.51 18.50 18.51 18.51 18.53 18.52 18.52 18.50 18.50 18.53 18.52 18.55 18.55 18.55 18.50 18.51 18.53 18.53 18.50 18.52
18.38 18.36 18.45 18.46 18.50 18.50 18.50 18.54 18.48 18.47 18.50 18.51 18.49 18.51 18.46 18.45 18.41 18.47 18.54 18.49 18.24 18.31 18.41 18.46 18.37 18.42 18.43 18.49 18.55 18.48 18.47 18.54 18.44 18.40 18.50 18.51 18.47 18.46 18.51 18.54 18.45 18.43 18.44 18.44 18.48 18.47 18.49 18.48 18.51 18.52 18.52 18.52 18.51 18.53 18.54 18.54 18.51 18.51 18.50 18.50 18.50 18.49 18.51 18.55 18.54 18.51 18.52 18.53 18.51 18.50 18.49 18.50 18.50 18.48 18.50 18.51 18.49
18.27 18.41 18.40 18.43 18.47 18.48 18.44 18.33 18.53 18.46 18.48 18.44 18.42 18.44 18.41 18.44 18.42 18.44 18.43 18.44 18.34 18.38 18.44 18.47 18.47 18.46 18.46 18.50 18.48 18.46 18.48 18.50 18.53 18.50 18.46 18.45 18.44 18.43 18.44 18.47 18.44 18.43 18.43 18.45 18.48 18.48 18.47 18.50 18.45 18.48 18.50 18.50 18.53 18.48 18.48 18.51 18.50 18.48 18.47 18.47 18.50 18.48 18.49 18.47 18.50 18.52 18.53 18.50 18.45 18.45 18.45 18.48 18.47 18.51 18.50 18.50 18.51
18.12 18.30 18.46 18.39 18.41 18.32 18.22 18.38 18.50 18.47 18.46 18.45 18.43 18.37 18.42 18.42 18.40 18.36 18.42 18.39 18.43 18.44 18.42 18.45 18.43 18.44 18.48 18.44 18.49 18.47 18.42 18.39 18.42 18.54 18.53 18.42 18.38 18.37 18.37 18.43 18.36 18.42 18.43 18.45 18.48 18.47 18.47 18.45 18.49 18.45 18.50 18.51 18.51 18.47 18.46 18.44 18.48 18.50 18.47 18.48 18.50 18.51 18.48 18.50 18.46 18.50 18.53 18.48 18.46 18.47 18.44 18.46 18.47 18.47 18.47 18.46 18.46
18.35 18.42 18.30 18.15 18.33 18.47 18.37 18.39 18.49 18.50 18.40 18.44 18.41 18.39 18.36 18.35 18.41 18.37 18.35 18.33 18.38 18.36 18.40 18.36 18.31 18.35 18.33 18.33 18.42 18.40 18.37 18.35 18.36 18.35 18.36 18.38 18.39 18.34 18.36 18.39 18.36 18.43 18.45 18.47 18.46 18.46 18.44 18.45 18.40 18.46 18.50 18.46 18.47 18.48 18.45 18.46 18.48 18.42 18.44 18.44 18.46 18.48 18.47 18.43 18.43 18.45 18.50 18.53 18.46 18.46 18.45 18.47 18.45 18.42 18.45 18.44 18.47
18.51 18.36 18.08 18.05 18.25 18.37 18.36 18.46 18.46 18.38 18.41 18.37 18.34 18.36 18.28 18.27 18.32 18.34 18.34 18.40 18.43 18.38 18.39 18.32 18.35 18.32 18.32 18.36 18.35 18.41 18.41 18.39 18.38 18.37 18.30 18.35 18.40 18.35 18.35 18.32 18.31 18.38 18.41 18.43 18.44 18.42 18.43 18.42 18.39 18.40 18.44 18.42 18.42 18.42 18.44 18.43 18.46 18.43 18.41 18.44 18.44 18.40 18.37 18.40 18.43 18.43 18.45 18.43 18.42 18.45 18.44 18.45 18.44 18.41 18.41 18.41 18.42
18.30 18.21 17.95 18.02 18.19 18.26 18.42 18.34 18.25 18.38 18.37 18.29 18.30 18.26 18.18 18.30 18.27 18.34 18.31 18.34 18.39 18.37 18.40 18.34 18.38 18.28 18.32 18.28 18.38 18.41 18.38 18.35 18.32 18.35 18.30 18.30 18.34 18.33 18.36 18.34 18.30 18.37 18.40 18.40 18.38 18.41 18.41 18.42 18.39 18.36 18.38 18.42 18.41 18.40 18.40 18.40 18.42 18.42 18.41 18.39 18.41 18.43 18.42 18.42 18.40 18.38 18.39 18.41 18.43 18.43 18.42 18.41 18.39 18.41 18.40 18.41 18.39
18.21 18.18 18.22 18.14 18.21 18.40 18.36 18.28 18.21 18.38 18.30 18.23 18.03 17.95 18.11 18.29 18.24 18.32 18.31 18.33 18.28 18.28 18.32 18.36 18.33 18.12 18.26 18.29 18.39 18.41 18.40 18.39 18.36 18.33 18.33 18.36 18.38 18.36 18.37 18.32 18.04 18.34 18.39 18.34 18.35 18.35 18.36 18.36 18.35 18.34 18.37 18.41 18.41 18.37 18.36 18.38 18.41 18.40 18.40 18.40 18.39 18.38 18.38 18.37 18.39 18.40 18.41 18.41 18.43 18.42 18.40 18.36 18.33 18.35 18.35 18.37 18.42
17.97 18.24 18.33 18.40 18.42 18.39 18.31 18.14 18.13 18.19 18.07 17.97 17.77 17.86 18.10 18.27 18.31 18.35 18.36 18.31 18.32 18.29 18.37 18.33 18.29 18.37 18.23 18.38 18.35 18.36 18.38 18.37 18.35 18.32 18.33 18.35 18.35 18.37 18.35 18.19 17.97 18.38 18.38 18.42 18.41 18.34 18.35 18.33 18.34 18.32 18.36 18.36 18.36 18.36 18.33 18.36 18.39 18.41 18.40 18.41 18.40 18.39 18.35 18.35 18.37 18.38 18.38 18.35 18.36 18.39 18.41 18.36 18.35 18.31 18.36 18.39 18.38
17.85 17.83 18.24 18.28 18.28 18.30 18.26 18.26 18.08 18.01 18.01 17.89 18.00 18.18 18.19 18.23 18.27 18.23 18.32 18.36 18.28 18.24 18.25 18.18 18.35 18.31 18.30 18.34 18.29 18.35 18.32 18.37 18.34 18.32 18.31 18.30 18.29 18.25 18.25 18.26 18.11 18.37 18.37 18.34 18.37 18.35 18.30 18.30 18.32 18.31 18.31 18.33 18.32 18.31 18.29 18.33 18.35 18.34 18.36 18.33 18.34 18.36 18.37 18.38 18.37 18.35 18.32 18.34 18.35 18.35 18.34 18.33 18.30 18.28 18.28 18.35 18.35
17.75 17.86 18.20 18.19 18.17 18.01 17.98 18.00 17.94 17.75 17.88 17.82 17.96 18.13 18.24 18.23 18.19 18.27 18.26 18.27 18.25 18.23 18.30 18.24 18.29 18.29 18.28 18.35 18.19 18.31 18.33 18.31 18.30 18.26 18.27 18.31 18.30 18.25 18.27 18.20 18.25 18.32 18.31 18.33 18.35 18.34 18.30 18.34 18.32 18.30 18.29 18.32 18.29 18.30 18.27 18.34 18.31 18.26 18.33 18.32 18.31 18.32 18.34 18.35 18.32 18.31 18.32 18.33 18.34 18.33 18.30 18.31 18.31 18.28 18.31 18.33 18.33
18.01 18.11 18.23 18.21 18.01 17.91 17.85 17.80 18.07 18.11 17.75 17.97 18.02 18.14 17.72 17.89 18.24 18.07 18.02 18.12 18.13 18.23 18.27 18.28 18.29 18.30 18.28 18.28 18.30 18.30 18.32 18.34 18.29 18.24 18.23 18.14 18.25 18.21 18.22 18.24 18.23 18.28 18.29 18.28 18.25 18.29 18.29 18.35 18.28 18.27 18.29 18.29 18.29 18.28 18.32 18.30 18.32 18.30 18.28 18.31 18.28 18.26 18.26 18.29 18.30 18.28 18.29 18.32 18.33 18.34 18.36 18.31 18.29 18.28 18.30 18.30 18.31
18.09 18.04 18.13 18.08 17.87 17.61 18.00 17.95 18.14 18.19 17.99 18.01 18.33 17.98 17.78 18.05 18.13 17.99 18.21 18.13 18.29 18.15 18.20 18.26 18.24 18.26 18.26 18.25 18.27 18.29 18.25 18.29 18.10 18.05 18.26 18.01 18.09 18.24 18.20 18.24 18.22 18.22 18.22 18.23 18.26 18.25 18.27 18.28 18.23 18.27 18.25 18.26 18.28 18.24 18.25 18.27 18.27 18.27 18.28 18.26 18.25 18.23 18.20 18.23 18.26 18.24 18.24 18.27 18.30 18.31 18.30 18.28 18.21 18.24 18.27 18.29 18.30
18.02 17.90 17.73 17.84 17.39 17.67 18.13 17.80 18.02 17.99 17.94 18.10 18.11 18.14 18.08 18.20 18.12 17.72 17.99 18.08 18.18 18.16 18.19 18.13 18.14 18.24 18.22 18.25 18.25 18.16 18.26 17.82 17.46 18.15 18.22 18.03 18.20 18.23 18.20 18.23 18.23 18.23 18.21 18.21 18.20 18.23 18.26 18.24 18.20 18.23 18.21 18.22 18.25 18.27 18.24 18.26 18.28 18.26 18.26 18.25 18.25 18.20 18.17 18.21 18.24 18.23 18.22 18.26 18.26 18.25 18.23 18.25 18.23 18.24 18.26 18.33 18.30
17.86 17.73 17.28 17.78 17.31 17.52 17.98 17.88 17.91 17.91 17.75 17.83 18.00 17.94 18.12 18.01 18.10 18.11 18.06 18.13 18.08 18.14 18.11 18.18 18.23 18.24 18.21 18.22 18.19 18.21 17.98 17.32 17.97 18.23 18.16 18.10 18.25 18.22 18.24 18.21 18.23 18.21 18.21 18.19 18.22 18.23 18.21 18.18 18.19 18.18 18.16 18.16 18.22 18.22 18.22 18.24 18.24 18.23 18.21 18.13 18.20 18.16 18.17 18.21 18.18 18.17 18.15 18.16 18.24 18.20 18.20 18.22 18.24 18.22 18.28 18.36 18.31
17.59 17.59 17.29 17.94 18.11 18.04 17.88 17.61 18.00 17.82 18.05 17.43 17.82 17.77 17.83 18.22 18.16 18.16 18.18 18.09 17.99 18.12 18.09 18.13 18.15 18.17 18.18 18.20 18.16 18.11 17.84 17.97 18.24 18.23 18.24 18.17 18.26 18.24 18.18 18.22 18.24 18.21 18.21 18.24 18.23 18.23 18.22 18.19 18.16 18.13 18.13 18.15 18.17 18.18 18.20 18.22 18.22 18.19 18.19 17.95 17.97 18.13 18.19 18.22 18.21 18.17 18.13 18.17 18.10 18.22 18.19 18.16 18.24 18.26 18.23 18.21 18.25
17.50 17.22 17.40 17.65 17.76 17.61 17.77 17.70 17.81 18.16 18.10 17.53 17.92 17.90 17.79 18.16 18.15 18.09 18.14 18.06 18.12 18.11 17.99 18.09 18.11 18.14 18.15 18.18 18.16 17.98 18.05 17.80 18.06 18.23 18.21 18.22 18.23 18.22 18.22 18.22 18.22 18.23 18.21 18.25 18.26 18.19 18.13 18.17 18.16 18.16 18.11 18.15 18.16 18.16 18.18 18.20 18.18 18.13 18.16 18.08 17.63 18.17 18.19 18.18 18.18 18.17 18.15 18.22 18.21 18.13 18.18 18.19 18.24 18.19 18.15 18.17 18.22
17.60 17.82 17.82 17.75 17.88 17.01 17.64 17.70 17.63 17.87 17.90 17.70 17.85 18.19 18.09 18.20 18.19 18.15 18.12 18.12 18.04 18.07 18.02 18.10 18.11 18.18 18.04 18.13 18.14 17.96 18.12 17.88 18.16 18.10 18.18 18.17 18.23 18.23 18.22 18.19 18.20 18.20 18.22 18.21 18.20 18.18 18.15 18.12 18.15 18.14 18.16 18.13 18.14 18.15 18.17 18.19 18.11 18.15 18.18 18.18 18.18 18.18 18.23 18.19 18.18 18.19 18.17 18.12 18.18 18.12 18.08 18.10 18.04 18.14 18.12 18.16 18.18
17.39 17.59 17.67 17.69 17.90 17.73 17.94 17.62 17.50 17.94 18.16 18.00 17.98 18.11 18.03 18.12 18.10 18.08 18.15 18.03 17.97 18.09 18.08 18.06 18.10 18.11 17.80 17.79 18.05 17.95 18.17 18.16 18.11 18.04 18.14 18.17 18.15 18.21 18.19 18.16 18.18 18.21 18.21 18.23 18.21 18.15 18.10 18.11 18.12 18.12 18.12 18.14 18.15 18.16 18.15 18.14 18.11 18.09 18.11 18.13 18.16 18.13 18.14 18.11 18.13 18.16 18.15 18.13 18.12 18.08 18.09 18.07 18.09 18.09 18.12 18.15 18.22
17.77 17.87 17.59 17.73 17.64 17.78 18.10 18.06 17.90 18.08 17.98 18.25 18.11 18.03 17.99 18.13 18.13 18.15 18.11 18.07 18.07 18.03 17.85 17.55 17.86 18.05 18.02 17.98 17.94 18.10 18.08 18.12 18.11 18.14 18.13 18.16 18.16 18.17 18.17 18.17 18.15 18.17 18.18 18.20 18.12 18.12 18.09 18.11 18.11 18.09 18.11 18.13 18.11 18.16 18.18 18.13 18.08 18.08 18.11 18.11 18.11 18.12 18.12 18.11 18.11 18.12 18.15 18.16 18.12 18.10 18.08 18.07 18.05 18.08 18.11 18.09 18.10
17.98 17.95 17.58 17.71 17.67 17.77 17.94 17.98 18.00 18.02 17.95 18.04 18.03 18.17 18.18 18.15 18.14 18.15 18.01 18.02 18.07 17.70 17.41 18.04 18.07 17.93 17.73 17.98 18.09 18.09 18.08 18.07 18.03 17.93 18.04 18.06 18.14 18.16 18.16 18.16 18.14 18.17 18.11 18.12 18.14 18.14 18.10 18.08 18.11 18.13 18.07 18.08 18.08 18.07 18.10 18.09 18.08 18.06 18.06 18.04 18.03 18.06 18.10 18.17 18.12 18.09 18.14 18.15 18.07 18.07 18.09 18.06 18.10 18.09 18.08 18.10 18.09
17.92 17.60 17.69 17.89 17.83 17.80 18.14 18.04 18.10 18.05 17.84 18.08 18.11 18.10 18.10 18.10 18.11 18.06 17.99 17.97 17.64 17.90 17.74 17.95 17.92 17.87 18.00 18.15 18.10 17.99 18.09 18.03 17.71 18.00 18.08 18.10 18.11 18.14 18.10 18.12 18.13 18.13 18.11 18.12 18.15 18.12 18.11 18.08 18.10 18.11 18.11 18.11 18.11 18.09 18.05 18.04 18.00 18.12 18.10 18.07 18.09 18.13 18.11 18.10 18.09 18.08 18.09 18.12 18.06 18.07 18.09 18.07 18.00 18.08 18.09 18.09 18.09
17.31 17.50 17.77 17.94 17.95 17.81 17.91 17.99 18.08 18.03 18.03 18.07 18.07 18.08 18.11 18.09 18.05 17.81 18.09 17.84 17.43 17.70 17.85 17.89 17.98 17.99 18.04 18.05 18.07 18.08 18.10 18.02 17.81 18.07 18.07 18.07 18.08 18.09 18.08 18.12 18.12 18.11 18.11 18.11 18.10 18.11 18.11 18.10 18.10 18.08 18.03 18.06 18.07 18.03 18.05 18.04 18.09 18.07 18.05 18.05 18.07 18.07 18.11 18.10 18.10 18.08 18.11 18.09 18.07 18.07 18.05 18.07 18.05 18.05 18.09 18.07 18.05
