Files/BOM data/2019072020190720.grid
ncols 839
nrows 679
xllcenter 112.0500
yllcenter -43.9500
cellsize 0.0500
nodata_value 99999.90
[rows 204 to 237 of 679, columns 462 to 538 of 839]
17.95 17.98 18.02 18.01 17.98 17.99 17.97 17.90 17.89 17.95 18.01 18.02 18.02 18.02 18.01 18.00 18.00 17.97 18.01 18.02 18.02 17.96 17.95 17.97 17.89 17.86 17.94 17.93 17.90 17.93 17.95 17.91 17.93 17.99 17.98 17.94 17.98 18.00 17.95 18.07 18.01 18.08 18.01 18.02 17.96 18.00 17.98 18.03 18.05 18.02 18.00 17.98 17.92 17.90 17.92 17.96 17.91 18.02 17.99 17.99 18.01 18.11 18.09 18.03 18.02 18.00 17.92 17.87 17.89 17.95 17.93 17.93 17.85 17.90 17.86 17.90 17.88
17.99 17.98 17.94 18.01 17.97 17.92 17.79 17.95 17.98 17.96 17.98 18.00 18.01 18.01 18.01 18.01 18.00 18.00 18.00 18.00 17.96 17.93 17.92 17.93 17.95 17.93 17.88 17.90 17.86 17.83 17.87 17.92 17.90 17.97 18.05 18.03 17.95 18.02 17.98 17.99 17.83 17.99 18.07 18.11 18.02 17.92 17.97 17.98 17.99 18.01 17.97 17.88 17.89 17.72 17.80 17.89 17.95 17.96 18.05 18.00 17.98 18.02 18.06 18.06 18.01 18.00 17.97 17.95 17.94 17.92 17.97 17.87 17.95 17.95 17.93 17.92 17.94
17.87 17.91 17.96 17.97 17.96 17.89 17.90 17.97 18.01 17.95 17.91 17.95 17.97 17.99 17.98 17.97 17.98 17.99 18.01 17.95 17.92 17.91 17.91 17.93 17.96 17.97 17.98 18.03 17.98 17.93 17.93 17.94 17.97 18.01 18.04 18.03 17.97 18.00 18.02 17.97 17.80 17.81 17.89 18.02 18.03 17.98 17.94 18.10 18.05 17.94 17.91 17.73 17.77 17.81 17.84 17.85 17.85 17.83 17.91 17.84 17.80 17.85 17.93 17.93 17.85 17.81 17.79 17.89 17.89 17.87 17.84 17.92 17.97 17.94 17.89 17.90 17.92
17.88 17.94 17.93 17.96 17.87 17.82 17.97 18.03 17.93 17.96 17.95 17.95 17.97 17.97 17.96 17.97 17.97 17.98 17.95 17.96 17.91 17.88 17.88 17.93 17.96 17.95 17.99 18.04 18.04 17.96 17.95 17.98 18.01 18.02 18.03 18.07 18.01 17.96 17.90 17.88 17.83 17.79 17.80 17.91 18.00 17.94 17.90 17.98 17.98 17.86 17.85 17.83 17.75 17.80 17.79 17.82 17.73 17.80 17.92 17.91 17.90 17.84 17.82 17.87 17.93 17.90 17.92 17.90 17.90 17.89 17.94 17.91 17.93 17.96 17.93 17.84 17.90
17.89 17.92 17.88 17.85 17.87 17.88 17.90 17.96 17.95 17.93 17.93 17.94 17.93 17.91 17.92 17.92 17.93 17.95 17.92 17.92 17.90 17.88 17.85 17.89 17.92 17.94 17.97 17.97 18.01 18.01 17.98 17.95 17.96 18.03 18.03 18.01 17.94 17.85 17.87 17.88 17.85 17.80 17.75 17.72 17.77 17.88 17.89 17.83 17.81 17.85 17.88 17.89 17.86 17.86 17.75 17.80 17.79 17.80 17.88 17.93 17.90 17.87 17.90 17.87 17.92 17.90 17.96 17.93 17.86 17.90 17.90 17.91 17.91 17.93 17.92 17.78 17.82
17.84 17.86 17.87 17.92 17.90 17.89 17.91 17.84 17.89 17.91 17.92 17.94 17.93 17.94 17.90 17.90 17.93 17.92 17.90 17.85 17.92 17.90 17.88 17.97 17.93 17.90 17.94 17.95 17.95 18.00 18.00 17.95 17.96 17.98 17.98 17.94 17.88 17.85 17.86 17.87 17.87 17.82 17.81 17.79 17.68 17.81 17.86 17.88 17.84 17.83 17.85 17.90 17.86 17.88 17.80 17.76 17.74 17.79 17.88 17.91 17.92 17.89 17.95 17.96 17.92 17.92 17.89 17.90 17.89 17.92 17.89 17.93 17.91 17.90 17.90 17.88 17.84
17.82 17.77 17.85 17.90 17.90 17.86 17.86 17.85 17.84 17.86 17.86 17.86 17.89 17.89 17.89 17.88 17.88 17.85 17.85 17.88 17.84 17.84 17.84 17.93 17.92 17.86 17.87 17.90 17.93 17.96 18.00 17.94 17.89 17.94 17.97 17.93 17.88 17.85 17.85 17.85 17.83 17.84 17.86 17.90 17.81 17.73 17.83 17.84 17.84 17.89 17.89 17.89 17.79 17.80 17.75 17.73 17.70 17.84 17.91 17.94 17.88 17.82 17.88 17.90 17.95 17.92 17.91 17.87 17.93 17.91 17.85 17.91 17.91 17.76 17.75 17.81 17.74
17.83 17.79 17.84 17.84 17.83 17.79 17.83 17.83 17.83 17.83 17.81 17.82 17.84 17.86 17.86 17.87 17.87 17.86 17.80 17.79 17.82 17.83 17.82 17.79 17.83 17.84 17.83 17.85 17.91 17.92 17.90 17.87 17.86 17.90 17.96 17.93 17.85 17.82 17.82 17.83 17.82 17.79 17.80 17.88 17.86 17.63 17.62 17.64 17.72 17.82 17.83 17.82 17.73 17.77 17.78 17.76 17.73 17.76 17.78 17.73 17.81 17.82 17.78 17.76 17.75 17.84 17.90 17.74 17.84 17.83 17.82 17.76 17.74 17.78 17.80 17.84 17.85
17.72 17.76 17.78 17.81 17.79 17.75 17.80 17.84 17.85 17.83 17.82 17.77 17.78 17.79 17.81 17.85 17.82 17.83 17.81 17.80 17.85 17.86 17.84 17.78 17.80 17.80 17.82 17.80 17.85 17.93 17.87 17.76 17.83 17.90 17.93 17.86 17.81 17.81 17.81 17.81 17.82 17.77 17.80 17.86 17.88 17.81 17.80 17.50 17.43 17.61 17.73 17.77 17.71 17.71 17.78 17.81 17.79 17.76 17.75 17.74 17.74 17.74 17.73 17.68 17.70 17.74 17.79 17.63 17.70 17.79 17.83 17.79 17.81 17.74 17.68 17.71 17.81
17.69 17.68 17.72 17.76 17.72 17.74 17.74 17.81 17.83 17.78 17.78 17.79 17.76 17.77 17.75 17.80 17.78 17.77 17.80 17.82 17.84 17.92 17.91 17.82 17.77 17.76 17.77 17.76 17.75 17.80 17.78 17.77 17.83 17.87 17.87 17.80 17.76 17.80 17.81 17.81 17.81 17.79 17.78 17.78 17.82 17.84 17.82 17.81 17.50 17.49 17.65 17.69 17.72 17.68 17.69 17.79 17.77 17.74 17.68 17.72 17.70 17.77 17.70 17.60 17.72 17.78 17.72 17.69 17.72 17.90 17.84 17.81 17.81 17.68 17.48 17.60 17.74
17.74 17.73 17.71 17.66 17.59 17.75 17.74 17.81 17.79 17.78 17.78 17.78 17.75 17.69 17.75 17.74 17.74 17.75 17.81 17.84 17.85 17.85 17.86 17.81 17.75 17.74 17.76 17.75 17.78 17.78 17.76 17.75 17.81 17.85 17.82 17.75 17.74 17.78 17.80 17.76 17.76 17.76 17.75 17.75 17.77 17.80 17.81 17.80 17.75 17.42 17.47 17.70 17.73 17.73 17.70 17.71 17.82 17.82 17.75 17.70 17.72 17.67 17.56 17.58 17.71 17.79 17.73 17.78 17.81 17.80 17.80 17.81 17.77 17.64 17.48 17.40 17.61
17.77 17.78 17.73 17.63 17.73 17.76 17.79 17.78 17.77 17.77 17.78 17.78 17.78 17.75 17.72 17.73 17.73 17.81 17.84 17.84 17.80 17.83 17.84 17.80 17.79 17.75 17.77 17.74 17.74 17.77 17.74 17.75 17.78 17.80 17.79 17.73 17.66 17.71 17.70 17.72 17.75 17.74 17.76 17.77 17.77 17.78 17.78 17.80 17.79 17.71 17.50 17.61 17.72 17.77 17.67 17.66 17.81 17.79 17.74 17.74 17.69 17.62 17.60 17.66 17.74 17.73 17.82 17.78 17.73 17.70 17.64 17.77 17.75 17.69 17.59 17.50 17.62
17.70 17.63 17.68 17.75 17.78 17.79 17.77 17.76 17.75 17.72 17.74 17.75 17.76 17.77 17.77 17.74 17.75 17.78 17.80 17.81 17.79 17.80 17.77 17.78 17.77 17.74 17.76 17.74 17.72 17.73 17.72 17.71 17.73 17.74 17.75 17.77 17.71 17.75 17.71 17.74 17.76 17.77 17.76 17.75 17.74 17.76 17.75 17.75 17.74 17.75 17.60 17.57 17.56 17.66 17.74 17.71 17.75 17.77 17.76 17.68 17.68 17.63 17.56 17.61 17.69 17.70 17.71 17.68 17.59 17.63 17.69 17.67 17.70 17.69 17.60 17.68 17.71
17.66 17.67 17.77 17.77 17.74 17.77 17.73 17.68 17.75 17.72 17.72 17.74 17.76 17.76 17.77 17.74 17.77 17.80 17.81 17.82 17.79 17.80 17.76 17.77 17.73 17.72 17.74 17.73 17.77 17.69 17.70 17.69 17.73 17.73 17.74 17.76 17.71 17.69 17.68 17.67 17.73 17.73 17.68 17.69 17.71 17.70 17.72 17.72 17.72 17.70 17.65 17.61 17.56 17.67 17.72 17.66 17.72 17.76 17.76 17.76 17.73 17.72 17.63 17.55 17.61 17.68 17.67 17.62 17.50 17.58 17.61 17.60 17.57 17.64 17.59 17.64 17.66
17.70 17.69 17.74 17.71 17.67 17.66 17.68 17.69 17.67 17.69 17.65 17.71 17.74 17.74 17.80 17.72 17.77 17.78 17.79 17.76 17.76 17.76 17.72 17.75 17.72 17.71 17.72 17.73 17.68 17.66 17.67 17.70 17.70 17.71 17.72 17.73 17.71 17.66 17.68 17.67 17.68 17.70 17.71 17.68 17.63 17.65 17.67 17.70 17.71 17.69 17.69 17.60 17.67 17.65 17.67 17.72 17.56 17.60 17.72 17.75 17.73 17.71 17.68 17.59 17.62 17.62 17.55 17.43 17.50 17.49 17.58 17.59 17.48 17.53 17.57 17.62 17.58
17.70 17.65 17.72 17.69 17.64 17.66 17.66 17.59 17.58 17.67 17.58 17.71 17.68 17.68 17.65 17.61 17.73 17.77 17.77 17.78 17.77 17.74 17.72 17.76 17.74 17.73 17.78 17.73 17.67 17.70 17.67 17.65 17.67 17.69 17.70 17.71 17.70 17.68 17.68 17.66 17.73 17.66 17.60 17.61 17.58 17.35 17.55 17.64 17.66 17.67 17.68 17.65 17.58 17.64 17.62 17.59 17.39 17.43 17.63 17.66 17.71 17.71 17.67 17.67 17.62 17.55 17.53 17.48 17.41 17.48 17.49 17.52 17.54 17.67 17.56 17.59 17.62
17.62 17.62 17.65 17.67 17.64 17.66 17.65 17.61 17.66 17.59 17.56 17.49 17.48 17.56 17.54 17.54 17.70 17.75 17.75 17.77 17.75 17.74 17.73 17.72 17.72 17.70 17.72 17.77 17.67 17.66 17.64 17.66 17.67 17.65 17.66 17.68 17.69 17.67 17.61 17.16 16.79 17.26 16.97 17.11 17.23 16.79 17.31 17.55 17.40 17.54 17.56 17.63 17.42 17.36 17.41 17.57 17.48 17.24 17.56 17.63 17.61 17.66 17.66 17.62 17.63 17.55 17.53 17.57 17.47 17.39 17.38 17.49 17.66 17.65 17.61 17.62 17.57
17.60 17.57 17.60 17.64 17.62 17.65 17.62 17.67 17.67 17.68 17.66 17.65 17.63 17.54 17.63 17.66 17.72 17.75 17.74 17.74 17.73 17.70 17.70 17.69 17.71 17.69 17.52 17.55 17.75 17.64 17.60 17.64 17.62 17.65 17.63 17.60 17.62 17.63 17.42 16.76 16.77 16.91 17.04 17.00 16.97 17.02 17.28 17.35 17.58 17.50 17.28 17.45 17.51 17.04 17.15 17.51 17.57 17.42 17.29 17.46 17.59 17.63 17.63 17.64 17.60 17.52 17.44 17.46 17.52 17.44 17.36 17.60 17.53 17.60 17.55 17.49 17.43
17.58 17.53 17.53 17.51 17.54 17.53 17.63 17.57 17.58 17.51 17.43 17.43 17.42 17.59 17.65 17.66 17.67 17.70 17.71 17.70 17.72 17.68 17.44 17.60 17.67 17.60 17.48 17.20 17.69 17.62 17.58 17.59 17.58 17.60 17.63 17.60 17.62 17.62 17.38 17.03 16.85 16.91 17.18 17.08 17.26 17.25 17.10 17.15 17.40 17.33 17.18 17.19 17.48 17.46 17.30 17.21 17.49 17.43 17.33 17.30 17.29 17.45 17.64 17.61 17.54 17.46 17.48 17.38 17.42 17.45 17.57 17.60 17.61 17.64 17.61 17.46 17.38
17.57 17.51 17.53 17.53 17.55 17.61 17.54 17.56 17.56 17.57 17.55 17.50 17.42 17.56 17.52 17.41 17.23 17.30 17.45 17.57 17.64 17.62 17.21 17.42 17.62 17.56 17.60 17.43 17.66 17.65 17.58 17.59 17.60 17.60 17.63 17.61 17.63 17.11 16.91 16.85 16.71 16.93 17.18 17.20 17.40 17.25 17.27 17.46 17.18 16.68 16.78 16.84 17.01 17.10 17.16 17.04 17.09 17.16 17.24 17.34 17.14 17.03 17.55 17.50 17.46 17.42 17.44 17.58 17.45 17.34 17.54 17.61 17.61 17.55 17.57 17.45 17.46
17.60 17.56 17.60 17.61 17.56 17.58 17.53 17.51 17.55 17.51 17.59 17.67 17.56 17.57 17.61 17.64 17.64 17.59 17.52 17.59 17.67 17.62 17.52 17.45 17.60 17.57 17.52 17.56 17.58 17.64 17.60 17.59 17.59 17.52 17.05 17.58 16.90 16.88 16.85 17.16 17.28 17.43 17.36 17.23 17.35 17.27 17.41 17.21 17.08 17.24 17.20 16.85 16.49 16.79 17.05 16.77 16.74 16.77 16.80 17.10 17.12 17.10 17.23 17.47 17.43 17.34 17.39 17.52 17.13 17.13 17.48 17.57 17.57 17.55 17.46 17.45 17.39
17.55 17.54 17.59 17.53 17.50 17.55 17.53 17.50 17.52 17.53 17.57 17.62 17.61 17.59 17.59 17.59 17.61 17.61 17.61 17.60 17.64 17.65 17.65 17.59 17.59 17.58 17.58 17.58 17.63 17.62 17.58 17.57 17.56 17.61 17.27 17.38 17.11 17.28 17.35 17.13 17.40 17.51 17.45 17.45 17.28 17.34 17.41 17.22 17.36 17.47 17.50 17.02 16.99 17.06 17.07 17.19 16.67 16.78 16.76 16.73 16.81 16.93 17.04 17.24 17.36 17.32 17.32 17.14 17.09 17.19 17.50 17.52 17.55 17.48 17.45 17.41 17.36
17.46 17.48 17.47 17.52 17.50 17.48 17.49 17.52 17.49 17.48 17.46 17.52 17.45 17.29 17.46 17.56 17.55 17.56 17.63 17.60 17.62 17.64 17.59 17.57 17.59 17.57 17.53 17.57 17.54 17.57 17.57 17.51 17.55 17.57 17.41 17.37 17.15 17.30 17.52 17.26 17.02 17.47 17.50 17.48 17.17 17.10 17.28 17.00 17.01 17.26 17.27 17.28 17.41 17.26 17.04 16.81 16.71 16.76 16.64 16.67 16.56 16.75 16.85 16.98 17.01 17.00 16.98 16.79 16.96 17.48 17.49 17.47 17.49 17.47 17.49 17.46 17.32
17.41 17.45 17.41 17.42 17.38 17.38 17.45 17.47 17.52 17.44 17.46 17.47 17.50 17.52 17.54 17.51 17.48 17.50 17.57 17.59 17.54 17.56 17.55 17.54 17.59 17.57 17.52 17.52 17.53 17.54 17.56 17.52 17.54 17.56 17.42 17.21 17.27 17.48 17.42 17.22 16.97 17.53 17.58 17.55 17.36 17.37 17.35 17.03 16.87 17.17 17.32 17.44 17.34 17.19 17.38 17.21 16.99 16.87 16.75 16.73 16.56 16.59 16.81 16.95 17.04 16.75 16.87 16.72 16.48 17.38 17.36 17.31 17.35 17.43 17.45 17.41 17.32
17.39 17.38 17.40 17.40 17.36 17.23 17.46 17.35 17.30 17.40 17.38 17.48 17.46 17.48 17.51 17.50 17.47 17.44 17.49 17.52 17.46 17.44 17.51 17.54 17.53 17.52 17.49 17.51 17.51 17.54 17.51 17.47 17.49 17.41 17.10 17.27 17.39 17.23 16.98 17.19 17.37 17.50 17.28 17.17 16.73 17.21 17.33 17.32 17.35 17.21 17.13 17.24 17.11 16.98 17.08 17.19 17.20 17.11 16.92 16.95 16.67 16.56 16.78 17.10 16.94 16.89 16.89 16.63 16.79 17.19 17.31 17.25 17.32 17.35 17.36 17.32 17.36
17.21 17.38 17.38 17.41 17.36 17.32 17.35 17.34 17.32 17.36 17.47 17.33 17.40 17.49 17.46 17.48 17.48 17.43 17.41 17.44 17.40 17.43 17.47 17.51 17.50 17.49 17.48 17.49 17.49 17.48 17.41 17.39 17.32 17.20 17.03 17.40 17.40 17.22 17.13 17.25 17.29 16.85 16.56 16.65 16.66 16.96 16.80 16.93 17.17 17.17 16.90 16.94 17.07 17.11 17.18 16.99 17.15 17.10 17.30 17.24 16.96 16.45 16.73 16.85 16.94 16.78 16.75 16.53 16.72 17.23 17.30 17.29 17.18 17.12 17.14 17.22 17.23
17.35 17.31 17.33 17.31 17.38 17.44 17.48 17.36 17.36 17.48 17.52 17.39 17.41 17.50 17.50 17.43 17.45 17.41 17.40 17.44 17.43 17.41 17.45 17.47 17.44 17.43 17.45 17.48 17.47 17.42 17.39 17.38 17.10 17.18 17.18 17.27 17.21 17.15 16.99 16.95 16.76 16.58 16.71 16.84 16.91 17.12 17.14 17.08 17.03 17.06 16.82 17.06 16.91 16.94 16.89 16.92 17.00 17.06 17.28 17.25 17.19 16.93 16.84 17.09 17.05 17.01 16.80 16.71 16.82 17.31 17.19 16.60 16.79 16.80 16.38 16.45 16.79
17.37 17.36 17.33 17.34 17.31 17.33 17.44 17.43 17.41 17.47 17.45 17.42 17.48 17.47 17.43 17.44 17.46 17.46 17.41 17.41 17.43 17.48 17.37 17.40 17.40 17.45 17.41 17.41 17.33 17.15 17.14 17.23 17.04 17.07 17.01 17.10 17.20 17.26 17.12 16.91 17.04 16.89 17.04 16.96 17.10 17.06 17.10 17.17 17.09 17.19 17.17 16.96 16.83 17.04 16.95 16.96 16.86 16.86 17.20 17.37 17.31 16.96 16.94 16.87 16.76 16.93 16.96 16.87 17.03 17.24 16.81 16.73 16.77 16.75 16.87 17.00 16.97
17.34 17.36 17.34 17.35 17.37 17.32 17.37 17.41 17.39 17.42 17.40 17.44 17.44 17.46 17.42 17.42 17.46 17.44 17.42 17.42 17.49 17.52 17.41 17.33 17.48 17.40 17.30 17.24 17.16 16.97 16.97 17.10 17.07 16.98 17.11 17.06 17.12 17.14 16.99 17.17 16.76 16.95 16.75 16.95 17.13 17.01 16.97 17.11 17.12 17.22 17.21 17.20 17.01 16.89 16.70 16.89 17.16 17.08 16.94 17.29 17.20 17.24 17.02 16.96 16.78 16.87 16.91 17.12 16.95 16.94 16.33 16.54 16.54 16.53 16.61 16.97 16.93
17.38 17.35 17.35 17.38 17.40 17.33 17.36 17.37 17.37 17.41 17.39 17.43 17.45 17.43 17.38 17.40 17.39 17.40 17.39 17.37 17.44 17.50 17.47 17.35 17.43 17.23 17.14 17.16 17.00 16.98 17.16 17.08 16.99 17.05 17.05 17.08 17.25 17.12 17.14 17.14 17.02 17.04 17.10 17.06 17.23 17.04 16.92 16.83 16.94 17.00 17.31 17.23 17.17 17.10 16.83 16.91 16.84 16.86 16.88 17.13 17.21 17.24 17.15 16.99 16.89 17.07 16.90 16.92 17.06 16.77 16.61 16.42 16.34 16.56 16.50 16.56 16.85
17.37 17.37 17.23 17.17 17.07 17.09 17.28 17.34 17.35 17.36 17.34 17.40 17.42 17.39 17.42 17.38 17.36 17.39 17.34 17.38 17.42 17.45 17.46 17.42 17.22 16.98 16.93 17.01 17.11 17.15 17.14 17.12 17.00 17.04 17.13 17.12 17.20 17.06 16.79 17.25 17.31 17.19 16.99 17.08 17.06 17.00 16.59 16.83 16.90 16.99 17.11 17.18 17.18 17.22 17.19 17.08 16.92 16.84 16.96 17.06 17.03 17.23 17.27 16.77 16.97 16.75 16.70 16.25 16.70 16.41 16.71 16.18 16.30 16.63 16.57 16.56 16.70
17.26 17.24 17.09 17.02 17.10 17.17 17.28 17.37 17.38 17.38 17.37 17.35 17.33 17.35 17.32 17.31 17.30 17.32 17.30 17.37 17.45 17.38 17.27 17.18 16.98 17.10 17.03 17.07 17.02 17.02 17.09 17.06 17.12 17.01 17.09 17.17 17.13 17.13 17.15 17.19 17.21 17.16 17.04 17.10 17.03 17.03 16.84 16.98 16.95 17.00 17.08 17.17 17.17 17.10 17.17 17.13 17.06 17.09 16.91 16.98 16.94 17.00 17.22 17.06 16.73 16.70 16.67 16.44 16.58 16.66 16.70 16.39 16.21 16.53 16.43 16.71 16.82
17.24 17.25 17.26 17.27 17.34 17.30 17.23 17.18 17.34 17.37 17.38 17.40 17.40 17.35 17.32 17.31 17.28 17.28 17.23 17.23 17.21 17.15 17.10 17.07 17.13 17.13 17.11 17.04 17.05 17.01 17.05 16.97 17.11 17.11 17.10 17.18 17.21 17.14 17.20 17.13 17.17 17.19 17.22 17.13 17.09 17.13 17.06 16.92 17.01 16.99 17.04 17.16 17.15 17.06 17.06 17.02 16.92 17.00 16.95 16.81 16.78 16.88 16.88 16.93 16.73 16.90 16.86 16.45 16.49 16.75 16.62 16.27 16.08 16.54 16.76 16.78 16.80
17.31 17.31 17.35 17.34 17.30 17.16 17.13 17.30 17.32 17.33 17.33 17.33 17.33 17.32 17.31 17.32 17.31 17.21 17.16 17.08 17.17 17.13 17.05 17.10 17.13 17.13 17.10 17.03 17.01 17.03 16.99 17.01 17.09 17.10 17.14 17.14 17.26 17.12 17.12 17.13 17.21 17.27 17.29 17.15 17.23 17.20 17.14 17.04 16.96 17.03 17.04 17.15 17.06 17.00 17.00 16.99 16.84 16.83 16.92 16.96 16.94 16.65 16.43 16.42 16.79 16.82 16.83 16.71 16.38 16.57 16.77 16.47 16.42 16.77 16.59 16.71 16.91
