Files/BOM data/2019071520190715.grid
ncols 839
nrows 679
xllcenter 112.0500
yllcenter -43.9500
cellsize 0.0500
nodata_value 99999.90
[rows 476 to 509 of 679, columns 693 to 769 of 839]
9.90 9.67 10.10 10.45 10.67 10.45 10.55 10.78 10.69 10.41 9.97 10.20 10.25 9.85 10.01 9.85 9.94 9.83 9.47 9.44 9.61 9.63 8.86 8.36 8.20 7.93 8.18 7.32 7.97 8.13 9.51 8.89 8.17 8.15 8.10 8.36 9.08 10.12 10.59 10.38 10.14 9.51 10.23 9.79 9.79 9.58 8.76 7.51 9.08 9.54 8.54 7.31 8.44 8.12 8.26 7.28 8.71 8.85 8.34 7.97 8.35 8.35 8.78 9.47 9.71 9.97 10.01 10.47 10.95 11.47 11.65 11.66 11.78 11.75 11.75 11.76 11.79
8.87 9.55 10.17 10.16 10.60 10.71 10.65 10.47 10.14 10.19 10.10 10.06 10.00 10.19 10.15 9.99 10.25 9.83 9.41 9.12 8.81 9.10 8.98 8.62 8.07 7.17 7.34 8.34 8.48 7.71 8.73 9.37 8.07 8.05 8.37 9.34 9.80 10.13 9.66 9.64 10.52 10.29 9.63 9.95 10.15 9.48 9.70 8.96 8.70 8.84 8.58 8.60 8.90 8.25 8.19 7.63 7.68 8.02 8.29 8.30 8.97 8.43 8.77 9.22 9.70 9.86 9.93 9.93 11.00 11.63 11.70 11.72 11.73 11.74 11.67 11.70 11.75
9.29 9.82 9.84 10.22 10.46 10.25 9.93 9.99 9.84 9.93 10.20 9.63 10.59 10.47 9.90 9.88 10.04 9.12 9.13 8.91 8.32 8.81 9.00 8.61 7.77 6.78 6.47 7.81 8.20 8.77 8.72 8.28 8.94 8.85 9.25 9.92 9.75 10.05 9.01 9.88 10.39 10.14 10.07 10.36 9.98 9.23 9.70 9.34 8.85 8.85 9.16 8.72 7.89 8.17 8.55 7.67 8.10 7.75 8.05 8.25 8.59 8.51 8.53 9.18 9.86 10.05 9.66 10.07 10.90 11.67 11.71 11.73 11.73 11.67 11.67 11.58 11.70
8.84 9.38 9.85 9.32 9.74 10.10 10.21 10.09 9.47 9.18 10.34 10.60 10.02 10.45 9.99 9.43 9.62 8.97 9.05 8.58 8.45 7.97 8.38 8.01 8.04 7.82 7.80 7.76 8.48 8.64 8.78 9.65 9.58 10.04 9.56 9.53 10.22 10.76 9.12 9.31 10.38 10.93 10.23 10.42 10.36 9.23 8.59 8.59 8.82 8.46 9.28 8.75 8.63 8.43 8.52 8.76 8.89 7.89 8.17 9.03 8.71 8.74 8.83 8.65 9.68 10.35 10.14 10.18 10.95 11.66 11.70 11.71 11.65 11.70 11.68 11.58 11.64
9.02 9.40 9.59 9.73 9.49 9.58 10.16 10.44 10.27 9.42 10.31 9.97 9.83 10.10 9.85 9.49 9.77 9.49 9.23 8.34 8.20 8.23 8.14 8.21 8.90 8.74 8.65 8.79 8.49 8.16 8.62 9.97 10.03 9.83 10.07 10.09 10.84 9.95 8.94 9.74 10.51 10.78 10.59 9.44 9.83 9.05 10.04 9.25 8.92 8.74 9.12 7.79 8.96 9.09 8.14 8.65 8.63 8.70 9.15 9.24 8.34 8.11 8.76 9.17 9.47 9.84 10.94 10.69 11.17 11.58 11.55 11.65 11.67 11.69 11.66 11.51 11.64
9.25 8.78 9.85 9.77 9.67 9.99 10.32 10.10 10.25 10.50 9.62 9.95 10.20 10.02 10.12 9.40 9.02 9.40 8.91 8.58 8.75 8.32 8.43 7.68 8.36 8.07 8.28 8.87 8.90 9.42 8.96 9.41 9.99 9.44 10.10 10.15 10.39 8.48 9.87 10.03 10.79 10.46 10.29 9.81 9.88 8.27 10.05 8.99 8.35 8.05 7.76 8.21 8.94 8.77 8.96 8.39 8.53 8.49 9.58 9.72 8.78 8.40 9.27 9.26 9.17 9.68 10.18 11.12 11.43 11.42 11.51 11.63 11.61 11.60 11.51 11.50 11.64
9.56 9.54 10.15 10.11 9.95 10.10 10.26 10.22 9.97 9.77 9.44 10.13 10.08 10.09 9.40 8.94 8.89 8.72 8.80 9.09 8.67 8.22 8.92 8.75 8.18 9.08 8.67 8.79 9.01 9.66 9.89 9.99 9.93 9.89 9.64 10.15 9.30 9.28 10.34 10.42 11.20 11.03 10.87 9.97 9.73 9.05 9.33 9.59 8.88 8.89 7.05 7.71 8.73 8.31 8.57 9.14 8.99 8.21 9.41 9.77 9.34 8.99 9.77 9.70 9.35 9.75 10.46 11.23 11.41 11.38 11.58 11.64 11.63 11.25 11.51 11.60 11.63
9.95 9.38 9.50 9.80 9.88 9.86 10.25 10.61 9.81 9.71 9.76 9.59 10.18 9.82 10.15 9.28 8.86 9.09 9.47 8.79 8.28 9.36 8.12 8.33 9.21 9.52 9.20 8.80 9.60 8.90 8.56 9.84 9.97 9.38 10.11 10.60 8.78 9.57 9.69 10.02 10.88 11.05 10.70 9.84 9.32 9.19 10.18 9.49 9.66 9.35 8.58 7.81 8.21 8.08 8.35 9.38 9.84 8.96 9.73 9.69 9.54 9.39 9.40 9.68 9.44 9.58 10.79 11.51 11.11 11.36 11.60 11.62 11.44 11.11 11.52 11.60 11.61
9.25 9.71 8.92 9.75 9.38 9.87 10.45 9.90 9.75 10.07 9.84 9.91 10.07 9.37 9.55 8.92 7.93 8.69 8.66 9.00 9.18 8.96 9.57 8.59 8.37 8.86 9.23 9.10 8.76 8.46 8.86 9.15 8.77 9.64 10.03 9.61 9.15 9.87 9.22 9.85 10.58 11.01 11.06 9.88 9.46 8.80 10.19 9.68 9.69 8.78 9.00 8.09 7.97 8.11 8.18 9.27 9.54 9.77 9.76 9.26 9.78 9.78 9.60 9.82 10.04 10.28 11.16 11.45 11.26 11.29 11.46 11.55 11.29 11.46 11.51 11.59 11.58
9.01 9.06 9.20 9.93 9.56 10.24 10.17 9.92 9.23 9.39 9.90 10.05 8.93 9.11 9.79 9.19 9.26 9.41 8.49 8.66 9.05 9.14 8.91 8.14 9.03 8.53 8.93 8.78 8.39 8.21 8.51 8.84 8.86 9.63 9.62 9.62 9.55 9.67 9.51 9.66 10.30 11.08 10.94 10.06 9.85 9.47 9.62 10.35 9.39 9.18 8.89 8.52 8.31 8.96 9.11 9.06 9.08 9.37 10.53 9.87 9.95 9.56 9.42 9.99 10.62 10.91 11.28 11.28 11.33 11.03 11.47 11.35 11.45 11.53 11.52 11.54 11.53
8.77 8.08 9.82 10.15 10.20 10.21 9.86 9.85 9.31 9.34 9.85 10.00 9.60 9.14 9.07 9.37 9.40 9.31 8.60 8.96 8.59 8.98 8.78 7.94 7.58 9.22 9.10 8.59 8.55 8.43 8.38 8.53 9.19 9.83 9.99 9.92 9.74 9.41 9.20 9.86 10.01 11.08 10.05 9.95 8.97 9.19 10.34 9.82 10.44 9.44 8.90 8.96 9.00 8.71 8.10 8.57 8.91 9.74 10.34 10.41 10.71 9.82 9.97 10.75 10.84 11.13 10.87 11.32 10.94 10.75 11.38 11.39 11.46 11.53 11.55 11.48 11.49
9.36 9.58 9.84 10.31 10.50 10.48 10.04 9.60 9.75 8.57 8.91 9.44 9.59 8.60 9.13 8.93 9.80 9.99 9.40 9.55 8.56 8.55 9.59 8.54 8.69 8.65 8.67 8.45 8.97 8.68 8.43 8.58 9.69 9.99 9.63 9.78 9.57 9.25 9.39 10.19 10.07 10.49 9.85 10.02 9.76 9.22 10.37 10.69 10.06 8.99 8.98 8.63 9.10 9.36 9.08 8.83 9.14 10.14 10.22 10.72 10.76 10.28 10.49 10.91 10.68 11.38 10.94 11.16 11.10 10.98 11.33 11.25 11.40 11.51 11.53 11.52 11.44
9.41 10.03 9.88 10.57 9.99 9.75 10.31 10.14 9.06 9.81 9.07 9.16 9.95 9.41 9.15 8.70 9.04 8.93 9.45 9.35 9.00 8.27 8.56 9.72 8.77 9.11 8.82 8.63 9.11 8.11 8.04 8.92 9.66 10.15 9.76 10.08 10.19 9.94 9.45 9.82 10.21 9.52 10.44 9.82 10.61 9.64 10.70 10.94 10.49 9.31 8.72 8.58 8.87 8.96 9.07 9.01 9.50 10.25 10.39 10.83 10.50 11.03 10.90 11.27 10.81 11.34 11.27 11.14 10.92 10.76 11.18 11.39 11.49 11.50 11.50 11.50 11.48
10.07 10.26 9.68 10.03 10.07 9.60 10.30 9.82 9.76 9.43 9.33 9.17 9.16 9.74 8.56 9.30 9.14 9.32 9.85 9.20 8.65 7.97 8.84 8.87 9.19 8.52 7.65 8.44 8.36 8.67 8.35 9.42 9.83 10.36 10.50 10.33 10.27 10.11 9.40 9.61 9.21 9.84 10.26 10.21 10.15 10.04 10.13 10.91 10.44 10.34 9.07 8.60 8.64 8.96 9.34 8.88 9.73 10.57 10.84 10.76 10.62 10.66 10.56 10.91 10.99 10.76 11.23 11.05 11.10 10.89 11.09 11.28 11.40 11.48 11.48 11.44 11.44
9.21 9.83 9.29 9.67 9.63 9.29 9.98 9.92 9.34 9.82 9.09 8.86 9.01 8.46 8.31 8.31 9.50 9.11 9.51 9.42 7.73 8.44 8.74 9.42 8.76 7.81 7.98 7.97 7.93 9.22 9.31 8.88 9.74 10.71 10.66 10.45 10.49 10.05 9.81 9.21 9.86 9.60 9.63 10.21 10.78 10.35 10.12 11.05 11.09 10.84 10.05 8.75 8.64 9.12 9.63 9.53 9.76 10.72 10.99 10.79 10.94 10.80 10.36 10.89 10.69 11.07 11.19 11.02 10.69 11.08 11.14 11.23 11.35 11.46 11.45 11.46 11.44
9.84 8.97 8.83 9.08 9.86 9.89 10.27 10.46 9.82 9.80 9.42 9.24 8.99 9.21 8.43 8.35 8.61 9.39 9.36 9.55 8.45 9.16 9.06 9.35 8.58 7.65 8.31 8.08 8.23 8.85 9.28 9.56 9.82 10.64 10.72 10.45 10.22 9.97 8.82 8.92 9.00 9.69 9.85 9.32 10.75 10.98 10.17 11.19 10.83 10.95 10.42 9.13 8.93 8.72 9.44 9.83 10.88 11.14 10.80 10.47 10.93 10.99 10.87 10.60 10.47 11.23 11.17 10.96 10.92 11.01 11.04 11.33 11.28 11.35 11.45 11.41 11.37
9.87 9.31 9.17 10.09 9.22 10.04 9.51 9.88 10.38 9.90 9.23 8.48 9.39 8.50 8.39 9.39 8.70 9.11 9.35 9.25 8.60 8.24 9.38 8.51 7.87 7.76 8.20 8.55 8.97 8.58 8.77 9.39 10.27 10.70 10.72 10.23 10.09 9.41 9.01 9.00 9.20 9.26 10.43 10.07 10.23 10.94 10.95 11.35 10.86 10.72 10.80 10.14 9.86 9.30 9.64 10.11 10.99 11.05 10.99 11.06 10.93 11.16 10.90 10.55 11.13 11.09 11.01 11.07 11.17 10.89 10.91 11.35 11.39 11.29 11.41 11.39 11.41
10.12 10.00 10.15 10.05 10.11 9.88 9.48 10.16 10.07 9.95 9.40 8.68 9.44 8.83 9.37 8.97 8.76 8.93 9.01 9.10 9.14 9.60 9.45 8.56 8.03 7.67 7.46 8.80 9.13 8.95 8.71 9.50 10.13 10.49 10.56 9.69 9.00 8.78 9.10 9.03 9.20 9.17 10.11 10.37 10.80 10.68 10.43 10.43 10.92 11.11 10.93 10.54 10.18 9.78 9.75 10.56 11.23 11.14 11.02 10.54 11.30 11.08 10.67 10.87 11.13 10.99 10.79 11.08 11.10 10.88 11.12 11.23 11.36 11.37 11.39 11.38 11.38
9.67 10.01 10.13 10.44 9.92 9.24 8.90 9.70 10.11 10.08 9.04 8.69 9.11 8.96 8.91 8.91 9.09 9.34 9.31 8.46 9.47 9.50 9.31 8.86 7.47 7.49 8.13 9.27 8.96 8.72 9.56 10.17 10.09 10.20 10.14 8.84 8.64 9.09 9.46 9.80 8.69 9.71 10.38 10.66 11.08 11.12 10.70 10.42 11.06 10.97 10.66 10.97 11.08 10.30 9.94 10.67 11.11 11.25 11.33 11.40 10.99 10.69 10.77 10.52 10.68 11.06 10.88 10.69 10.55 10.80 11.13 11.25 11.34 11.33 11.36 11.37 11.36
9.11 10.14 9.32 9.73 9.30 9.33 9.00 9.78 10.29 10.39 9.71 9.26 8.95 9.12 8.67 8.67 8.62 8.87 9.50 9.27 9.59 9.98 8.93 8.40 6.62 7.32 8.54 9.16 9.72 9.31 9.65 9.96 9.94 10.11 9.72 8.69 8.62 9.36 10.01 9.61 9.43 9.15 10.81 11.23 11.28 11.31 10.95 10.28 10.75 10.99 10.48 10.94 11.27 10.41 9.84 10.73 10.63 11.23 10.88 10.99 11.34 10.71 10.34 10.45 10.56 10.72 11.07 10.92 10.31 10.74 11.11 11.31 11.34 11.25 11.33 11.35 11.34
9.15 10.20 10.06 9.36 9.58 9.51 10.14 10.29 10.25 9.66 10.05 9.46 8.72 8.52 8.31 8.31 8.81 8.25 8.52 7.95 9.20 9.78 8.16 8.81 8.05 7.74 8.13 8.62 10.13 9.74 9.39 9.21 9.92 9.87 9.38 8.52 9.16 9.05 9.45 8.89 9.54 9.79 11.21 10.87 11.08 11.25 11.11 10.97 11.14 10.78 10.78 10.58 10.48 10.35 9.98 11.10 11.13 11.22 10.82 10.77 11.10 10.84 10.82 10.93 10.97 11.03 10.43 10.50 10.59 11.10 11.21 11.31 11.32 11.33 11.32 11.33 11.33
10.88 9.54 10.09 9.76 9.78 9.99 9.47 10.12 10.59 10.40 9.97 9.76 8.59 8.34 8.03 8.61 8.72 8.21 8.47 9.16 8.87 8.87 9.39 9.19 9.31 7.92 8.04 9.75 10.01 10.34 9.74 9.43 9.86 9.46 9.39 9.27 8.36 8.70 8.02 8.53 10.49 9.79 10.90 10.78 10.96 11.25 11.17 11.08 11.15 11.19 11.12 10.73 9.78 9.97 10.40 11.28 10.84 10.60 10.47 11.00 10.90 10.69 10.63 10.83 10.99 10.92 11.00 11.00 10.72 11.01 11.19 11.29 11.31 11.31 11.30 11.31 11.31
10.45 10.33 10.26 10.60 10.58 10.07 10.07 9.67 10.18 9.90 9.11 8.86 9.17 8.69 8.46 8.86 8.79 8.11 8.34 8.33 8.93 9.58 9.52 9.55 8.38 7.75 8.16 9.44 10.17 10.32 10.02 9.59 9.67 8.15 8.88 8.99 8.43 7.86 7.99 8.72 10.49 10.69 10.90 10.76 11.01 11.25 11.30 11.29 11.31 11.22 11.16 11.10 10.32 10.33 11.08 10.99 11.02 10.69 10.01 10.90 11.04 11.05 11.02 11.18 10.93 10.63 10.99 11.15 10.96 10.85 11.26 11.28 11.28 11.28 11.28 11.28 11.28
9.95 10.13 10.06 10.34 10.74 10.01 9.75 9.98 9.94 10.06 9.23 9.26 8.77 8.78 8.51 8.32 7.68 7.34 8.10 8.63 8.56 8.56 8.74 9.33 8.94 9.16 8.40 9.71 10.07 10.42 10.67 9.30 8.26 7.43 8.01 8.34 8.18 8.46 7.99 8.72 10.85 10.69 10.69 10.55 11.17 11.25 11.30 11.31 11.31 11.21 10.94 11.17 10.75 10.58 11.08 10.80 11.08 10.75 10.58 10.83 10.95 10.98 11.10 11.06 10.89 10.90 10.97 11.15 11.24 11.21 11.26 11.26 11.26 11.26 11.26 11.26 11.26
10.11 9.53 10.22 10.40 10.50 9.83 9.83 9.41 9.22 9.27 9.68 9.17 8.85 9.11 8.59 7.45 7.64 7.20 8.16 8.85 8.81 8.35 9.25 9.19 9.49 9.96 9.92 10.18 10.13 10.18 10.27 8.85 7.78 7.80 8.29 8.07 7.92 8.13 8.34 8.34 10.87 9.90 10.41 10.70 10.98 11.27 11.21 11.28 11.11 10.99 11.25 11.29 10.80 10.60 11.28 11.14 11.09 10.68 10.79 11.27 11.16 11.00 10.98 11.01 11.01 11.04 11.10 11.22 11.25 11.24 11.24 11.24 11.24 11.24 11.24 11.24 11.24
9.61 9.72 9.65 9.92 10.48 9.92 10.13 9.98 10.14 9.72 9.78 9.69 9.25 9.11 8.56 8.53 8.66 7.68 8.48 8.97 8.65 8.57 9.27 9.07 9.82 10.36 10.67 10.73 10.24 8.94 9.97 9.63 9.32 8.64 8.44 7.50 8.21 8.53 8.72 8.81 10.07 9.10 10.18 10.72 11.26 11.28 11.23 11.23 11.01 11.12 11.12 11.24 10.91 10.65 10.73 10.74 10.97 10.50 10.96 11.04 11.12 10.92 11.07 11.12 11.14 11.12 11.19 11.23 11.25 11.23 11.22 11.22 11.22 11.22 11.22 11.21 11.22
9.50 10.13 10.05 10.04 10.00 10.71 10.19 10.42 9.73 9.73 9.77 9.77 8.45 9.63 9.49 8.57 7.82 8.04 8.69 9.08 8.03 8.04 8.40 9.15 9.86 10.18 10.44 10.47 9.35 8.90 9.89 10.10 9.43 8.51 7.88 7.74 8.41 8.28 8.55 9.41 10.16 8.87 9.76 10.92 11.17 11.22 11.21 11.15 11.11 11.02 11.14 11.17 10.70 10.82 10.71 11.12 11.19 11.02 11.09 11.19 11.14 10.96 11.13 11.12 11.16 11.15 11.12 11.21 11.21 11.20 11.19 11.19 11.19 11.19 11.19 11.19 11.19
9.95 9.73 10.41 10.23 10.02 10.70 10.91 10.44 10.03 9.63 9.96 9.63 9.00 9.05 9.11 8.51 9.14 8.10 8.76 9.30 9.02 8.88 7.95 9.00 10.09 9.97 9.83 9.96 9.49 8.94 9.63 9.53 10.01 9.43 7.28 7.90 8.38 8.03 8.92 9.16 10.19 9.26 9.85 10.70 10.88 11.16 11.20 11.18 11.19 11.09 11.18 11.02 11.18 11.18 10.99 10.98 10.92 10.99 11.00 11.13 11.12 11.05 11.16 11.05 11.13 11.16 11.19 11.19 11.18 11.17 11.17 11.17 11.17 11.16 11.17 11.17 11.17
10.25 10.25 10.48 10.42 10.36 10.56 10.97 10.40 9.11 9.39 9.35 9.65 9.13 8.84 8.50 9.15 9.44 8.55 8.21 8.46 9.11 9.49 9.08 8.16 9.88 10.63 9.79 10.34 9.35 8.49 9.66 10.14 9.40 9.36 7.34 8.06 7.96 8.02 8.63 9.25 10.25 9.80 10.17 10.85 11.08 11.18 11.16 11.18 11.16 11.19 11.12 11.08 11.12 11.14 11.13 11.10 10.98 11.03 11.15 10.99 10.95 11.15 11.17 11.18 11.15 11.15 11.07 11.14 11.15 11.15 11.15 11.15 11.15 11.15 11.14 11.15 11.15
10.76 10.27 10.25 10.52 10.74 9.89 10.58 10.06 9.20 9.47 9.63 9.01 8.86 8.50 8.89 8.47 8.42 8.86 8.38 8.42 8.56 9.67 9.11 8.47 9.50 10.07 9.95 9.83 8.91 8.03 9.34 9.11 9.55 9.24 8.18 8.26 7.39 7.76 8.70 9.61 10.29 10.57 10.53 10.75 11.14 11.16 11.12 11.08 11.12 11.11 11.08 11.13 11.10 11.02 11.08 11.14 11.08 11.00 11.04 11.02 10.98 11.11 11.14 11.13 11.15 11.14 11.11 11.13 11.12 11.13 11.13 11.13 11.13 11.13 11.04 11.09 11.15
10.21 10.56 9.84 10.48 10.52 10.42 10.52 10.22 9.80 9.17 9.44 9.42 9.13 9.06 9.09 8.39 8.63 8.92 7.75 8.18 8.57 9.40 10.02 9.10 8.38 9.91 9.17 9.60 8.70 8.13 8.38 10.27 9.00 7.92 8.99 8.89 6.97 8.02 9.39 9.80 10.40 10.71 10.58 11.02 11.11 11.10 11.06 11.11 11.12 11.11 11.08 11.04 11.06 11.00 11.11 11.07 11.08 11.10 10.91 10.94 10.86 10.95 11.05 11.06 11.09 11.11 11.09 11.10 11.10 11.10 11.10 11.10 11.10 11.10 11.06 11.10 11.10
10.67 9.97 10.23 10.22 10.84 10.72 10.17 9.70 9.87 9.42 8.99 9.98 9.66 8.81 9.14 8.50 8.32 8.78 8.76 8.68 9.07 9.49 9.50 9.44 8.49 8.68 8.24 8.50 8.01 9.41 9.19 9.99 9.28 8.21 8.47 8.85 8.68 9.61 9.11 9.96 9.98 10.87 10.84 11.06 11.07 11.09 11.09 11.05 11.10 11.07 11.08 11.08 11.05 11.08 11.05 11.05 11.00 11.02 10.90 10.95 10.75 10.90 11.00 11.00 11.04 11.02 11.08 11.08 11.08 11.08 11.08 11.08 11.08 11.07 11.08 11.10 11.10
10.30 9.82 10.43 9.96 10.66 10.17 9.97 10.27 10.06 9.49 9.64 10.28 9.72 9.76 9.28 8.89 8.56 8.15 7.98 8.49 9.87 9.40 9.54 9.32 7.45 8.21 8.45 7.77 7.01 9.10 8.29 9.95 8.29 8.31 9.45 8.79 9.41 9.47 9.30 10.14 10.57 10.77 10.65 11.05 11.06 11.10 11.04 11.00 11.07 11.08 11.01 11.04 11.07 11.06 10.98 11.04 10.93 10.92 10.96 10.92 11.01 10.89 10.97 10.95 10.96 11.04 11.05 11.06 11.06 11.06 11.06 11.06 11.06 11.06 11.06 11.06 11.06
10.54 9.60 9.95 10.29 10.73 10.21 10.15 10.74 10.16 9.39 9.38 9.59 9.61 8.88 8.71 8.72 8.22 8.16 7.63 8.80 9.48 10.10 8.95 8.16 8.21 8.35 7.66 7.58 7.41 8.43 9.15 10.28 9.52 9.16 9.56 9.02 8.95 9.78 9.54 10.29 10.44 10.71 10.80 11.03 11.05 11.05 11.08 11.01 11.03 11.04 11.05 11.04 11.05 11.07 11.04 11.07 11.01 10.86 10.89 10.77 10.84 10.84 10.95 10.84 10.90 11.01 11.03 11.04 11.04 11.04 11.04 11.04 11.03 11.04 11.06 11.06 11.06
