Files/BOM data/2019072120190721.grid
ncols 839
nrows 679
xllcenter 112.0500
yllcenter -43.9500
cellsize 0.0500
nodata_value 99999.90
[rows 510 to 543 of 679, columns 539 to 615 of 839]
10.94 11.44 11.44 11.50 11.50 11.50 11.53 11.53 11.54 11.54 11.54 11.54 11.53 11.54 11.53 11.45 11.41 11.50 11.06 10.74 11.06 11.09 11.00 10.63 11.05 11.08 10.65 10.47 9.81 10.01 10.19 10.29 10.27 10.60 11.08 11.07 11.05 10.74 10.71 10.62 10.43 10.38 10.57 11.07 11.25 11.05 10.85 11.05 11.23 11.17 11.33 11.40 11.40 11.44 11.44 11.41 11.33 11.38 11.40 11.41 11.38 11.28 11.28 11.37 11.37 11.41 11.40 11.55 11.47 10.96 11.43 11.45 11.56 11.54 11.56 11.45 11.49
10.94 10.94 11.28 11.45 11.50 11.50 11.53 11.53 11.49 11.45 11.52 11.41 11.45 11.46 11.27 11.32 11.47 11.28 10.93 10.95 10.84 10.77 10.46 10.78 10.66 10.95 10.93 11.04 10.87 10.47 10.43 10.36 10.82 10.73 10.46 10.91 10.94 10.53 10.80 10.92 10.81 10.60 10.38 10.59 10.83 11.02 11.16 11.11 11.08 11.00 11.15 11.09 11.39 11.34 11.36 11.40 11.36 11.35 11.32 11.35 11.41 11.45 11.27 11.30 11.26 11.26 11.49 11.54 11.51 11.51 11.51 11.53 11.53 11.54 11.54 11.52 11.48
10.94 10.94 11.28 11.31 11.34 11.34 11.29 11.29 11.41 11.33 11.42 10.99 10.84 11.14 11.32 11.29 11.39 11.30 11.18 11.29 10.98 10.72 10.27 9.84 10.33 10.06 10.95 11.13 10.59 10.28 10.46 10.62 10.72 10.65 11.17 11.29 11.22 11.28 10.95 11.05 10.95 11.03 10.72 10.99 11.13 11.25 11.10 11.13 11.18 11.02 11.16 11.31 11.27 11.40 11.38 11.37 11.39 11.39 11.39 11.38 11.48 11.47 11.43 11.19 11.29 11.41 11.50 11.49 11.51 11.50 11.51 11.51 11.50 11.50 11.50 11.50 11.50
10.94 10.94 11.31 11.31 11.34 11.34 10.87 10.87 11.30 11.38 11.34 11.33 11.14 11.28 11.31 11.35 11.34 11.28 10.82 11.06 11.09 10.97 10.84 10.86 10.77 10.53 10.63 10.55 10.56 10.22 9.87 9.89 10.43 10.34 10.31 10.58 11.07 11.02 10.92 10.60 10.50 10.87 10.78 10.79 10.67 10.94 10.97 10.79 10.67 10.80 11.00 11.12 11.10 11.22 11.32 11.35 11.35 11.36 11.27 11.40 11.48 11.50 11.44 11.45 11.29 11.47 11.46 11.49 11.49 11.48 11.47 11.47 11.47 11.48 11.47 11.48 11.47
10.94 11.31 11.31 11.31 11.34 11.35 11.35 11.16 11.11 11.40 11.11 11.32 10.98 11.24 11.29 11.38 11.32 11.39 10.99 10.88 10.59 10.46 10.66 10.63 10.11 9.76 10.12 10.51 10.91 11.01 10.93 10.33 10.14 10.70 10.51 10.83 10.95 10.98 10.84 10.82 10.77 10.55 10.49 10.93 10.76 10.89 11.13 11.02 10.70 10.84 10.96 11.03 11.15 11.14 11.29 11.31 11.41 11.38 11.29 11.36 11.45 11.40 11.44 11.46 11.45 11.45 11.46 11.44 11.44 11.45 11.45 11.45 11.39 11.39 11.45 11.39 11.35
10.94 11.31 11.31 11.31 11.35 11.35 11.35 11.40 11.17 10.94 11.03 11.09 10.92 10.76 11.05 11.14 10.96 11.31 11.12 10.87 10.98 11.26 10.99 10.81 10.72 10.30 10.16 9.92 10.07 10.61 10.35 10.61 9.99 10.39 10.80 11.08 11.09 11.13 10.93 10.99 10.99 11.21 11.20 10.85 11.14 11.17 11.16 10.80 10.76 10.74 10.98 11.17 10.93 10.93 11.09 11.24 11.40 11.43 11.45 11.42 11.44 11.42 11.43 11.42 11.38 11.35 11.40 11.43 11.40 11.38 11.30 11.37 11.37 11.41 11.31 11.42 11.43
11.31 11.31 11.31 11.35 11.35 11.35 11.40 11.40 11.17 11.33 11.20 11.17 10.85 11.08 11.05 10.97 10.93 10.96 11.39 10.95 11.12 10.86 10.88 11.01 11.11 10.95 10.70 10.74 10.75 10.90 10.81 10.57 10.80 10.74 10.79 10.65 10.84 10.75 11.12 11.09 11.10 11.10 10.92 11.06 10.94 10.99 10.96 11.07 10.93 10.91 10.93 11.10 11.15 11.18 11.17 11.37 11.41 11.42 11.42 11.42 11.42 11.42 11.41 11.42 11.34 11.36 11.24 11.31 11.39 11.41 11.41 11.42 11.39 11.35 11.31 11.41 11.41
11.31 11.31 11.35 11.35 11.35 11.40 11.40 11.40 11.33 11.33 11.25 11.09 10.85 10.99 11.15 11.12 10.87 10.99 11.00 11.08 11.09 11.16 11.13 11.26 11.10 11.01 10.65 10.39 10.51 10.90 10.75 10.30 10.79 10.52 10.93 10.82 11.16 11.16 11.15 11.09 11.20 11.16 11.13 11.26 11.17 11.13 11.02 11.10 11.02 11.01 10.88 10.91 10.94 10.98 11.14 11.19 11.30 11.40 11.38 11.39 11.39 11.40 11.37 11.37 11.40 11.38 11.39 11.38 11.33 11.38 11.35 11.40 11.27 11.28 11.18 11.15 11.20
11.31 11.31 11.35 11.35 11.40 11.40 11.40 11.33 11.33 11.25 11.25 11.08 11.10 11.13 11.15 10.85 11.27 11.24 11.17 11.21 11.00 10.85 10.57 10.56 10.86 10.93 10.80 10.94 10.80 10.78 10.87 10.74 11.09 10.61 10.16 10.87 10.75 10.65 10.72 10.77 10.95 11.32 11.24 11.12 11.18 10.90 10.87 10.85 11.10 10.90 11.02 10.79 10.94 10.77 10.96 11.11 11.14 11.23 11.36 11.36 11.37 11.38 11.38 11.32 11.37 11.32 11.35 11.35 11.35 11.36 11.36 11.36 11.36 11.21 11.28 11.35 11.28
11.31 11.35 11.35 11.40 11.40 11.40 11.40 11.33 11.25 11.25 11.08 11.08 11.10 11.16 11.34 11.06 10.87 11.19 11.13 11.04 11.10 11.18 11.25 11.05 10.69 10.75 10.52 10.33 10.48 10.84 10.90 11.26 11.36 11.26 10.57 11.09 11.04 10.96 11.12 11.09 11.17 11.27 11.28 11.24 11.19 11.15 11.18 11.20 11.31 11.16 11.02 11.03 10.90 10.95 11.27 11.33 11.34 11.23 11.36 11.33 11.35 11.36 11.36 11.34 11.34 11.34 11.33 11.28 11.29 11.34 11.34 11.34 11.28 11.01 11.31 11.25 11.13
11.35 11.35 11.40 11.40 11.40 11.40 11.33 11.25 11.25 11.08 11.08 11.10 11.10 11.13 11.12 11.07 10.50 10.72 11.16 11.04 11.04 11.00 10.88 10.88 10.90 10.52 10.61 10.76 10.75 11.01 10.95 11.29 11.33 11.26 10.93 10.98 11.21 11.20 11.16 10.99 10.91 11.14 11.24 11.21 11.24 11.26 11.30 11.34 11.27 11.20 11.23 11.19 11.28 11.34 11.34 11.35 11.33 11.32 11.32 11.33 11.33 11.33 11.34 11.32 11.31 11.32 11.30 11.30 11.30 11.31 11.33 11.32 11.30 11.32 11.04 11.05 10.98
11.35 11.40 11.40 11.40 11.40 11.40 11.25 11.25 11.08 11.08 11.10 11.13 11.13 11.13 11.17 10.89 10.94 10.85 11.14 10.95 10.93 10.73 10.81 11.11 10.92 10.87 11.04 10.71 10.76 11.17 11.24 11.09 11.18 11.23 10.65 11.02 11.18 10.99 11.04 10.82 10.89 10.94 11.23 11.22 11.25 11.29 11.10 11.24 11.31 11.31 11.31 11.31 11.29 11.30 11.30 11.31 11.31 11.28 11.28 11.30 11.30 11.29 11.31 11.30 11.29 11.29 11.30 11.30 11.30 11.30 11.30 11.29 11.29 11.21 11.10 11.19 11.08
11.40 11.40 11.40 11.40 11.40 11.25 11.25 11.08 11.08 11.13 11.13 11.13 11.13 11.13 10.76 10.72 10.88 11.01 10.93 10.81 10.84 10.11 10.02 10.92 10.95 10.94 11.24 11.00 11.06 10.93 10.71 11.03 10.89 11.13 10.82 11.15 11.07 11.12 11.19 11.02 11.25 11.11 10.99 11.15 11.28 11.29 11.26 11.27 11.28 11.20 11.28 11.17 11.30 11.29 11.28 11.28 11.28 11.15 11.19 11.19 11.20 11.19 11.16 11.27 11.27 10.95 11.06 11.07 11.26 11.23 11.23 11.17 11.18 11.18 11.16 10.92 11.15
11.40 11.40 11.40 11.40 11.25 11.25 11.08 11.13 11.13 11.13 11.13 11.13 10.55 10.55 10.55 10.81 10.90 10.93 11.00 10.96 10.98 10.89 10.19 10.35 10.65 10.34 9.97 10.27 10.66 10.72 10.76 10.93 11.24 11.16 10.94 10.77 10.67 10.89 10.34 10.40 11.11 11.05 10.64 11.05 11.15 11.26 11.25 11.08 11.25 11.25 11.24 11.19 11.14 11.11 11.25 11.23 11.26 11.22 11.17 11.25 11.24 11.26 11.19 11.24 11.21 11.24 11.23 11.24 11.11 11.16 11.13 11.13 11.21 11.22 11.22 11.22 11.21
11.40 11.40 11.40 11.40 11.25 11.08 11.13 11.13 11.13 11.13 10.58 10.58 10.58 10.58 10.58 10.60 10.64 10.75 10.98 11.02 10.99 10.57 10.46 10.35 10.85 10.90 10.79 10.62 10.62 10.30 10.47 10.84 10.84 10.89 10.93 11.04 10.98 10.84 11.20 10.38 10.58 10.96 10.56 10.51 11.11 11.03 11.21 11.22 11.23 11.23 11.06 11.20 11.22 11.24 11.23 11.24 11.18 10.74 10.98 11.22 11.23 11.23 11.20 11.10 11.22 11.14 10.94 11.09 11.12 10.99 11.02 11.12 11.20 11.21 11.19 11.19 11.14
11.40 11.40 11.40 11.25 11.13 11.13 11.13 10.58 10.58 10.58 10.58 10.58 10.58 10.58 10.58 10.57 10.65 10.66 10.80 11.08 10.89 10.71 10.56 10.35 10.30 10.49 10.50 10.63 10.94 10.41 10.63 10.53 10.74 11.03 11.07 10.98 10.99 10.74 10.81 10.64 10.27 10.67 10.81 10.58 11.05 11.04 11.15 11.20 11.20 11.12 11.12 11.20 11.21 11.21 11.18 11.20 11.17 11.19 11.09 11.18 11.21 11.20 11.20 11.17 11.19 11.19 10.96 10.95 10.98 11.01 11.07 11.20 11.20 10.96 11.19 11.20 11.20
11.33 11.25 11.25 11.13 10.58 10.58 10.58 10.58 10.58 10.58 10.58 10.58 10.58 10.67 10.67 10.67 10.67 10.43 10.50 11.09 11.03 10.85 10.67 10.42 10.07 10.25 10.36 10.68 10.52 10.42 10.58 10.80 10.93 10.71 11.01 10.85 10.54 10.38 10.81 10.45 10.53 10.46 10.88 10.79 10.69 10.80 10.72 11.04 11.13 11.10 10.99 11.00 11.11 11.16 11.03 10.95 11.05 11.12 11.18 11.10 11.02 11.19 11.16 11.16 11.17 11.17 11.11 10.97 10.85 11.00 10.90 10.98 10.88 11.03 11.16 11.17 11.15
11.25 11.25 11.08 11.13 10.58 10.58 10.58 10.58 10.58 10.58 10.58 10.78 10.78 10.78 10.78 10.78 11.00 10.66 10.63 10.94 10.91 10.68 10.47 10.59 10.62 10.14 9.84 10.14 10.08 10.69 10.58 10.58 10.87 10.92 10.60 11.01 10.87 10.69 10.80 10.69 10.77 10.88 10.69 10.55 10.53 10.56 10.82 10.84 11.07 11.06 11.12 11.07 10.98 10.93 11.17 11.05 11.09 10.85 11.02 10.98 11.02 11.16 11.15 11.15 11.15 11.15 11.13 11.15 11.15 11.11 11.12 11.14 11.15 11.16 11.15 11.14 11.11
99999.90 11.08 11.08 11.13 10.58 10.58 10.58 10.58 10.78 10.78 10.78 10.78 10.78 10.78 10.78 10.78 10.37 10.46 10.64 10.85 10.94 10.20 10.45 10.29 10.15 10.17 10.11 10.59 10.04 10.21 9.25 9.95 10.52 10.55 10.78 10.60 10.53 10.65 10.08 9.91 10.42 10.37 10.65 10.89 10.64 10.27 10.31 10.51 10.07 10.95 10.83 11.06 10.93 10.93 10.96 10.93 11.01 11.00 11.09 10.82 10.96 11.04 10.99 11.13 11.14 11.13 11.13 11.12 11.12 11.11 11.12 11.12 11.12 11.13 11.13 11.13 11.13
99999.90 99999.90 11.10 11.13 10.58 10.78 10.78 10.78 10.78 10.78 10.78 10.78 10.78 10.78 10.78 10.37 10.37 10.23 10.77 10.86 10.94 10.95 10.72 10.72 10.16 9.78 10.16 10.18 10.52 10.43 9.87 9.60 9.54 9.77 9.87 9.68 8.44 9.28 9.88 10.33 10.14 10.07 10.35 10.62 10.19 9.65 9.90 9.65 10.16 10.69 10.71 10.88 10.80 10.63 10.63 10.88 10.80 10.62 10.85 10.75 10.66 10.64 10.82 11.11 11.11 11.09 11.08 11.11 11.10 11.01 11.08 11.10 11.10 11.10 11.11 11.11 11.08
99999.90 99999.90 99999.90 11.13 10.58 10.78 10.78 10.78 10.78 10.78 10.78 10.78 10.78 10.78 10.37 10.40 10.40 10.40 10.42 10.64 10.80 10.69 10.43 10.22 10.15 10.38 10.69 10.58 10.69 10.62 10.81 10.46 10.36 9.94 9.93 10.23 10.55 10.50 9.86 9.38 9.49 9.77 10.25 9.36 9.00 8.95 9.14 9.70 9.43 9.09 9.53 10.19 10.03 10.40 10.49 10.40 10.25 10.23 10.47 10.37 10.03 10.17 10.16 10.06 10.66 10.99 11.07 11.06 11.07 11.03 11.08 11.08 11.02 10.86 10.68 10.86 10.99
99999.90 99999.90 99999.90 11.13 10.58 10.78 10.78 10.78 10.78 10.78 10.78 10.78 10.78 10.85 10.85 10.85 10.85 10.85 10.93 10.66 10.67 10.64 10.31 10.02 10.09 9.89 10.52 10.66 10.71 10.86 10.90 10.68 10.53 9.60 9.40 9.38 10.01 10.35 10.49 10.41 10.27 10.28 10.14 10.28 9.98 9.82 9.54 9.51 9.13 8.17 8.64 9.34 9.69 9.71 9.48 9.91 10.37 10.35 10.15 10.53 10.27 10.13 9.59 9.45 9.85 10.13 10.51 10.79 10.79 10.80 10.85 10.69 10.95 10.99 10.95 10.87 10.92
99999.90 99999.90 99999.90 99999.90 10.58 10.78 10.78 10.78 10.78 10.78 10.78 10.85 10.85 10.85 10.85 10.85 10.85 10.85 10.93 10.96 10.82 10.82 10.44 9.79 10.05 9.70 9.93 10.21 10.27 10.05 10.56 10.85 10.37 10.18 9.78 9.75 10.16 10.37 10.20 10.35 9.45 9.99 10.58 10.63 10.02 10.21 10.30 9.69 9.53 9.01 8.91 9.24 10.44 10.84 10.77 10.71 10.94 10.60 10.78 10.83 10.79 10.72 10.52 10.29 10.09 9.90 10.51 10.49 10.59 10.80 10.67 10.85 10.94 10.90 10.81 10.70 10.82
99999.90 99999.90 99999.90 99999.90 10.58 10.64 10.64 10.64 10.64 10.64 10.64 10.85 10.85 10.85 10.85 10.85 10.97 10.97 10.97 10.97 10.97 10.85 10.51 10.31 10.55 10.57 10.57 10.46 10.57 10.47 10.78 10.73 10.38 10.06 10.00 10.32 10.07 9.81 9.13 9.90 9.98 10.53 9.95 9.52 10.08 10.57 10.19 10.20 10.41 10.02 9.71 10.63 10.45 10.16 10.50 10.67 10.89 10.92 10.77 10.95 11.02 11.02 11.02 10.64 10.13 10.06 10.51 10.80 10.83 10.82 10.96 10.97 11.00 10.99 10.84 10.81 10.82
99999.90 99999.90 99999.90 99999.90 10.58 10.64 10.64 10.64 10.64 10.64 10.64 10.64 10.64 10.64 10.95 10.95 10.95 10.95 10.95 10.95 10.86 10.58 10.39 10.36 10.19 10.28 10.52 10.32 10.00 9.88 10.29 10.26 9.75 9.62 10.04 10.19 10.37 10.57 10.24 10.00 9.98 10.21 10.00 10.34 10.49 10.19 9.91 10.32 10.83 10.74 10.75 10.42 10.35 10.48 10.73 10.90 10.87 10.67 10.64 10.65 10.91 10.98 10.99 10.92 10.71 10.52 10.32 10.59 10.79 10.85 10.96 10.88 10.99 10.99 11.00 10.79 10.85
99999.90 99999.90 99999.90 99999.90 99999.90 10.64 10.64 10.64 10.64 10.64 10.64 10.64 10.64 10.64 10.64 10.57 10.88 10.88 10.88 10.92 10.92 10.70 10.41 10.27 10.08 10.42 10.52 10.07 10.23 10.40 10.74 10.62 10.43 10.07 10.41 10.24 10.44 10.71 10.80 10.49 10.28 9.81 9.53 9.23 9.69 10.39 10.58 10.62 10.60 10.60 10.31 9.80 9.82 10.32 10.59 10.64 10.73 10.93 10.96 10.96 10.96 10.96 10.93 10.78 10.79 10.97 10.53 10.30 10.50 10.73 10.86 10.92 10.97 10.97 10.97 10.97 10.95
99999.90 99999.90 99999.90 99999.90 99999.90 10.64 10.64 10.64 10.64 10.64 10.64 10.64 10.64 10.64 10.64 10.64 10.57 10.86 10.86 10.90 10.91 10.79 10.70 10.71 10.56 10.36 10.36 9.85 10.14 10.24 10.42 10.34 10.85 10.58 10.58 10.64 10.50 10.57 10.85 10.62 10.56 10.32 9.74 9.81 9.99 10.65 10.66 10.86 10.85 10.78 10.93 10.66 10.11 9.86 9.57 10.02 9.78 10.45 10.77 10.45 10.93 10.89 10.89 10.84 10.77 10.93 10.73 10.54 10.66 10.67 10.58 10.84 10.93 10.94 10.94 10.95 10.94
99999.90 99999.90 99999.90 99999.90 99999.90 10.64 10.64 10.64 10.64 10.64 10.64 10.64 10.64 10.64 10.64 10.64 10.57 10.57 10.71 10.86 10.82 10.79 10.72 10.72 10.29 10.49 10.70 10.34 10.09 10.13 9.99 9.60 10.46 10.36 10.51 10.40 10.60 10.42 10.40 10.05 9.95 10.14 10.41 10.40 10.13 10.22 10.73 10.45 10.60 10.50 10.75 9.81 9.79 9.89 10.27 10.39 10.46 10.72 10.83 10.91 10.87 10.53 10.76 10.84 10.73 10.70 10.26 10.33 10.37 10.54 10.56 10.90 10.88 10.91 10.92 10.92 10.86
99999.90 99999.90 99999.90 99999.90 99999.90 10.64 10.64 10.64 10.64 10.64 10.64 10.64 10.64 10.64 10.64 10.64 10.74 10.61 10.67 10.50 9.95 10.46 10.51 10.69 10.72 10.45 10.62 10.56 10.17 10.10 10.16 10.44 10.19 10.37 10.38 10.36 10.45 10.00 9.96 10.15 10.49 10.33 10.32 10.50 10.45 10.27 10.50 10.47 10.62 10.74 10.58 10.34 10.18 9.75 9.30 9.91 9.59 10.04 10.34 10.67 10.77 10.28 10.46 10.45 10.64 10.71 10.78 10.50 10.41 10.25 10.19 10.51 10.70 10.84 10.88 10.89 10.84
99999.90 99999.90 99999.90 99999.90 99999.90 10.38 10.38 10.38 10.38 10.38 10.38 10.38 10.38 10.38 10.38 10.38 10.60 10.49 10.67 10.33 9.51 10.04 10.46 10.26 9.89 10.36 10.60 10.60 10.07 9.54 9.47 9.66 10.41 10.63 10.52 10.30 10.19 10.12 9.87 9.50 9.86 9.64 9.79 9.66 10.10 10.08 10.35 10.22 10.16 10.30 10.48 10.51 10.26 10.13 9.86 10.00 9.65 9.96 10.23 10.27 10.31 10.42 10.35 10.47 10.40 10.65 10.55 10.11 10.24 10.29 10.12 10.35 10.12 10.38 10.58 10.79 10.72
99999.90 99999.90 99999.90 99999.90 99999.90 9.26 9.26 9.26 9.26 9.26 9.26 9.26 9.26 9.26 9.26 9.26 9.74 10.03 10.07 9.60 8.78 8.62 9.25 9.40 9.23 10.30 10.48 10.54 10.42 9.53 9.26 9.60 10.29 10.29 10.16 10.02 10.38 10.61 10.67 10.41 10.36 9.84 9.95 10.23 10.38 10.18 10.03 9.68 9.73 9.75 9.92 10.20 10.23 10.14 10.03 10.28 10.20 10.18 10.59 10.35 10.29 10.00 10.04 10.20 10.27 9.87 9.80 9.45 9.71 9.07 9.72 10.36 10.66 10.68 10.77 10.80 10.81
99999.90 99999.90 99999.90 99999.90 99999.90 9.26 9.26 9.26 9.26 9.26 9.26 9.26 9.26 9.26 9.26 9.26 9.58 9.22 9.69 9.55 7.93 8.15 8.93 9.91 9.61 10.10 10.39 10.52 10.54 9.76 9.36 9.10 9.24 9.31 9.06 9.95 10.20 10.59 10.53 9.94 8.93 9.54 10.13 9.91 10.04 10.24 10.24 9.91 10.17 9.40 9.62 9.77 9.90 10.16 10.22 9.96 9.61 9.29 9.84 9.84 10.41 10.11 10.13 10.47 10.64 10.56 10.08 10.22 10.25 10.05 9.94 10.43 10.48 10.50 10.47 10.73 10.66
99999.90 99999.90 99999.90 99999.90 99999.90 9.26 9.26 9.26 9.26 9.26 9.26 9.26 9.26 9.26 9.84 9.84 9.84 10.16 9.80 9.34 9.26 9.63 9.75 9.28 9.73 10.21 10.23 10.22 10.59 9.90 9.68 9.54 9.28 8.90 9.29 10.06 10.04 10.34 10.30 9.67 9.25 9.16 9.46 9.17 9.97 10.03 10.12 10.18 10.17 9.95 10.04 9.55 9.64 9.89 10.04 10.01 9.60 9.73 9.90 10.10 10.47 9.62 9.85 9.92 10.35 10.33 9.87 9.91 9.82 9.87 9.88 10.22 10.06 10.49 10.46 10.57 10.75
99999.90 99999.90 99999.90 99999.90 99999.90 9.26 9.26 9.26 9.26 9.26 9.26 9.26 10.44 10.44 10.44 10.44 10.44 9.93 9.78 10.37 9.54 9.60 9.99 10.20 10.15 10.37 10.58 10.50 10.46 9.83 9.27 9.57 10.09 9.69 9.57 9.47 9.71 9.79 9.81 9.57 9.41 9.46 9.45 9.16 9.55 9.49 9.71 9.92 9.66 9.71 9.82 9.67 9.44 9.60 9.98 9.81 9.82 9.93 9.72 9.26 9.37 9.42 9.68 9.94 10.04 9.57 9.84 9.86 9.62 9.85 10.08 10.09 9.77 10.45 10.59 10.72 10.69
