Files/BOM data/2019071920190719.grid
ncols 839
nrows 679
xllcenter 112.0500
yllcenter -43.9500
cellsize 0.0500
nodata_value 99999.90
[rows 374 to 407 of 679, columns 154 to 230 of 839]
14.42 14.37 14.38 14.43 14.38 14.39 14.36 14.36 14.38 14.36 14.37 14.39 14.37 14.38 14.41 14.41 14.40 14.40 14.42 14.39 14.35 14.41 14.35 14.39 14.33 14.40 14.39 14.41 14.40 14.44 14.44 14.44 14.44 14.43 14.45 14.46 14.41 14.42 14.43 14.42 14.40 14.39 14.41 14.44 14.43 14.41 14.42 14.44 14.42 14.44 14.41 14.40 14.40 14.38 14.40 14.41 14.40 14.40 14.40 14.39 14.38 14.37 14.38 14.40 14.39 14.38 14.39 14.35 14.38 14.36 14.37 14.39 14.41 14.37 14.43 14.43 14.43
14.36 14.38 14.39 14.41 14.38 14.36 14.37 14.37 14.37 14.36 14.37 14.37 14.37 14.36 14.37 14.35 14.36 14.37 14.31 14.37 14.37 14.27 14.03 13.98 14.06 14.31 14.43 14.41 14.40 14.40 14.40 14.41 14.44 14.41 14.33 14.38 14.39 14.40 14.39 14.42 14.40 14.40 14.41 14.23 14.38 14.40 14.38 14.40 14.41 14.43 14.42 14.39 14.38 14.40 14.37 14.39 14.39 14.39 14.40 14.39 14.37 14.36 14.35 14.31 14.36 14.36 14.38 14.37 14.39 14.38 14.39 14.38 14.38 14.38 14.37 14.37 14.39
14.36 14.36 14.37 14.36 14.37 14.35 14.37 14.36 14.37 14.35 14.36 14.36 14.37 14.35 14.33 14.33 14.37 14.37 14.36 14.31 14.26 14.27 14.21 14.19 14.25 14.23 14.29 14.39 14.42 14.39 14.35 14.39 14.39 14.40 14.38 14.39 14.39 14.39 14.38 14.38 14.39 14.38 14.35 14.38 14.36 14.39 14.38 14.38 14.46 14.46 14.55 14.42 14.39 14.40 14.37 14.37 14.37 14.37 14.37 14.34 14.34 14.34 14.34 14.34 14.33 14.36 14.30 14.37 14.34 14.38 14.35 14.38 14.35 14.34 14.32 14.37 14.31
14.04 14.36 14.35 14.29 14.34 14.14 14.31 14.32 14.34 14.33 14.32 14.31 14.34 14.36 14.31 14.27 14.35 14.32 14.30 14.34 14.36 14.37 14.33 14.37 14.35 14.35 14.35 14.34 14.37 14.39 14.37 14.36 14.39 14.36 14.36 14.36 14.36 14.37 14.39 14.36 14.36 14.36 14.34 14.34 14.34 14.30 14.37 14.42 14.51 14.55 14.54 14.51 14.54 14.40 14.35 14.34 14.35 14.34 14.34 14.35 14.35 14.34 14.33 14.33 14.28 14.28 14.30 14.29 14.33 14.33 14.34 14.28 14.32 14.27 14.34 14.33 14.35
14.02 13.93 13.94 14.02 14.06 14.31 14.31 14.32 14.31 14.30 14.29 14.29 14.26 14.32 14.30 14.28 14.30 14.28 14.33 14.33 14.32 14.32 14.32 14.29 14.37 14.33 14.32 14.28 14.38 14.30 14.29 14.29 14.34 14.33 14.34 14.35 14.34 14.31 14.33 14.32 14.32 14.33 14.35 14.32 14.32 14.32 14.32 14.44 14.45 14.43 14.49 14.45 14.51 14.39 14.31 14.31 14.31 14.32 14.29 14.31 14.32 14.33 14.31 14.31 14.23 14.24 14.25 14.31 14.27 14.30 14.30 14.30 14.32 14.30 14.30 14.29 14.32
13.64 13.93 14.14 14.16 14.02 14.29 14.34 14.29 14.27 14.27 14.26 14.26 14.28 14.29 14.29 14.29 14.28 14.29 14.29 14.30 14.30 14.29 14.33 14.35 14.31 14.32 14.31 14.28 14.30 14.28 14.29 14.26 14.26 14.32 14.35 14.33 14.31 14.29 14.29 14.30 14.30 14.29 14.30 14.30 14.30 14.30 14.31 14.34 14.36 14.44 14.43 14.44 14.48 14.41 14.31 14.29 14.29 14.30 14.28 14.28 14.31 14.31 14.29 14.28 14.21 14.24 14.27 14.25 14.30 14.30 14.32 14.32 14.31 14.30 14.30 14.31 14.32
13.82 14.20 14.27 14.16 13.83 14.25 14.22 14.24 14.25 14.25 14.25 14.26 14.24 14.27 14.30 14.28 14.29 14.27 14.26 14.26 14.27 14.23 14.30 14.33 14.28 14.27 14.30 14.27 14.28 14.28 14.26 14.26 14.25 14.29 14.30 14.26 14.26 14.29 14.29 14.29 14.29 14.29 14.29 14.31 14.30 14.27 14.26 14.26 14.30 14.37 14.41 14.42 14.44 14.38 14.28 14.29 14.29 14.29 14.27 14.27 14.28 14.27 14.25 14.26 14.27 14.26 14.26 14.18 14.22 14.24 14.28 14.23 14.20 14.27 14.28 14.28 14.27
14.25 14.25 14.24 14.20 14.21 14.24 14.23 14.23 14.23 14.22 14.23 14.23 14.22 14.21 14.21 14.25 14.23 14.23 14.24 14.24 14.23 14.21 14.25 14.27 14.27 14.28 14.24 14.26 14.22 14.25 14.24 14.23 14.24 14.29 14.28 14.28 14.26 14.20 14.26 14.24 14.24 14.25 14.23 14.30 14.29 14.28 14.27 14.26 14.23 14.31 14.38 14.39 14.41 14.40 14.29 14.27 14.24 14.23 14.24 14.12 14.27 14.28 14.28 14.24 14.26 14.25 14.24 14.20 14.22 14.19 14.15 14.18 14.26 14.26 14.26 14.26 14.27
14.22 14.24 14.22 14.21 14.21 14.21 14.20 14.21 14.21 14.21 14.22 14.22 14.20 14.19 14.17 14.18 14.21 14.22 14.20 14.21 14.22 14.24 14.24 14.25 14.24 14.23 14.22 14.24 14.22 14.21 14.22 14.22 14.22 14.28 14.25 14.25 14.24 14.27 14.26 14.25 14.23 14.22 14.21 14.23 14.20 14.26 14.26 14.23 14.21 14.23 14.26 14.34 14.36 14.06 14.26 14.21 14.22 14.20 14.21 14.19 14.23 14.25 14.27 14.26 14.25 14.23 14.21 14.20 14.24 14.23 14.26 14.17 14.18 14.24 14.24 14.24 14.24
14.19 14.18 14.19 14.18 14.18 14.18 14.19 14.17 14.19 14.18 14.18 14.19 14.19 14.18 14.17 14.17 14.16 14.17 14.18 14.18 14.18 14.24 14.22 14.21 14.22 14.21 14.20 14.23 14.23 14.21 14.20 14.20 14.22 14.17 14.24 14.21 14.20 14.17 14.22 14.18 14.21 14.18 14.16 14.16 14.22 14.21 14.22 14.24 14.21 14.21 14.20 14.25 14.20 14.32 14.27 14.22 14.21 14.19 14.16 14.12 14.21 14.19 14.17 14.21 14.21 14.21 14.20 14.12 14.21 14.14 14.09 14.07 14.24 14.23 14.24 14.22 14.20
14.15 14.17 14.17 14.16 14.16 14.16 14.15 14.15 14.15 14.18 14.16 14.15 14.15 14.14 14.14 14.17 14.16 14.19 14.16 14.14 14.17 14.17 14.20 14.19 14.19 14.18 14.18 14.20 14.16 14.18 14.21 14.19 14.17 14.17 14.18 14.21 14.20 14.21 14.20 14.18 14.20 14.19 14.17 14.16 14.16 14.19 14.17 14.13 14.22 14.20 14.20 14.18 14.12 14.04 13.95 14.18 14.20 14.17 14.17 14.16 14.18 14.18 14.11 14.17 14.16 14.15 14.18 14.03 14.05 14.12 14.12 14.17 14.16 14.17 14.20 14.21 14.16
14.05 14.15 14.15 14.15 14.13 14.14 14.13 14.13 14.06 14.04 14.15 14.14 14.13 14.13 14.15 14.16 14.11 14.17 14.14 14.15 14.15 14.15 14.17 14.17 14.16 14.16 14.16 14.15 14.16 14.16 14.17 14.18 14.16 14.16 14.16 14.18 14.18 14.16 14.18 14.19 14.15 14.17 14.18 14.14 14.14 14.15 14.17 14.15 14.17 14.21 14.22 14.18 14.19 14.17 14.06 14.02 14.15 14.17 14.14 14.14 14.14 14.17 14.16 14.14 14.15 14.08 14.16 14.16 14.12 14.16 14.18 14.13 14.14 14.07 14.18 14.20 14.17
14.13 14.11 14.11 14.11 14.11 14.11 14.10 14.10 14.09 14.10 14.11 14.13 14.13 14.10 14.08 14.11 14.11 14.10 14.09 14.18 14.17 14.14 14.12 14.17 14.14 14.13 14.13 14.14 14.13 14.11 14.13 14.17 14.15 14.15 14.16 14.13 14.16 14.14 14.20 14.21 14.19 14.08 14.14 14.15 14.12 14.13 14.07 14.12 14.17 14.17 14.18 14.18 14.18 14.16 14.17 14.13 14.07 14.07 14.16 14.15 14.13 14.12 13.99 13.99 14.03 14.18 14.19 14.18 14.13 14.14 14.14 14.17 14.13 14.10 14.02 14.13 14.19
14.01 14.12 14.12 14.10 14.09 14.10 14.09 14.08 14.08 14.09 14.05 14.02 14.05 14.09 14.10 14.10 14.09 14.11 14.17 14.07 14.08 14.16 14.04 14.05 14.16 14.13 14.11 14.10 14.11 14.11 14.10 14.12 14.15 14.15 14.13 14.13 14.14 14.13 14.11 14.07 14.08 14.09 14.04 14.11 14.17 14.15 14.11 14.12 14.10 14.14 14.13 14.08 14.15 14.10 14.08 14.08 14.02 14.01 14.01 14.01 14.12 14.13 14.08 14.07 14.07 14.05 14.03 14.09 14.10 14.09 14.13 14.10 14.10 14.10 14.05 14.02 14.05
14.04 14.10 14.10 14.08 14.08 14.08 14.08 14.06 14.05 14.05 13.97 13.95 14.07 14.06 14.03 14.06 14.04 14.16 13.78 13.98 14.12 14.04 14.00 13.79 13.74 14.10 14.11 14.11 14.10 14.10 14.10 14.09 14.12 14.06 14.11 14.07 14.05 14.09 14.11 14.08 14.09 14.13 14.14 13.99 13.76 14.17 14.13 14.09 14.07 14.13 14.12 14.09 14.12 14.10 14.10 14.12 14.09 14.09 14.10 14.09 14.06 14.06 14.01 13.98 13.95 14.05 14.09 14.05 14.07 14.11 14.10 14.10 14.05 14.10 14.09 13.97 14.05
14.01 14.03 14.06 14.05 14.05 14.05 14.05 14.04 14.03 14.04 13.94 13.96 14.04 14.04 14.03 14.04 14.04 14.04 14.04 13.95 13.65 13.94 13.98 13.89 13.73 13.81 13.84 13.95 14.04 14.12 14.10 14.07 14.06 14.08 14.05 14.07 14.06 14.06 14.09 14.08 14.10 14.11 14.08 14.08 13.97 14.09 14.01 14.10 14.09 14.04 14.09 14.10 14.07 14.09 14.06 14.03 14.07 14.05 14.06 14.05 14.05 13.99 14.06 14.07 14.10 14.05 14.02 14.07 14.05 14.04 14.06 14.05 14.05 14.03 14.07 14.08 13.95
13.85 14.02 14.02 14.03 14.02 14.03 14.05 14.03 14.02 14.03 14.04 13.98 14.03 14.02 14.02 14.02 14.05 14.04 14.04 14.03 13.99 14.05 14.05 13.99 13.88 13.73 13.66 13.75 13.59 13.93 14.05 14.06 14.05 14.04 14.04 14.05 14.04 14.05 13.98 14.03 14.02 14.08 14.05 14.03 14.01 13.93 13.90 13.92 13.96 14.03 14.08 14.05 14.07 14.06 14.05 14.03 14.03 14.04 14.03 14.03 14.06 14.01 14.00 14.02 14.00 14.02 14.04 14.07 14.04 13.92 14.03 14.01 14.04 14.04 14.03 14.02 14.02
13.82 14.00 14.01 14.00 14.01 14.00 14.01 14.01 14.00 14.00 14.00 13.72 14.01 13.99 13.99 13.99 13.99 14.03 14.03 14.04 14.04 14.03 14.04 14.05 13.86 14.01 14.02 13.99 13.93 14.01 14.02 14.01 13.99 13.97 14.03 14.03 14.02 14.02 14.03 14.01 14.00 14.01 14.03 14.00 14.02 13.98 13.99 13.96 14.06 14.00 14.01 14.01 13.96 13.97 14.04 14.01 13.99 14.01 14.02 14.00 14.01 14.02 13.91 13.93 13.96 14.01 13.98 13.97 13.98 13.82 13.94 13.99 13.98 14.00 14.00 13.97 14.00
14.01 13.98 13.99 13.99 13.99 13.98 13.98 13.98 13.99 13.98 13.95 14.00 13.98 13.97 13.97 13.99 13.99 13.99 14.00 14.01 14.02 14.00 13.91 13.87 14.01 14.01 14.00 14.00 13.99 14.00 14.00 14.00 13.96 13.72 14.04 14.04 14.02 14.00 13.99 14.00 14.00 13.98 14.01 14.00 14.01 13.98 14.01 13.99 14.03 14.05 14.04 13.97 14.03 13.90 13.95 14.01 13.99 13.98 13.98 13.98 13.95 13.96 13.98 14.00 13.99 13.96 13.97 13.99 13.96 13.93 13.89 13.83 13.93 14.02 14.00 13.97 13.97
13.92 13.97 13.96 13.97 13.98 13.96 13.97 13.95 13.96 13.96 13.72 13.95 13.96 13.96 13.98 13.98 13.97 13.98 13.98 13.97 13.98 13.92 13.92 13.96 13.99 13.98 14.00 13.98 13.99 13.98 13.99 13.97 13.94 14.02 14.05 13.69 13.76 14.00 13.99 13.98 13.98 13.97 13.97 13.97 14.02 14.00 13.99 14.01 14.05 14.03 14.05 14.02 14.02 14.00 13.97 14.00 13.97 13.97 13.97 13.95 13.95 13.96 13.95 13.94 13.95 13.96 13.97 13.97 13.95 13.95 13.98 13.99 13.93 13.90 13.95 13.97 13.97
13.88 13.96 13.94 13.95 13.95 13.95 13.94 13.94 13.95 13.95 13.83 13.92 13.95 13.94 13.97 13.95 13.96 13.96 13.95 13.94 13.96 13.96 13.98 13.97 13.96 13.95 13.97 13.96 13.97 13.96 13.96 13.95 13.95 13.89 13.94 13.68 13.68 13.73 14.00 13.97 13.96 13.94 13.95 13.94 13.94 13.97 13.95 13.89 13.98 13.99 13.96 14.02 14.00 13.98 13.97 13.93 13.96 13.93 13.94 13.94 13.92 13.93 13.93 13.92 13.92 13.93 13.94 13.94 13.95 13.94 13.94 13.93 13.97 13.94 13.91 13.89 13.91
13.91 13.92 13.91 13.90 13.90 13.92 13.92 13.92 13.91 13.92 13.83 13.93 13.92 13.95 13.94 13.93 13.93 13.93 13.93 13.93 13.93 13.96 13.95 13.95 13.95 13.94 13.94 13.91 13.95 13.95 13.94 13.93 13.93 13.90 13.87 13.69 13.77 13.71 13.85 13.92 13.95 13.93 13.92 13.94 13.94 13.94 13.96 13.97 13.95 13.97 13.91 13.98 13.98 13.98 13.96 13.98 13.94 13.93 13.92 13.92 13.92 13.92 13.91 13.91 13.92 13.93 13.91 13.91 13.91 13.92 13.94 13.93 13.91 13.95 13.93 13.91 13.90
13.87 13.89 13.90 13.88 13.87 13.88 13.89 13.90 13.89 13.90 13.90 13.81 13.92 13.92 13.92 13.91 13.91 13.91 13.91 13.91 13.92 13.94 13.93 13.93 13.91 13.93 13.91 13.90 13.89 13.94 13.92 13.92 13.91 13.87 13.80 13.91 13.93 13.92 13.91 13.92 13.80 13.91 13.92 13.91 13.94 13.90 13.66 13.95 13.80 13.95 13.94 13.95 13.93 13.93 13.89 13.85 13.90 13.80 13.93 13.91 13.90 13.90 13.90 13.89 13.89 13.90 13.90 13.89 13.89 13.88 13.86 13.91 13.94 13.89 13.93 13.91 13.91
13.88 13.87 13.89 13.87 13.85 13.85 13.86 13.88 13.88 13.87 13.87 13.87 13.91 13.91 13.90 13.89 13.89 13.89 13.89 13.89 13.89 13.91 13.89 13.90 13.91 13.88 13.90 13.89 13.88 13.92 13.88 13.91 13.91 13.88 13.83 13.89 13.89 13.89 13.89 13.88 13.89 13.77 13.88 13.86 13.87 13.80 13.85 13.90 13.95 13.81 13.90 13.91 13.90 13.87 13.89 13.87 13.87 13.92 13.79 13.85 13.88 13.85 13.87 13.87 13.87 13.87 13.87 13.86 13.85 13.87 13.90 13.89 13.81 13.90 13.88 13.90 13.91
13.87 13.86 13.87 13.86 13.83 13.83 13.84 13.84 13.85 13.85 13.84 13.88 13.90 13.88 13.88 13.87 13.87 13.86 13.87 13.85 13.86 13.86 13.87 13.87 13.85 13.86 13.87 13.88 13.90 13.90 13.88 13.84 13.81 13.79 13.84 13.87 13.86 13.86 13.87 13.86 13.87 13.88 13.88 13.88 13.88 13.88 13.87 13.85 13.94 13.51 13.73 13.88 13.87 13.86 13.85 13.84 13.85 13.86 13.85 13.79 13.84 13.85 13.81 13.80 13.82 13.79 13.84 13.87 13.88 13.87 13.82 13.89 13.89 13.91 13.90 13.84 13.85
13.84 13.84 13.80 13.85 13.81 13.80 13.80 13.82 13.82 13.82 13.85 13.86 13.86 13.86 13.86 13.86 13.85 13.84 13.84 13.85 13.85 13.85 13.86 13.84 13.84 13.84 13.86 13.85 13.84 13.73 13.80 13.85 13.85 13.85 13.85 13.85 13.86 13.85 13.85 13.86 13.88 13.88 13.86 13.83 13.86 13.85 13.85 13.84 13.84 13.80 13.68 13.77 13.90 13.85 13.84 13.83 13.84 13.81 13.86 13.87 13.87 13.82 13.80 13.81 13.82 13.83 13.85 13.82 13.81 13.81 13.79 13.78 13.84 13.80 13.81 13.85 13.82
13.82 13.82 13.80 13.80 13.80 13.78 13.79 13.79 13.80 13.83 13.82 13.83 13.84 13.84 13.83 13.82 13.81 13.81 13.84 13.82 13.82 13.84 13.84 13.83 13.82 13.82 13.77 13.85 13.72 13.69 13.76 13.83 13.83 13.83 13.83 13.83 13.83 13.82 13.87 13.85 13.85 13.84 13.83 13.79 13.81 13.83 13.80 13.82 13.82 13.82 13.82 13.81 13.94 13.84 13.82 13.81 13.82 13.80 13.80 13.84 13.86 13.82 13.82 13.81 13.80 13.83 13.83 13.81 13.83 13.82 13.82 13.77 13.72 13.70 13.80 13.78 13.79
13.78 13.78 13.79 13.78 13.79 13.77 13.77 13.77 13.78 13.79 13.79 13.81 13.82 13.81 13.80 13.79 13.79 13.80 13.81 13.80 13.80 13.81 13.81 13.81 13.80 13.79 13.75 13.71 13.81 13.71 13.81 13.81 13.81 13.82 13.82 13.82 13.81 13.81 13.78 13.87 13.84 13.81 13.80 13.82 13.81 13.81 13.81 13.81 13.81 13.81 13.81 13.76 13.73 13.78 13.64 13.82 13.81 13.81 13.81 13.81 13.82 13.82 13.80 13.80 13.80 13.79 13.73 13.79 13.71 13.63 13.62 13.79 13.73 13.74 13.74 13.76 13.74
13.75 13.76 13.76 13.75 13.76 13.76 13.75 13.74 13.79 13.76 13.78 13.78 13.78 13.79 13.78 13.78 13.77 13.78 13.78 13.77 13.77 13.78 13.78 13.78 13.76 13.76 13.70 13.70 13.77 13.78 13.79 13.79 13.78 13.77 13.77 13.76 13.77 13.77 13.79 13.78 13.80 13.81 13.80 13.79 13.79 13.78 13.78 13.78 13.79 13.80 13.80 13.77 13.76 13.76 13.68 13.62 13.72 13.81 13.72 13.80 13.77 13.77 13.78 13.76 13.77 13.75 13.72 13.70 13.64 13.75 13.56 13.55 13.56 13.73 13.74 13.75 13.82
13.72 13.73 13.73 13.74 13.74 13.75 13.74 13.74 13.75 13.74 13.77 13.76 13.76 13.76 13.76 13.75 13.74 13.76 13.76 13.75 13.75 13.76 13.75 13.76 13.76 13.73 13.75 13.74 13.74 13.77 13.77 13.78 13.76 13.74 13.76 13.77 13.76 13.76 13.74 13.78 13.78 13.76 13.75 13.76 13.76 13.76 13.75 13.78 13.78 13.75 13.74 13.76 13.77 13.80 13.78 13.71 13.60 13.76 13.65 13.79 13.76 13.75 13.75 13.75 13.74 13.75 13.75 13.74 13.73 13.66 13.47 13.50 13.41 13.52 13.74 13.58 13.57
13.69 13.71 13.70 13.71 13.71 13.72 13.70 13.73 13.73 13.73 13.70 13.74 13.73 13.74 13.74 13.74 13.74 13.72 13.73 13.74 13.73 13.73 13.74 13.74 13.74 13.73 13.75 13.73 13.74 13.75 13.73 13.76 13.73 13.72 13.71 13.73 13.73 13.74 13.74 13.72 13.74 13.76 13.75 13.74 13.72 13.72 13.71 13.70 13.72 13.73 13.72 13.73 13.73 13.67 13.74 13.77 13.55 13.52 13.72 13.64 13.77 13.74 13.73 13.73 13.73 13.74 13.73 13.71 13.71 13.63 13.62 13.63 13.57 13.48 13.58 13.57 13.46
13.70 13.69 13.67 13.68 13.69 13.70 13.74 13.72 13.71 13.73 13.73 13.72 13.71 13.71 13.73 13.71 13.71 13.71 13.71 13.72 13.71 13.71 13.72 13.71 13.71 13.72 13.72 13.71 13.71 13.71 13.71 13.69 13.74 13.72 13.71 13.73 13.71 13.71 13.72 13.72 13.74 13.73 13.74 13.73 13.71 13.70 13.71 13.71 13.71 13.71 13.71 13.71 13.71 13.71 13.60 13.69 13.70 13.74 13.65 13.59 13.64 13.66 13.71 13.71 13.70 13.71 13.71 13.71 13.72 13.70 13.67 13.65 13.59 13.61 13.52 13.51 13.52
13.64 13.65 13.65 13.65 13.65 13.66 13.68 13.72 13.69 13.72 13.72 13.70 13.68 13.68 13.69 13.69 13.69 13.70 13.68 13.69 13.71 13.69 13.70 13.69 13.69 13.68 13.68 13.68 13.69 13.68 13.67 13.70 13.69 13.70 13.70 13.72 13.70 13.68 13.68 13.69 13.72 13.70 13.73 13.69 13.70 13.69 13.69 13.68 13.68 13.69 13.71 13.69 13.67 13.69 13.68 13.68 13.68 13.70 13.71 13.69 13.69 13.70 13.65 13.72 13.70 13.69 13.67 13.67 13.67 13.67 13.68 13.68 13.56 13.55 13.52 13.48 13.43
13.63 13.63 13.62 13.62 13.62 13.67 13.68 13.69 13.69 13.68 13.69 13.70 13.67 13.67 13.67 13.67 13.67 13.67 13.67 13.67 13.70 13.69 13.70 13.68 13.67 13.67 13.67 13.65 13.68 13.66 13.66 13.68 13.68 13.69 13.68 13.68 13.66 13.65 13.67 13.66 13.63 13.67 13.68 13.70 13.70 13.68 13.68 13.66 13.66 13.65 13.68 13.65 13.66 13.65 13.67 13.67 13.66 13.67 13.69 13.70 13.69 13.72 13.67 13.59 13.60 13.68 13.66 13.66 13.66 13.67 13.67 13.67 13.57 13.57 13.50 13.49 13.50
