Files/BOM data/2019071020190710.grid
ncols 839
nrows 679
xllcenter 112.0500
yllcenter -43.9500
cellsize 0.0500
nodata_value 99999.90
[rows 34 to 67 of 679, columns 385 to 461 of 839]
20.82 20.89 20.89 20.93 20.93 20.91 20.91 20.91 20.87 20.87 21.04 20.95 20.95 20.95 20.95 20.95 20.95 20.95 20.95 20.95 20.96 20.96 20.96 20.96 20.96 20.96 20.88 20.70 20.84 20.82 20.74 20.57 20.70 20.78 20.79 20.81 20.86 20.83 20.86 20.86 20.76 20.80 20.86 20.86 20.83 20.83 20.84 20.84 20.84 20.91 20.91 20.91 20.91 20.91 20.83 20.83 20.83 20.83 20.84 20.84 20.84 20.84 20.79 20.79 20.85 20.85 20.85 20.85 20.85 20.80 20.80 20.80 20.80 20.80 20.80 20.57 20.57
20.82 20.82 20.89 20.89 20.93 20.93 20.91 20.91 20.91 20.87 20.95 20.95 20.95 20.95 20.95 20.95 20.95 20.95 20.95 20.96 20.96 20.96 20.96 20.96 20.96 20.96 20.60 20.60 20.78 20.79 20.80 20.66 20.77 20.85 20.79 20.77 20.82 20.83 20.89 20.77 20.76 20.80 20.86 20.86 20.83 20.83 20.84 20.84 20.84 20.68 20.78 20.78 20.78 20.86 20.83 20.83 20.83 20.83 20.84 20.84 20.84 20.84 20.79 20.79 20.85 20.85 20.85 20.85 20.85 20.80 20.80 20.80 20.80 20.80 20.57 20.57 20.57
20.75 20.82 20.82 20.89 20.89 20.93 20.93 20.91 20.91 20.43 20.33 20.95 20.95 20.95 20.95 20.95 20.95 20.95 20.95 20.96 20.96 20.96 20.96 20.96 20.96 20.60 20.60 20.60 20.71 20.59 20.67 20.75 20.83 20.79 20.78 20.78 20.81 20.81 20.86 20.81 20.78 20.82 20.79 20.79 20.82 20.84 20.84 20.77 20.72 20.71 20.84 20.84 20.86 20.84 20.83 20.83 20.83 20.84 20.84 20.84 20.84 20.79 20.79 20.79 20.85 20.85 20.85 20.85 20.85 20.80 20.80 20.80 20.80 20.80 20.57 20.57 20.57
20.75 20.75 20.82 20.82 20.89 20.89 20.93 20.43 20.43 20.43 20.33 20.45 20.53 20.66 20.66 20.66 20.66 20.66 20.66 20.62 20.96 20.96 20.96 20.78 20.78 20.78 20.78 20.73 20.73 20.67 20.72 20.79 20.76 20.70 20.75 20.73 20.76 20.79 20.79 20.80 20.79 20.75 20.84 20.85 20.81 20.80 20.77 20.79 20.80 20.80 20.78 20.86 20.86 20.84 20.83 20.83 20.83 20.84 20.84 20.84 20.79 20.79 20.79 20.70 20.70 20.85 20.85 20.85 20.85 20.80 20.80 20.80 20.80 20.57 20.57 20.57 20.57
20.73 20.73 20.73 20.73 20.73 20.73 20.73 20.43 20.43 20.43 20.33 20.45 20.53 20.66 20.66 20.66 20.66 20.66 20.66 20.62 20.67 20.67 20.67 20.78 20.78 20.78 20.78 20.78 20.75 20.76 20.71 20.73 20.71 20.71 20.71 20.75 20.72 20.74 20.77 20.81 20.78 20.77 20.73 20.74 20.70 20.75 20.76 20.79 20.80 20.80 20.75 20.80 20.84 20.84 20.57 20.84 20.78 20.84 20.84 20.84 20.79 20.79 20.79 20.70 20.70 20.56 20.85 20.85 20.85 20.80 20.80 20.80 20.57 20.57 20.57 20.57 20.57
20.73 20.73 20.73 20.73 20.73 20.73 20.73 20.43 20.43 20.43 20.33 20.45 20.53 20.66 20.66 20.66 20.66 20.66 20.66 20.62 20.67 20.67 20.67 20.67 20.74 20.74 20.74 20.74 20.71 20.66 20.62 20.68 20.73 20.71 20.73 20.77 20.69 20.72 20.72 20.76 20.73 20.75 20.78 20.66 20.64 20.71 20.77 20.78 20.77 20.78 20.77 20.76 20.76 20.80 20.75 20.79 20.78 20.82 20.82 20.81 20.79 20.79 20.69 20.70 20.70 20.61 20.56 20.85 20.85 20.80 20.80 20.80 20.57 20.57 20.57 20.57 20.57
20.73 20.73 20.73 20.73 20.73 20.73 20.43 20.43 20.43 20.43 20.33 20.45 20.53 20.66 20.66 20.66 20.66 20.66 20.66 20.62 20.60 20.67 20.67 20.67 20.67 20.68 20.68 20.68 20.52 20.45 20.57 20.75 20.74 20.71 20.74 20.70 20.69 20.66 20.69 20.71 20.66 20.74 20.77 20.67 20.68 20.71 20.79 20.75 20.74 20.71 20.73 20.76 20.72 20.76 20.73 20.78 20.79 20.77 20.77 20.81 20.79 20.79 20.69 20.70 20.70 20.61 20.56 20.56 20.73 20.73 20.73 20.70 20.57 20.57 20.57 20.57 20.57
20.73 20.73 20.73 20.73 20.73 20.28 20.43 20.43 20.43 20.43 20.33 20.45 20.53 20.66 20.66 20.68 20.66 20.66 20.66 20.62 20.60 20.65 20.67 20.67 20.67 20.52 20.68 20.68 20.60 20.64 20.67 20.73 20.74 20.71 20.69 20.67 20.65 20.66 20.68 20.69 20.60 20.59 20.60 20.73 20.78 20.76 20.75 20.72 20.72 20.69 20.73 20.76 20.74 20.74 20.76 20.73 20.76 20.77 20.72 20.78 20.76 20.75 20.69 20.70 20.70 20.61 20.21 20.06 20.11 20.58 20.70 20.70 20.57 20.57 20.57 20.25 20.25
20.73 20.73 20.73 20.73 20.28 20.42 20.39 20.43 20.43 20.43 20.33 20.45 20.53 20.66 20.66 20.68 20.66 20.66 20.66 20.62 20.60 20.60 20.65 20.67 20.67 20.52 20.68 20.78 20.60 20.66 20.63 20.64 20.68 20.66 20.66 20.62 20.70 20.65 20.65 20.68 20.68 20.69 20.75 20.71 20.71 20.74 20.70 20.71 20.70 20.66 20.67 20.74 20.74 20.75 20.66 20.66 20.67 20.72 20.66 20.74 20.75 20.74 20.72 20.70 20.48 20.63 20.68 20.33 20.13 20.03 20.41 20.40 20.57 20.25 20.25 20.25 19.95
20.70 20.70 20.70 20.28 20.28 20.42 20.39 20.43 20.43 20.43 20.33 20.45 20.53 20.66 20.66 20.68 20.68 20.66 20.66 20.62 20.60 20.60 20.65 20.65 20.67 20.71 20.67 20.66 20.53 20.44 20.59 20.62 20.64 20.65 20.71 20.62 20.67 20.64 20.72 20.63 20.66 20.69 20.69 20.75 20.73 20.66 20.62 20.73 20.67 20.69 20.66 20.68 20.67 20.67 20.69 20.62 20.58 20.71 20.76 20.74 20.72 20.70 20.68 20.67 20.62 20.53 20.53 20.48 20.41 20.33 20.04 19.99 20.36 20.25 20.25 19.95 20.16
20.65 20.65 20.28 20.28 20.41 20.42 20.39 20.45 20.43 20.43 20.33 20.45 20.53 20.66 20.66 20.68 20.68 20.66 20.66 20.62 20.60 20.60 20.60 20.44 20.56 20.59 20.64 20.67 20.64 20.62 20.58 20.59 20.69 20.65 20.67 20.59 20.60 20.59 20.63 20.63 20.62 20.64 20.62 20.60 20.63 20.65 20.64 20.67 20.66 20.68 20.57 20.61 20.65 20.67 20.74 20.68 20.68 20.68 20.67 20.77 20.75 20.65 20.66 20.64 20.63 20.62 20.52 20.47 20.51 20.38 20.00 20.02 19.98 19.79 19.95 19.95 20.16
20.24 20.03 20.28 20.28 20.41 20.42 20.39 20.45 20.43 20.43 20.33 20.45 20.53 20.66 20.66 20.68 20.68 20.57 20.61 20.43 20.53 20.58 20.58 20.44 20.57 20.46 20.52 20.59 20.63 20.62 20.63 20.66 20.71 20.58 20.58 20.62 20.57 20.60 20.61 20.67 20.65 20.63 20.64 20.54 20.57 20.61 20.56 20.66 20.67 20.61 20.62 20.63 20.66 20.65 20.70 20.66 20.61 20.65 20.65 20.73 20.73 20.62 20.64 20.60 20.59 20.62 20.61 20.60 20.53 20.34 20.40 20.13 19.90 19.79 19.85 20.38 20.16
19.83 19.88 20.14 20.33 20.41 20.42 20.39 20.45 20.51 20.40 20.38 20.49 20.49 20.40 20.44 20.41 20.55 20.45 20.45 20.49 20.55 20.58 20.58 20.61 20.58 20.56 20.47 20.53 20.53 20.60 20.62 20.64 20.61 20.58 20.60 20.66 20.61 20.64 20.66 20.63 20.60 20.65 20.64 20.63 20.60 20.61 20.61 20.63 20.60 20.59 20.60 20.64 20.65 20.61 20.63 20.59 20.64 20.64 20.66 20.66 20.65 20.64 20.64 20.61 20.59 20.57 20.59 20.64 20.55 20.48 20.47 20.46 20.17 20.06 19.72 20.06 20.07
20.06 19.93 20.19 20.38 20.51 20.43 20.37 20.49 20.54 20.46 20.46 20.50 20.46 20.38 20.35 20.47 20.49 20.46 20.56 20.46 20.55 20.55 20.44 20.54 20.60 20.52 20.49 20.54 20.55 20.56 20.58 20.63 20.63 20.67 20.64 20.63 20.65 20.65 20.62 20.58 20.61 20.62 20.61 20.60 20.61 20.63 20.63 20.61 20.60 20.62 20.62 20.63 20.63 20.48 20.59 20.57 20.60 20.63 20.57 20.58 20.58 20.57 20.57 20.43 20.53 20.58 20.57 20.62 20.59 20.52 20.53 20.49 20.32 20.09 20.06 20.26 20.21
20.07 19.88 20.02 20.20 20.46 20.26 20.41 20.38 20.39 20.34 20.41 20.43 20.41 20.50 20.52 20.52 20.43 20.47 20.53 20.56 20.55 20.45 20.45 20.71 20.46 20.42 20.52 20.63 20.61 20.52 20.64 20.62 20.63 20.62 20.64 20.61 20.57 20.47 20.43 20.54 20.55 20.56 20.50 20.53 20.57 20.61 20.56 20.53 20.58 20.59 20.59 20.60 20.52 20.46 20.60 20.55 20.54 20.53 20.54 20.57 20.49 20.55 20.52 20.51 20.51 20.49 20.48 20.55 20.50 20.30 20.51 20.47 20.31 20.27 20.22 20.24 20.46
20.09 19.93 20.04 20.34 20.39 20.39 20.48 20.48 20.37 20.40 20.46 20.41 20.35 20.44 20.50 20.49 20.50 20.59 20.50 20.52 20.53 20.47 20.34 20.55 20.40 20.41 20.50 20.53 20.46 20.49 20.51 20.58 20.61 20.60 20.62 20.62 20.57 20.55 20.45 20.41 20.46 20.52 20.47 20.55 20.56 20.55 20.52 20.55 20.59 20.59 20.55 20.57 20.56 20.50 20.55 20.35 20.52 20.51 20.55 20.49 20.51 20.52 20.51 20.45 20.49 20.43 20.36 20.50 20.52 20.37 20.44 20.52 20.39 20.20 20.11 20.31 20.48
19.96 20.15 20.12 20.28 20.39 20.27 20.45 20.44 20.41 20.40 20.49 20.42 20.37 20.26 20.39 20.46 20.41 20.52 20.52 20.50 20.45 20.42 20.41 20.41 20.42 20.46 20.48 20.48 20.41 20.42 20.47 20.51 20.56 20.52 20.58 20.57 20.58 20.60 20.59 20.56 20.52 20.52 20.53 20.52 20.53 20.50 20.55 20.58 20.55 20.55 20.55 20.54 20.57 20.52 20.50 20.42 20.45 20.42 20.48 20.45 20.40 20.46 20.49 20.41 20.33 20.39 20.43 20.48 20.47 20.41 20.34 20.44 20.26 20.04 19.96 20.20 20.48
19.94 20.48 20.32 20.30 20.40 20.25 20.45 20.34 20.39 20.32 20.44 20.46 20.47 20.46 20.52 20.49 20.44 20.46 20.47 20.50 20.48 20.42 20.43 20.36 20.41 20.52 20.50 20.48 20.45 20.47 20.50 20.52 20.49 20.48 20.54 20.51 20.53 20.55 20.47 20.48 20.53 20.56 20.60 20.60 20.55 20.53 20.56 20.53 20.53 20.51 20.51 20.54 20.56 20.56 20.48 20.43 20.39 20.35 20.39 20.42 20.40 20.37 20.32 20.26 20.24 20.33 20.38 20.42 20.44 20.39 20.38 20.50 20.42 20.01 19.93 20.23 20.47
20.05 20.10 20.18 20.30 20.34 20.33 20.45 20.40 20.46 20.44 20.48 20.50 20.45 20.45 20.57 20.50 20.44 20.44 20.49 20.48 20.48 20.42 20.38 20.49 20.51 20.46 20.54 20.48 20.48 20.47 20.47 20.49 20.51 20.47 20.49 20.52 20.53 20.52 20.48 20.43 20.52 20.55 20.56 20.55 20.51 20.48 20.52 20.53 20.53 20.53 20.51 20.52 20.52 20.51 20.50 20.45 20.40 20.37 20.36 20.43 20.38 20.30 20.18 20.14 20.24 20.29 20.27 20.26 20.29 20.32 20.36 20.37 20.21 19.95 19.80 20.19 20.42
20.25 20.14 20.35 20.40 20.35 20.32 20.36 20.37 20.43 20.42 20.43 20.42 20.39 20.40 20.39 20.47 20.38 20.42 20.46 20.45 20.46 20.44 20.39 20.40 20.36 20.33 20.37 20.48 20.43 20.47 20.47 20.45 20.41 20.46 20.44 20.43 20.45 20.48 20.46 20.47 20.49 20.49 20.49 20.46 20.44 20.44 20.46 20.47 20.52 20.54 20.52 20.52 20.44 20.51 20.53 20.47 20.42 20.42 20.33 20.34 20.32 20.28 20.20 20.17 20.15 20.12 20.11 20.08 20.16 20.21 20.25 20.27 20.17 19.85 19.85 20.10 20.26
20.23 20.10 20.46 20.28 20.31 20.43 20.29 20.35 20.34 20.30 20.37 20.39 20.32 20.36 20.41 20.42 20.43 20.43 20.44 20.45 20.42 20.43 20.43 20.38 20.33 20.26 20.40 20.53 20.49 20.45 20.49 20.43 20.46 20.46 20.46 20.47 20.45 20.44 20.45 20.45 20.45 20.47 20.46 20.47 20.47 20.45 20.44 20.46 20.50 20.49 20.51 20.51 20.46 20.49 20.49 20.45 20.45 20.43 20.38 20.27 20.21 20.20 20.18 20.12 20.06 20.04 19.88 20.00 19.99 19.93 20.01 20.03 20.20 20.05 19.98 20.03 20.28
20.25 20.23 20.35 20.23 20.29 20.46 20.28 20.29 20.23 20.23 20.24 20.34 20.35 20.39 20.38 20.33 20.37 20.37 20.36 20.39 20.38 20.41 20.42 20.37 20.35 20.34 20.36 20.45 20.47 20.46 20.43 20.44 20.49 20.44 20.48 20.47 20.42 20.44 20.43 20.44 20.43 20.46 20.44 20.46 20.45 20.47 20.46 20.46 20.46 20.45 20.48 20.47 20.48 20.47 20.47 20.46 20.41 20.42 20.37 20.32 20.20 20.15 20.10 20.06 20.02 19.79 19.93 19.93 20.02 19.84 19.82 19.84 20.04 20.11 20.11 20.11 20.28
20.26 20.30 20.25 20.24 20.20 20.22 20.23 20.29 20.23 20.23 20.25 20.31 20.30 20.39 20.36 20.35 20.34 20.35 20.29 20.36 20.33 20.39 20.40 20.33 20.25 20.34 20.35 20.38 20.40 20.42 20.40 20.42 20.41 20.39 20.46 20.44 20.42 20.44 20.41 20.41 20.41 20.41 20.42 20.41 20.44 20.45 20.47 20.47 20.48 20.46 20.46 20.45 20.45 20.45 20.45 20.44 20.43 20.42 20.39 20.33 20.27 20.16 20.06 20.00 20.01 19.95 19.85 19.92 19.95 19.80 19.77 19.53 19.98 20.11 19.98 20.05 20.15
20.27 20.27 20.24 20.24 20.21 20.24 20.26 20.28 20.20 20.22 20.27 20.41 20.37 20.31 20.36 20.36 20.32 20.33 20.29 20.32 20.36 20.36 20.33 20.31 20.34 20.34 20.36 20.34 20.39 20.40 20.43 20.39 20.37 20.41 20.45 20.41 20.40 20.43 20.44 20.42 20.37 20.35 20.38 20.39 20.39 20.42 20.43 20.45 20.42 20.44 20.41 20.42 20.39 20.40 20.40 20.37 20.39 20.42 20.40 20.34 20.27 20.23 20.19 20.04 19.99 20.00 19.86 19.74 19.72 19.62 19.73 19.90 20.08 20.08 19.91 19.71 20.07
20.19 20.35 20.29 20.24 20.21 20.22 20.15 20.22 20.28 20.33 20.26 20.24 20.27 20.36 20.35 20.33 20.26 20.28 20.26 20.28 20.29 20.31 20.30 20.27 20.35 20.40 20.44 20.29 20.36 20.37 20.41 20.39 20.40 20.42 20.41 20.39 20.40 20.43 20.41 20.41 20.40 20.35 20.36 20.39 20.39 20.38 20.39 20.40 20.41 20.39 20.30 20.39 20.37 20.37 20.34 20.36 20.36 20.43 20.40 20.35 20.34 20.32 20.21 20.11 20.00 19.91 19.90 19.85 19.60 19.56 19.63 19.92 20.11 20.03 19.97 19.75 19.65
20.11 20.26 20.35 20.30 20.27 20.24 20.15 20.25 20.26 20.33 20.33 20.29 20.24 20.21 20.28 20.32 20.28 20.28 20.24 20.24 20.27 20.30 20.28 20.28 20.34 20.37 20.38 20.26 20.30 20.32 20.38 20.33 20.38 20.40 20.40 20.40 20.38 20.42 20.41 20.42 20.40 20.39 20.37 20.38 20.35 20.35 20.36 20.33 20.37 20.39 20.37 20.35 20.28 20.29 20.27 20.33 20.34 20.39 20.40 20.37 20.36 20.36 20.34 20.19 20.10 19.95 19.90 19.96 20.01 19.84 19.70 19.69 19.65 19.72 19.76 19.76 19.81
20.00 20.23 20.23 20.27 20.28 20.20 20.22 20.22 20.25 20.24 20.46 20.45 20.36 20.25 20.20 20.23 20.23 20.29 20.26 20.23 20.32 20.31 20.30 20.28 20.23 20.34 20.33 20.38 20.32 20.29 20.34 20.36 20.38 20.37 20.39 20.39 20.39 20.40 20.41 20.42 20.38 20.37 20.34 20.31 20.30 20.36 20.28 20.26 20.31 20.31 20.34 20.33 20.27 20.26 20.25 20.31 20.31 20.35 20.34 20.36 20.31 20.31 20.32 20.28 20.26 20.10 20.01 19.98 19.96 20.05 20.01 19.89 19.76 19.62 19.45 19.76 19.81
19.98 20.19 20.18 20.21 20.20 20.18 20.18 20.17 20.18 20.21 20.27 20.44 20.43 20.30 20.26 20.27 20.16 20.23 20.28 20.25 20.31 20.28 20.32 20.22 20.18 20.28 20.30 20.32 20.34 20.31 20.31 20.31 20.36 20.37 20.33 20.37 20.35 20.35 20.36 20.36 20.36 20.35 20.34 20.33 20.33 20.25 20.27 20.28 20.30 20.28 20.28 20.28 20.25 20.15 20.24 20.27 20.21 20.25 20.30 20.30 20.34 20.30 20.25 20.33 20.34 20.28 20.18 20.08 19.98 20.08 20.07 19.99 19.86 19.55 19.95 19.81 19.89
20.20 20.04 20.17 20.17 20.17 20.13 20.10 20.12 20.10 20.20 20.18 20.29 20.34 20.23 20.21 20.21 20.14 20.12 20.18 20.26 20.22 20.24 20.30 20.29 20.27 20.29 20.27 20.32 20.33 20.25 20.24 20.33 20.33 20.34 20.34 20.35 20.34 20.36 20.33 20.35 20.37 20.34 20.31 20.32 20.30 20.22 20.23 20.12 20.24 20.24 20.18 20.19 20.25 20.24 20.25 20.27 20.25 20.19 20.23 20.25 20.24 20.24 20.27 20.31 20.36 20.37 20.31 20.25 20.05 20.01 20.05 20.06 19.85 19.99 20.03 20.07 20.10
20.20 20.18 20.18 20.15 20.17 20.12 20.11 20.05 20.08 20.15 20.18 20.16 20.18 20.17 20.17 20.14 20.10 20.15 20.17 20.18 20.18 20.20 20.22 20.29 20.26 20.31 20.29 20.26 20.29 20.26 20.28 20.33 20.33 20.35 20.34 20.30 20.26 20.25 20.34 20.36 20.37 20.36 20.33 20.33 20.31 20.31 20.22 20.14 20.10 20.16 20.13 20.18 20.30 20.26 20.25 20.21 20.19 20.21 20.20 20.27 20.24 20.24 20.26 20.29 20.33 20.31 20.33 20.27 20.17 20.11 20.07 20.08 19.95 20.21 20.05 19.85 20.04
20.16 20.15 20.20 20.16 20.11 20.12 20.20 20.13 20.06 20.14 20.09 20.12 20.10 20.15 20.13 20.14 20.08 20.16 20.23 20.19 20.22 20.23 20.21 20.25 20.25 20.31 20.34 20.20 20.25 20.28 20.27 20.32 20.32 20.31 20.27 20.31 20.32 20.31 20.32 20.34 20.32 20.35 20.34 20.32 20.29 20.31 20.28 20.22 20.22 20.13 20.06 20.24 20.23 20.20 20.27 20.23 20.24 20.21 20.28 20.30 20.26 20.21 20.21 20.23 20.28 20.32 20.34 20.31 20.15 20.06 20.10 19.79 19.81 20.18 20.21 20.09 19.76
20.09 20.10 20.10 20.16 20.18 20.14 20.18 20.13 20.05 19.94 20.08 20.13 20.07 20.12 20.18 20.15 20.16 20.11 20.18 20.11 20.16 20.16 20.19 20.25 20.27 20.25 20.29 20.27 20.21 20.18 20.12 20.27 20.27 20.26 20.27 20.29 20.29 20.29 20.31 20.30 20.29 20.32 20.34 20.32 20.25 20.26 20.26 20.23 20.22 20.08 20.11 20.10 20.13 20.15 20.20 20.17 20.19 20.24 20.15 20.21 20.12 20.11 20.20 20.13 20.21 20.28 20.28 20.25 20.16 20.06 20.03 19.87 19.97 19.85 20.27 20.07 20.11
20.00 20.05 20.08 20.16 20.06 19.99 20.05 20.10 20.03 20.02 20.04 20.02 20.07 20.07 20.06 20.08 20.09 20.07 20.07 20.16 20.17 20.13 20.19 20.23 20.27 20.26 20.28 20.26 20.27 20.26 20.25 20.25 20.25 20.27 20.27 20.31 20.28 20.27 20.28 20.29 20.30 20.29 20.28 20.27 20.26 20.24 20.27 20.23 20.16 20.11 20.16 20.10 20.07 20.10 20.10 20.11 20.13 20.12 20.07 20.05 20.11 20.21 20.18 20.12 20.15 20.10 20.13 20.05 20.17 20.17 19.90 19.85 19.85 19.85 19.75 19.89 19.98
19.99 20.02 20.09 20.03 19.91 20.06 20.05 19.99 19.94 20.05 20.02 20.04 20.04 20.03 20.00 20.02 20.01 20.06 20.03 20.08 20.13 20.07 20.15 20.20 20.22 20.22 20.23 20.23 20.23 20.24 20.25 20.24 20.23 20.23 20.26 20.26 20.25 20.25 20.20 20.23 20.26 20.24 20.24 20.22 20.21 20.23 20.22 20.22 20.21 20.14 20.14 20.08 20.08 20.04 20.05 19.98 20.18 20.12 20.12 20.09 20.09 20.20 20.14 20.09 19.98 19.99 20.02 20.08 20.00 20.07 19.99 19.97 19.86 19.91 19.67 19.43 19.84
