Files/BOM data/2019070220190702.grid
ncols 839
nrows 679
xllcenter 112.0500
yllcenter -43.9500
cellsize 0.0500
nodata_value 99999.90
[rows 374 to 407 of 679, columns 693 to 769 of 839]
13.47 13.45 13.50 13.51 13.51 13.42 13.47 13.46 13.50 13.51 13.40 13.44 13.43 13.44 13.48 13.42 13.44 13.41 13.37 13.35 13.37 13.32 13.30 13.33 13.40 13.33 13.31 13.35 13.32 13.29 13.33 13.38 13.34 13.32 13.40 13.41 13.43 13.32 13.32 13.32 13.39 13.28 13.28 13.39 13.46 13.31 13.41 13.44 13.42 13.38 13.42 13.38 13.38 13.43 13.43 13.46 13.47 13.45 13.46 13.46 13.47 13.46 13.48 13.48 13.49 13.44 13.47 13.50 13.45 13.48 13.46 13.41 13.41 13.34 13.43 13.39 13.40
13.39 13.43 13.47 13.47 13.48 13.46 13.46 13.46 13.46 13.44 13.40 13.41 13.45 13.46 13.50 13.51 13.51 13.45 13.32 13.19 13.28 13.33 13.32 13.32 13.38 13.36 13.33 13.39 13.38 13.37 13.42 13.40 13.42 13.36 13.35 13.35 13.46 13.28 13.28 13.28 13.31 13.27 13.25 13.33 13.38 13.26 13.27 13.37 13.44 13.39 13.32 13.35 13.35 13.36 13.40 13.36 13.44 13.44 13.41 13.42 13.46 13.41 13.42 13.42 13.45 13.44 13.41 13.40 13.42 13.45 13.46 13.49 13.45 13.49 13.47 13.45 13.49
13.26 13.33 13.40 13.42 13.41 13.39 13.40 13.39 13.42 13.36 13.32 13.35 13.35 13.45 13.43 13.43 13.44 13.37 13.36 13.33 13.43 13.42 13.31 13.30 13.34 13.32 13.35 13.34 13.44 13.39 13.40 13.38 13.34 13.37 13.32 13.26 13.39 13.34 13.37 13.21 13.32 13.29 13.20 13.28 13.31 13.29 13.27 13.27 13.38 13.34 13.22 13.23 13.38 13.33 13.30 13.35 13.34 13.33 13.38 13.39 13.43 13.42 13.39 13.36 13.40 13.41 13.41 13.40 13.40 13.39 13.42 13.43 13.42 13.42 13.38 13.44 13.41
13.36 13.29 13.33 13.35 13.42 13.39 13.34 13.39 13.36 13.27 13.29 13.38 13.40 13.41 13.42 13.32 13.30 13.21 13.31 13.15 13.37 13.36 13.22 13.28 13.37 13.31 13.30 13.32 13.33 13.34 13.39 13.33 13.28 13.32 13.26 13.21 13.32 13.30 13.37 13.25 13.31 13.36 13.24 13.25 13.27 13.37 13.36 13.29 13.28 13.25 13.12 13.17 13.29 13.32 13.37 13.35 13.29 13.33 13.37 13.38 13.39 13.42 13.37 13.30 13.31 13.40 13.42 13.34 13.37 13.36 13.35 13.40 13.40 13.40 13.39 13.42 13.37
13.39 13.35 13.34 13.34 13.39 13.36 13.29 13.40 13.37 13.30 13.34 13.32 13.31 13.34 13.33 13.31 13.29 13.24 13.19 13.05 13.19 13.22 13.06 13.11 13.28 13.28 13.22 13.24 13.22 13.30 13.33 13.31 13.28 13.29 13.33 13.27 13.30 13.31 13.40 13.36 13.26 13.29 13.32 13.25 13.29 13.36 13.25 13.27 13.36 13.38 13.17 13.25 13.21 13.29 13.31 13.31 13.26 13.35 13.39 13.38 13.38 13.35 13.35 13.27 13.30 13.37 13.40 13.35 13.33 13.36 13.31 13.28 13.38 13.33 13.38 13.42 13.40
13.30 13.26 13.30 13.33 13.35 13.35 13.33 13.37 13.35 13.29 13.31 13.25 13.28 13.35 13.23 13.29 13.29 13.29 13.26 13.13 13.24 13.30 13.14 13.12 13.19 13.23 13.26 13.18 13.22 13.21 13.28 13.25 13.20 13.20 13.24 13.30 13.32 13.29 13.33 13.37 13.27 13.25 13.26 13.27 13.32 13.36 13.32 13.37 13.33 13.29 13.25 13.25 13.34 13.29 13.27 13.29 13.19 13.20 13.35 13.33 13.30 13.30 13.33 13.20 13.28 13.36 13.33 13.31 13.36 13.32 13.32 13.26 13.34 13.38 13.33 13.35 13.35
13.28 13.21 13.32 13.26 13.31 13.31 13.34 13.38 13.35 13.30 13.31 13.22 13.24 13.25 13.27 13.31 13.26 13.27 13.22 13.18 13.36 13.35 13.15 13.04 13.11 13.13 13.22 13.19 13.26 13.24 13.18 13.24 13.23 13.15 13.20 13.19 13.24 13.28 13.35 13.35 13.24 13.25 13.24 13.15 13.29 13.35 13.32 13.36 13.32 13.25 13.33 13.23 13.30 13.18 13.15 13.21 13.10 13.13 13.23 13.22 13.24 13.23 13.27 13.14 13.28 13.21 13.26 13.20 13.32 13.33 13.24 13.24 13.18 13.26 13.27 13.33 13.25
13.27 13.25 13.20 13.26 13.34 13.32 13.33 13.32 13.26 13.23 13.29 13.26 13.25 13.21 13.34 13.36 13.31 13.26 13.22 13.28 13.30 13.30 13.29 13.15 13.06 13.11 13.08 13.11 13.26 13.24 13.25 13.28 13.16 13.04 13.09 13.12 13.16 13.12 13.23 13.28 13.28 13.28 13.30 13.23 13.27 13.33 13.24 13.21 13.21 13.26 13.30 13.25 13.30 13.19 13.18 13.12 13.02 13.17 13.19 13.14 13.20 13.23 13.23 13.23 13.18 13.14 13.16 13.18 13.23 13.20 13.27 13.20 13.05 13.12 13.20 13.20 13.26
13.16 13.15 13.18 13.25 13.27 13.25 13.27 13.19 13.15 13.24 13.25 13.21 13.25 13.19 13.28 13.27 13.27 13.27 13.21 13.28 13.24 13.34 13.27 13.16 13.10 13.15 13.16 13.09 13.06 13.25 13.20 13.22 13.10 13.10 12.94 13.14 13.20 13.15 13.25 13.24 13.19 13.22 13.24 13.24 13.24 13.18 13.19 13.10 13.17 13.14 13.26 13.22 13.23 13.23 13.07 13.09 13.02 13.07 13.09 13.19 13.19 13.16 13.24 13.14 13.10 13.16 13.12 13.27 13.29 13.30 13.26 13.12 13.12 13.13 13.23 13.16 13.24
13.22 13.10 13.14 13.25 13.21 13.26 13.22 13.07 13.14 13.25 13.23 13.24 13.18 13.17 13.24 13.23 13.26 13.24 13.17 13.26 13.10 13.25 13.30 13.17 13.15 13.18 13.14 13.07 13.07 13.24 13.21 13.10 12.97 12.91 13.02 13.15 13.17 13.13 13.13 13.18 13.02 13.10 13.24 13.22 13.27 13.10 13.25 13.09 13.14 13.11 13.13 13.16 13.14 13.14 13.06 12.96 12.98 13.19 13.17 13.11 13.15 13.18 13.24 13.11 13.08 13.21 13.10 13.21 13.25 13.30 13.24 13.06 13.19 13.12 13.30 13.21 13.26
13.13 13.18 13.20 13.18 13.21 13.08 13.02 13.08 13.17 13.18 13.05 13.20 13.19 13.21 13.25 13.11 13.19 13.21 13.25 13.25 13.15 13.19 13.22 13.12 13.20 13.18 13.17 13.08 13.19 13.23 13.08 13.02 12.99 12.86 13.07 13.04 13.08 13.06 13.11 13.22 13.09 13.03 13.22 13.25 13.19 13.09 13.22 13.14 13.09 13.18 13.09 13.14 13.04 13.11 13.05 12.95 13.02 13.04 13.03 13.12 13.00 13.03 13.04 13.09 12.91 13.07 13.11 13.16 13.12 13.24 13.13 13.15 13.08 13.00 13.13 13.23 13.23
12.99 13.07 13.11 13.16 13.18 13.19 13.16 13.14 13.08 13.05 13.16 13.12 13.09 13.14 13.18 13.20 13.22 13.18 13.15 13.10 13.21 13.18 13.23 13.11 13.16 13.12 13.08 13.03 13.05 13.09 13.01 12.98 12.83 12.95 13.04 13.10 13.03 13.10 13.15 13.07 13.17 13.07 13.11 13.07 13.13 13.16 13.19 13.18 13.17 13.12 13.15 13.16 13.01 12.94 12.92 12.82 12.87 12.91 12.95 13.02 13.03 12.92 12.98 13.05 13.16 13.15 13.18 13.21 13.11 13.22 13.19 13.09 13.10 13.08 12.90 13.06 13.03
13.08 13.07 13.14 13.14 13.16 13.22 13.17 13.08 13.06 13.03 13.11 12.94 12.97 13.14 13.19 13.13 13.09 13.19 13.17 13.08 13.11 13.15 13.17 13.08 12.95 12.96 13.07 13.06 13.02 12.98 12.89 12.85 12.98 12.95 13.09 13.03 12.96 13.09 13.02 13.04 13.08 12.87 12.88 13.01 12.83 12.99 13.04 13.21 13.14 13.05 13.07 13.07 13.02 13.03 12.87 12.63 12.73 12.60 12.72 12.80 12.93 12.90 12.79 13.00 13.05 13.05 13.04 13.18 13.15 13.08 13.08 13.16 13.09 12.91 12.79 12.95 13.07
12.96 13.02 13.06 13.12 13.15 13.15 13.07 13.11 13.10 13.07 13.01 13.11 13.05 13.18 13.15 13.07 13.16 13.12 13.00 13.08 13.15 13.18 13.16 13.13 12.88 13.04 13.10 13.06 13.01 13.05 12.84 12.76 12.81 12.88 12.90 12.82 12.99 12.94 12.72 12.91 12.79 12.81 12.86 12.85 12.80 12.95 12.97 13.01 12.92 12.97 12.87 12.92 13.08 12.99 12.89 12.77 12.65 12.73 12.69 12.36 12.69 12.81 12.86 13.03 12.96 12.90 12.98 13.07 13.05 13.09 13.14 13.14 12.98 12.95 12.95 13.10 12.99
13.03 12.94 13.00 13.06 13.09 13.06 13.02 13.13 13.21 13.10 13.06 13.03 13.11 13.12 13.13 13.12 13.11 13.08 13.10 13.07 13.16 13.16 13.15 13.11 13.00 13.08 13.10 13.01 12.95 12.86 12.66 12.78 12.67 12.66 12.74 12.85 12.76 12.91 12.72 12.94 12.69 12.79 12.74 12.79 12.83 12.96 12.91 12.93 12.86 12.71 12.87 12.95 13.03 13.00 12.93 12.72 12.61 12.69 12.57 12.62 12.69 12.76 12.67 12.72 12.83 12.91 12.94 12.81 12.90 13.08 13.07 13.06 13.00 13.06 13.07 12.98 12.99
12.89 13.00 12.81 12.96 12.75 13.05 13.03 13.07 13.03 13.03 13.09 13.09 13.05 13.11 13.15 13.11 13.10 13.17 13.09 13.03 13.10 13.15 13.07 13.08 13.13 13.13 12.97 13.04 13.06 12.98 12.68 12.69 12.76 12.79 12.81 12.81 12.75 12.87 12.74 12.87 12.73 12.84 12.72 12.77 12.68 12.75 12.94 12.95 12.93 12.69 12.56 12.62 12.72 12.83 12.97 12.83 12.65 12.64 12.75 12.59 12.57 12.87 12.67 12.69 12.83 12.81 12.83 12.83 12.90 12.95 12.93 13.02 12.97 13.00 13.04 13.00 12.93
12.91 12.79 12.63 12.89 12.86 12.91 13.00 13.07 13.07 13.11 13.04 13.11 13.06 13.11 13.05 12.96 13.08 13.08 13.02 13.11 13.04 13.12 12.99 13.06 13.07 13.10 12.92 12.94 12.73 12.90 12.79 12.71 12.79 12.99 12.84 12.82 13.01 12.83 12.87 12.73 12.74 12.93 12.81 12.80 12.80 12.71 12.79 12.95 13.02 12.72 12.60 12.67 12.49 12.62 12.54 12.69 12.80 12.84 12.84 12.77 12.86 12.99 12.77 12.69 12.68 12.70 12.74 12.84 12.98 12.97 12.95 12.96 12.84 12.87 12.97 12.94 13.01
12.86 12.53 12.59 12.70 12.80 12.89 13.03 13.10 13.08 13.10 13.05 13.04 13.02 13.06 13.06 12.98 13.02 13.02 13.03 13.10 13.05 13.00 13.03 13.06 13.06 13.03 12.89 12.89 12.96 12.82 12.89 13.05 12.96 12.85 12.71 12.61 12.94 12.99 12.89 12.96 12.88 12.76 12.73 12.86 12.77 12.96 12.94 12.98 12.87 12.88 12.68 12.86 12.73 12.69 12.55 12.75 12.90 12.55 12.51 12.65 12.62 12.81 12.85 12.77 12.88 12.86 12.77 12.84 12.84 12.88 12.91 12.91 12.93 12.81 12.88 12.96 12.91
12.84 12.60 12.70 12.71 12.92 12.97 12.92 12.95 12.96 12.99 13.03 13.05 13.07 13.07 13.07 12.97 13.00 13.01 13.03 13.04 12.95 13.02 12.96 13.00 13.09 13.10 13.00 13.04 13.08 12.92 12.88 13.00 13.00 12.84 12.81 12.75 12.80 12.86 12.88 12.85 12.73 12.73 12.84 12.80 12.67 12.84 12.76 13.01 12.96 12.85 12.88 12.71 12.81 12.87 12.85 12.84 12.77 12.62 12.59 12.85 12.86 12.85 12.92 12.72 12.66 12.63 12.69 12.79 12.84 12.87 12.95 12.83 12.76 12.76 12.94 12.90 12.86
12.77 12.74 12.67 12.86 12.92 12.91 12.93 12.93 12.94 12.83 12.95 13.01 13.01 13.02 12.99 12.99 12.94 12.96 12.97 13.01 12.93 12.97 12.94 12.94 13.02 13.06 13.02 12.99 13.00 13.11 13.01 12.89 12.93 12.98 12.87 12.83 12.74 12.82 12.62 12.61 12.90 12.86 12.81 12.91 12.88 12.73 12.73 12.72 12.77 12.77 12.87 12.83 12.85 12.82 13.00 12.89 12.61 12.69 12.87 12.81 12.68 12.58 12.85 12.84 12.84 12.72 12.62 12.70 12.81 12.89 12.92 12.85 12.77 12.67 12.96 12.91 12.94
12.78 12.86 12.74 12.86 12.95 12.86 12.89 12.77 12.81 12.88 12.87 12.87 12.91 12.97 12.95 12.96 13.03 12.94 12.96 12.95 12.95 12.99 12.95 13.04 13.05 13.07 13.00 12.98 12.98 13.04 13.03 12.90 12.94 13.04 13.06 13.06 12.88 12.64 12.57 12.55 12.46 12.79 12.88 12.92 12.85 12.84 12.73 12.67 12.64 12.85 12.87 12.76 12.72 12.58 12.78 12.61 12.68 12.83 12.87 12.80 12.75 12.71 12.66 12.68 12.56 12.78 12.69 12.84 12.57 12.84 12.70 12.71 12.73 12.83 12.85 12.84 12.78
12.72 12.79 12.73 12.69 12.71 12.81 12.74 12.79 12.87 12.84 12.98 12.98 12.91 12.94 12.94 12.98 12.97 12.95 12.98 12.94 12.99 13.00 13.01 12.98 12.97 13.00 13.02 13.00 13.00 13.04 13.02 12.97 12.90 12.87 13.07 13.07 12.95 12.95 12.91 12.84 12.97 12.86 12.83 12.95 13.02 12.86 12.74 12.72 12.67 12.74 12.68 12.70 12.41 12.57 12.62 12.55 12.88 12.81 12.70 12.91 12.78 12.71 12.82 12.71 12.68 12.78 12.90 12.88 12.77 12.87 12.85 12.73 12.62 12.84 12.77 12.78 12.91
12.59 12.65 12.42 12.61 12.73 12.63 12.59 12.65 12.76 12.77 12.98 12.98 12.99 12.93 12.87 12.93 12.95 12.80 12.98 13.00 12.99 12.98 12.95 12.93 12.92 12.99 13.00 12.99 12.95 13.00 12.86 12.88 12.82 12.92 12.97 13.03 12.95 12.92 12.95 12.91 12.82 12.93 13.00 13.02 12.92 12.78 12.83 12.76 12.76 12.51 12.57 12.41 12.80 12.72 12.66 12.64 12.84 12.85 12.74 12.69 12.75 12.80 12.74 12.68 12.66 12.78 12.82 12.72 12.72 12.82 12.86 12.75 12.63 12.85 12.80 12.67 12.78
12.25 12.59 12.62 12.64 12.80 12.79 12.90 12.85 12.77 12.81 12.83 12.91 12.92 12.97 12.98 12.95 12.95 12.90 12.99 12.94 12.97 12.93 12.90 12.86 12.90 12.89 12.93 12.89 12.92 12.98 12.87 12.84 12.84 12.86 12.94 12.76 12.74 12.84 12.85 12.79 12.82 12.81 12.86 12.82 12.84 12.70 12.69 12.75 12.68 12.52 12.50 12.61 12.79 12.80 12.84 12.77 12.72 12.60 12.62 12.77 12.67 12.73 12.65 12.65 12.62 12.75 12.86 12.84 12.73 12.84 12.83 12.87 12.66 12.79 12.91 12.82 12.64
12.15 12.38 12.66 12.72 12.79 12.88 12.89 12.86 12.84 12.88 12.86 12.82 12.83 12.90 12.95 12.84 12.79 12.83 12.94 12.96 12.95 12.87 12.91 12.86 12.87 12.88 12.89 12.79 12.90 12.87 12.85 12.88 12.76 12.82 12.85 12.72 12.77 12.83 12.83 12.84 12.88 12.90 12.79 12.70 12.70 12.74 12.68 12.82 12.73 12.71 12.67 12.73 12.85 12.82 12.75 12.77 12.70 12.58 12.57 12.64 12.48 12.67 12.65 12.57 12.52 12.69 12.74 12.69 12.62 12.82 12.72 12.82 12.76 12.85 12.87 12.77 12.72
11.97 12.21 12.60 12.59 12.50 12.76 12.83 12.71 12.66 12.77 12.78 12.77 12.77 12.83 12.93 12.86 12.90 12.83 12.87 12.94 12.88 12.88 12.93 12.91 12.91 12.93 12.93 12.90 12.88 12.82 12.78 12.89 12.83 12.83 12.83 12.69 12.75 12.89 12.88 12.79 12.86 12.77 12.71 12.72 12.82 12.81 12.68 12.70 12.71 12.52 12.56 12.56 12.56 12.60 12.59 12.64 12.71 12.66 12.41 12.32 12.50 12.36 12.39 12.59 12.57 12.54 12.60 12.67 12.65 12.66 12.72 12.66 12.75 12.87 12.91 12.80 12.82
12.31 12.10 12.35 12.42 12.54 12.43 12.57 12.62 12.69 12.62 12.69 12.73 12.79 12.90 12.82 12.86 12.92 12.90 12.86 12.88 12.87 12.91 12.86 12.83 12.88 12.88 12.85 12.82 12.85 12.75 12.67 12.59 12.74 12.77 12.82 12.77 12.74 12.71 12.74 12.80 12.73 12.72 12.60 12.79 12.83 12.69 12.64 12.69 12.76 12.74 12.65 12.63 12.66 12.69 12.74 12.82 12.82 12.80 12.83 12.80 12.66 12.47 12.26 12.23 12.42 12.35 12.46 12.58 12.43 12.43 12.69 12.64 12.62 12.67 12.69 12.65 12.73
12.14 12.02 12.12 12.24 12.51 12.40 12.45 12.65 12.66 12.61 12.57 12.54 12.72 12.79 12.78 12.77 12.83 12.80 12.72 12.74 12.71 12.81 12.84 12.83 12.86 12.73 12.85 12.79 12.72 12.84 12.65 12.51 12.60 12.71 12.78 12.69 12.70 12.64 12.58 12.67 12.68 12.60 12.63 12.69 12.73 12.42 12.53 12.59 12.62 12.76 12.69 12.55 12.38 12.26 12.46 12.42 12.67 12.69 12.73 12.66 12.80 12.77 12.83 12.69 12.75 12.64 12.50 12.46 12.28 12.43 12.51 12.55 12.59 12.48 12.56 12.65 12.69
11.93 12.10 12.20 12.29 12.46 12.39 12.22 12.34 12.44 12.55 12.46 12.60 12.63 12.55 12.47 12.63 12.65 12.70 12.70 12.67 12.71 12.76 12.80 12.85 12.82 12.83 12.85 12.76 12.81 12.79 12.74 12.75 12.66 12.72 12.82 12.87 12.80 12.76 12.68 12.45 12.70 12.66 12.75 12.72 12.52 12.18 12.53 12.55 12.55 12.51 12.58 12.53 12.54 12.52 12.55 12.36 12.52 12.58 12.61 12.60 12.65 12.71 12.69 12.87 12.64 12.59 12.50 12.31 12.16 12.40 12.34 12.30 12.31 12.35 12.27 12.44 12.30
12.15 12.05 11.98 11.89 12.11 12.06 12.40 12.56 12.59 12.65 12.52 12.24 12.43 12.48 12.65 12.59 12.62 12.59 12.68 12.67 12.70 12.78 12.79 12.81 12.80 12.83 12.84 12.83 12.81 12.73 12.56 12.73 12.76 12.65 12.64 12.69 12.66 12.72 12.82 12.72 12.77 12.74 12.50 12.45 12.51 12.61 12.65 12.52 12.42 12.39 12.65 12.57 12.43 12.49 12.59 12.55 12.53 12.52 12.54 12.53 12.61 12.76 12.62 12.64 12.68 12.63 12.47 12.36 12.24 12.32 12.20 12.16 12.20 12.39 12.49 12.62 12.56
11.92 12.00 11.97 11.82 11.70 11.68 11.97 12.10 12.19 12.20 12.23 12.37 12.47 12.48 12.56 12.59 12.70 12.72 12.67 12.73 12.78 12.80 12.79 12.77 12.77 12.80 12.79 12.77 12.77 12.79 12.75 12.70 12.73 12.67 12.55 12.60 12.42 12.42 12.47 12.60 12.67 12.72 12.56 12.52 12.63 12.64 12.63 12.61 12.58 12.60 12.63 12.55 12.50 12.30 12.16 12.27 12.37 12.37 12.52 12.58 12.64 12.61 12.62 12.55 12.50 12.52 12.34 12.37 12.39 12.48 12.45 12.46 12.52 12.51 12.56 12.32 12.29
11.40 11.61 11.70 11.92 11.87 11.88 11.80 12.13 12.17 12.33 12.13 12.28 12.15 12.00 12.05 12.10 12.33 12.47 12.51 12.45 12.65 12.63 12.61 12.68 12.74 12.68 12.76 12.80 12.79 12.78 12.74 12.75 12.76 12.62 12.64 12.62 12.64 12.67 12.65 12.67 12.68 12.65 12.53 12.56 12.55 12.52 12.64 12.58 12.54 12.48 12.63 12.47 12.57 12.58 12.52 12.39 12.38 12.28 12.47 12.46 12.53 12.61 12.65 12.51 12.52 12.51 12.41 12.51 12.58 12.24 12.35 12.54 12.43 12.37 12.53 12.45 12.47
11.48 11.47 11.43 11.81 11.57 11.41 11.74 11.76 11.94 12.49 12.47 12.32 12.44 12.13 12.03 12.04 12.05 11.97 12.20 12.30 12.51 12.39 12.46 12.36 12.54 12.49 12.58 12.71 12.76 12.73 12.74 12.69 12.71 12.78 12.72 12.71 12.50 12.59 12.50 12.63 12.61 12.61 12.61 12.56 12.52 12.56 12.46 12.44 12.64 12.58 12.26 12.22 12.12 12.29 12.54 12.52 12.63 12.56 12.42 12.29 12.24 12.12 12.22 12.28 12.29 12.45 12.50 12.49 12.47 12.50 12.29 12.39 12.39 12.40 12.41 12.39 12.32
11.67 11.46 11.87 11.90 11.37 11.15 11.26 11.40 11.58 11.80 12.23 12.41 12.37 12.08 11.70 11.93 12.28 12.40 12.41 12.43 12.48 12.67 12.69 12.71 12.59 12.63 12.35 12.36 12.45 12.48 12.61 12.66 12.65 12.72 12.74 12.73 12.68 12.56 12.52 12.60 12.53 12.50 12.56 12.57 12.48 12.58 12.44 12.52 12.49 12.44 12.37 12.29 12.28 12.22 12.49 12.55 12.63 12.65 12.43 12.47 12.36 12.29 12.14 12.17 12.08 12.47 12.10 12.08 12.20 12.18 12.32 12.43 12.41 12.06 12.01 11.96 12.29
