Files/BOM data/2019071620190716.grid
ncols 839
nrows 679
xllcenter 112.0500
yllcenter -43.9500
cellsize 0.0500
nodata_value 99999.90
[rows 272 to 305 of 679, columns 77 to 153 of 839]
16.44 16.42 16.42 16.41 16.40 16.42 16.41 16.41 16.41 16.41 16.42 16.40 16.40 16.40 16.42 16.42 16.42 16.41 16.41 16.42 16.41 16.41 16.39 16.41 16.40 16.41 16.42 16.45 16.44 16.43 16.45 16.43 16.43 16.44 16.42 16.40 16.44 16.44 16.46 16.46 16.44 16.45 16.46 16.46 16.45 16.45 16.44 16.42 16.39 16.37 16.40 16.42 16.42 16.37 16.41 16.42 16.45 16.44 16.43 16.43 16.41 16.42 16.39 16.41 16.40 16.39 16.39 16.40 16.39 16.39 16.39 16.40 16.43 16.42 16.42 16.39 16.37
16.43 16.42 16.41 16.40 16.40 16.39 16.38 16.39 16.38 16.39 16.40 16.38 16.38 16.39 16.40 16.41 16.41 16.39 16.39 16.38 16.39 16.40 16.38 16.38 16.39 16.37 16.39 16.39 16.38 16.42 16.39 16.39 16.39 16.40 16.38 16.41 16.39 16.42 16.45 16.44 16.42 16.40 16.38 16.38 16.43 16.44 16.43 16.41 16.39 16.38 16.38 16.37 16.39 16.40 16.40 16.38 16.36 16.39 16.40 16.40 16.39 16.39 16.37 16.35 16.36 16.35 16.37 16.38 16.36 16.36 16.35 16.40 16.38 16.37 16.39 16.36 16.40
16.39 16.39 16.37 16.39 16.38 16.36 16.38 16.37 16.35 16.36 16.38 16.39 16.36 16.35 16.36 16.38 16.39 16.39 16.37 16.37 16.37 16.37 16.36 16.37 16.37 16.36 16.35 16.36 16.35 16.34 16.36 16.34 16.35 16.36 16.37 16.38 16.34 16.36 16.39 16.42 16.40 16.39 16.36 16.36 16.36 16.36 16.41 16.42 16.39 16.38 16.36 16.35 16.35 16.35 16.38 16.38 16.36 16.37 16.39 16.38 16.38 16.38 16.35 16.35 16.34 16.34 16.34 16.35 16.34 16.35 16.34 16.36 16.35 16.37 16.37 16.36 16.35
16.37 16.39 16.36 16.35 16.35 16.34 16.39 16.37 16.35 16.34 16.35 16.34 16.34 16.33 16.34 16.34 16.35 16.36 16.36 16.35 16.34 16.35 16.35 16.34 16.35 16.36 16.37 16.34 16.34 16.33 16.34 16.34 16.33 16.30 16.30 16.33 16.33 16.34 16.33 16.38 16.36 16.37 16.36 16.34 16.36 16.35 16.30 16.36 16.37 16.35 16.33 16.33 16.33 16.33 16.33 16.35 16.36 16.37 16.36 16.35 16.33 16.37 16.32 16.33 16.33 16.33 16.33 16.33 16.34 16.33 16.32 16.32 16.31 16.34 16.34 16.33 16.33
16.34 16.35 16.34 16.32 16.32 16.31 16.34 16.37 16.37 16.35 16.33 16.33 16.32 16.31 16.32 16.31 16.31 16.32 16.32 16.33 16.33 16.32 16.31 16.32 16.33 16.33 16.33 16.33 16.33 16.32 16.32 16.31 16.32 16.29 16.30 16.29 16.31 16.33 16.33 16.32 16.32 16.31 16.35 16.34 16.32 16.32 16.32 16.31 16.33 16.33 16.32 16.31 16.28 16.32 16.33 16.32 16.32 16.33 16.33 16.32 16.32 16.31 16.31 16.31 16.31 16.31 16.32 16.33 16.31 16.30 16.30 16.31 16.30 16.29 16.32 16.31 16.32
16.31 16.33 16.30 16.28 16.31 16.29 16.32 16.33 16.33 16.33 16.33 16.32 16.31 16.30 16.31 16.31 16.30 16.29 16.30 16.29 16.31 16.30 16.29 16.28 16.28 16.30 16.30 16.28 16.31 16.30 16.29 16.30 16.29 16.29 16.30 16.30 16.29 16.30 16.32 16.28 16.32 16.30 16.31 16.31 16.29 16.30 16.29 16.29 16.29 16.28 16.30 16.28 16.27 16.28 16.28 16.28 16.29 16.30 16.28 16.29 16.30 16.28 16.30 16.29 16.30 16.29 16.30 16.30 16.28 16.27 16.30 16.29 16.27 16.29 16.29 16.29 16.29
16.27 16.30 16.29 16.30 16.27 16.30 16.30 16.32 16.31 16.29 16.30 16.29 16.29 16.30 16.30 16.30 16.29 16.29 16.29 16.28 16.29 16.28 16.28 16.26 16.26 16.29 16.29 16.28 16.28 16.28 16.28 16.28 16.27 16.26 16.29 16.26 16.28 16.29 16.28 16.26 16.30 16.30 16.29 16.28 16.27 16.26 16.26 16.27 16.28 16.25 16.26 16.26 16.27 16.28 16.27 16.28 16.27 16.27 16.25 16.25 16.25 16.25 16.27 16.26 16.28 16.28 16.30 16.28 16.29 16.29 16.27 16.27 16.26 16.26 16.26 16.26 16.26
16.25 16.26 16.27 16.28 16.28 16.27 16.25 16.30 16.27 16.28 16.29 16.28 16.29 16.28 16.26 16.27 16.25 16.27 16.27 16.27 16.27 16.27 16.27 16.27 16.26 16.26 16.27 16.26 16.25 16.26 16.27 16.26 16.26 16.26 16.26 16.25 16.28 16.27 16.27 16.27 16.30 16.27 16.26 16.26 16.26 16.25 16.24 16.26 16.25 16.24 16.24 16.24 16.25 16.24 16.25 16.25 16.25 16.25 16.25 16.23 16.24 16.25 16.24 16.26 16.26 16.27 16.24 16.24 16.25 16.23 16.25 16.23 16.24 16.25 16.24 16.24 16.24
16.27 16.23 16.21 16.25 16.23 16.26 16.25 16.25 16.24 16.23 16.26 16.25 16.23 16.25 16.24 16.25 16.21 16.24 16.24 16.24 16.25 16.26 16.24 16.24 16.24 16.24 16.24 16.23 16.24 16.25 16.25 16.24 16.24 16.24 16.25 16.24 16.23 16.22 16.25 16.25 16.24 16.24 16.25 16.25 16.25 16.24 16.25 16.23 16.22 16.22 16.22 16.23 16.23 16.23 16.23 16.22 16.22 16.23 16.23 16.22 16.23 16.20 16.22 16.24 16.22 16.23 16.24 16.21 16.23 16.23 16.23 16.23 16.22 16.22 16.22 16.20 16.23
16.26 16.19 16.22 16.19 16.21 16.23 16.23 16.24 16.21 16.20 16.20 16.21 16.12 16.13 16.19 16.19 16.17 16.21 16.20 16.22 16.23 16.23 16.22 16.21 16.22 16.23 16.22 16.21 16.22 16.23 16.22 16.22 16.21 16.23 16.22 16.21 16.21 16.21 16.21 16.22 16.21 16.22 16.23 16.23 16.22 16.22 16.21 16.20 16.21 16.20 16.20 16.20 16.20 16.20 16.21 16.20 16.19 16.18 16.18 16.19 16.21 16.21 16.21 16.20 16.19 16.21 16.22 16.20 16.22 16.21 16.19 16.21 16.19 16.19 16.20 16.18 16.22
16.22 16.21 16.20 16.14 16.20 16.19 16.19 16.22 16.21 16.19 16.20 16.20 16.19 16.20 16.22 16.19 16.19 16.18 16.20 16.20 16.21 16.17 16.21 16.19 16.20 16.20 16.20 16.20 16.19 16.20 16.20 16.19 16.19 16.20 16.19 16.20 16.21 16.21 16.20 16.20 16.19 16.19 16.19 16.20 16.20 16.20 16.19 16.19 16.19 16.18 16.19 16.19 16.18 16.19 16.19 16.18 16.19 16.19 16.18 16.19 16.20 16.19 16.19 16.18 16.19 16.17 16.18 16.17 16.20 16.19 16.18 16.19 16.19 16.17 16.17 16.19 16.19
16.19 16.22 16.20 16.14 16.15 16.17 16.15 16.20 16.20 16.18 16.19 16.17 16.17 16.18 16.17 16.19 16.20 16.19 16.19 16.18 16.18 16.15 16.17 16.18 16.18 16.17 16.16 16.18 16.17 16.18 16.17 16.18 16.18 16.17 16.17 16.17 16.18 16.17 16.18 16.17 16.17 16.17 16.19 16.18 16.18 16.17 16.15 16.17 16.16 16.16 16.16 16.19 16.17 16.18 16.17 16.18 16.17 16.18 16.17 16.17 16.16 16.16 16.16 16.17 16.17 16.17 16.16 16.17 16.16 16.17 16.17 16.17 16.18 16.16 16.16 16.15 16.15
16.18 16.18 16.21 16.18 16.15 16.14 16.13 16.14 16.17 16.17 16.16 16.17 16.16 16.16 16.16 16.16 16.16 16.17 16.16 16.13 16.17 16.14 16.17 16.16 16.17 16.16 16.16 16.15 16.14 16.14 16.15 16.13 16.15 16.15 16.16 16.16 16.15 16.16 16.16 16.15 16.16 16.15 16.15 16.16 16.14 16.14 16.16 16.14 16.14 16.12 16.14 16.14 16.15 16.15 16.16 16.14 16.13 16.16 16.15 16.14 16.16 16.15 16.13 16.13 16.16 16.17 16.17 16.15 16.13 16.14 16.13 16.13 16.13 16.15 16.14 16.13 16.13
16.07 16.13 16.15 16.16 16.14 16.13 16.09 16.10 16.10 16.10 16.14 16.13 16.14 16.13 16.14 16.13 16.13 16.13 16.13 16.12 16.15 16.14 16.16 16.14 16.13 16.13 16.14 16.13 16.14 16.13 16.12 16.11 16.12 16.13 16.14 16.13 16.13 16.13 16.14 16.12 16.13 16.12 16.14 16.13 16.13 16.13 16.13 16.14 16.14 16.14 16.11 16.12 16.10 16.12 16.13 16.12 16.11 16.12 16.12 16.12 16.12 16.13 16.14 16.14 16.13 16.14 16.13 16.12 16.11 16.13 16.11 16.12 16.12 16.12 16.14 16.14 16.13
16.09 16.14 16.11 16.11 16.10 16.10 16.11 16.10 16.06 16.09 16.06 16.05 16.10 16.11 16.11 16.11 16.11 16.10 16.11 16.08 16.07 16.11 16.13 16.11 16.12 16.12 16.13 16.11 16.12 16.13 16.11 16.09 16.11 16.11 16.13 16.11 16.11 16.12 16.13 16.11 16.12 16.11 16.11 16.09 16.10 16.09 16.09 16.09 16.10 16.10 16.11 16.11 16.09 16.10 16.11 16.11 16.09 16.10 16.09 16.10 16.08 16.08 16.10 16.10 16.11 16.11 16.09 16.10 16.09 16.10 16.09 16.09 16.10 16.09 16.11 16.10 16.10
16.09 16.13 16.10 16.11 16.07 16.04 16.08 16.06 16.07 16.06 16.04 16.05 16.07 16.05 16.08 16.09 16.07 16.08 16.08 16.07 16.07 16.08 16.09 16.10 16.11 16.10 16.11 16.10 16.09 16.10 16.10 16.08 16.10 16.10 16.10 16.10 16.11 16.10 16.09 16.09 16.08 16.07 16.08 16.08 16.09 16.07 16.08 16.08 16.08 16.08 16.09 16.09 16.08 16.07 16.08 16.07 16.07 16.07 16.08 16.08 16.09 16.08 16.08 16.08 16.09 16.09 16.09 16.08 16.08 16.07 16.06 16.07 16.08 16.08 16.07 16.07 16.08
16.09 16.11 16.09 16.09 16.08 16.07 16.05 16.07 16.02 16.03 16.03 16.04 16.01 15.99 16.00 16.06 16.05 16.06 16.07 16.07 16.04 16.08 16.07 16.07 16.08 16.08 16.08 16.08 16.08 16.07 16.07 16.08 16.07 16.06 16.04 16.06 16.08 16.07 16.07 16.06 16.05 16.04 16.05 16.06 16.06 16.04 16.06 16.06 16.05 16.05 16.06 16.05 16.06 16.05 16.06 16.06 16.07 16.06 16.06 16.06 16.06 16.06 16.05 16.04 16.05 16.06 16.06 16.07 16.05 16.06 16.06 16.03 16.05 16.06 16.06 16.05 16.04
16.11 16.05 16.08 16.07 16.06 16.03 16.02 16.05 16.02 15.98 16.02 16.00 16.01 16.02 16.00 16.03 16.06 16.07 16.05 16.06 16.05 16.05 16.04 16.05 16.05 16.07 16.06 16.07 16.06 16.08 16.05 16.05 16.05 16.06 16.04 16.06 16.04 16.03 16.05 16.02 16.02 16.01 16.03 16.03 16.03 16.03 16.04 16.03 16.03 16.02 16.03 16.03 16.04 16.04 16.04 16.04 16.04 16.02 16.04 16.03 16.04 16.03 16.03 16.03 16.06 16.06 16.05 16.04 16.03 16.03 16.03 16.03 16.03 16.02 16.02 16.02 16.04
16.06 16.01 16.03 16.05 16.04 16.04 16.06 16.04 16.03 16.04 16.02 16.01 16.02 15.99 16.02 16.01 16.00 16.05 16.06 16.05 16.04 16.03 16.03 16.03 16.02 16.02 16.00 16.03 16.03 16.04 16.04 16.05 16.04 16.03 16.02 16.03 16.03 16.04 16.03 16.00 16.00 15.99 16.02 16.01 16.00 16.01 16.02 16.01 16.01 16.00 16.00 16.00 16.01 16.01 16.01 16.02 16.01 16.01 16.00 16.01 16.02 16.01 16.00 15.97 16.03 16.04 16.02 16.02 16.01 15.99 15.99 16.00 16.01 16.01 16.01 16.01 16.00
16.10 16.09 16.03 16.06 16.06 16.04 16.03 16.01 16.03 16.01 16.03 15.93 15.97 16.01 16.02 16.00 15.99 16.00 16.04 16.01 16.04 16.03 16.02 16.02 16.00 16.01 15.99 16.00 15.99 16.02 16.01 16.04 16.05 16.04 16.01 16.02 15.99 16.01 16.02 16.02 16.01 16.01 16.00 16.00 16.00 15.99 15.99 15.99 15.99 15.98 15.98 15.99 16.00 16.00 16.00 16.00 16.00 16.00 16.00 16.00 16.00 15.97 15.98 15.96 15.97 15.99 15.99 16.00 15.99 15.98 16.00 15.99 15.99 16.00 15.97 15.99 15.99
16.10 16.12 16.05 16.06 16.09 16.05 16.00 16.00 16.01 15.96 16.01 15.99 15.96 15.96 15.98 15.99 15.99 15.96 15.95 15.96 15.99 15.99 15.98 16.00 16.00 16.00 16.00 15.99 15.99 15.99 16.00 16.00 15.99 16.00 16.00 16.00 15.99 16.02 16.00 16.02 16.02 16.04 16.00 15.97 15.96 15.98 15.98 15.97 15.99 15.97 15.96 15.98 15.98 15.98 15.98 15.99 15.98 15.98 15.96 15.98 15.96 15.96 15.97 15.96 15.98 15.97 15.97 15.98 15.95 15.96 15.98 15.97 15.96 15.97 15.97 15.97 15.96
16.07 16.08 16.05 16.04 16.06 16.05 16.02 15.98 15.97 15.99 15.95 15.96 15.98 15.94 15.97 15.95 15.95 15.97 15.95 15.95 15.92 15.96 15.97 15.98 15.97 15.97 15.98 15.97 15.96 15.96 15.98 15.96 15.95 15.95 15.95 15.97 15.96 15.96 15.95 15.96 15.92 15.96 15.99 15.97 15.94 15.96 15.96 15.95 15.95 15.95 15.95 15.94 15.94 15.95 15.94 15.94 15.96 15.96 15.96 15.95 15.96 15.96 15.95 15.96 15.95 15.95 15.94 15.95 15.95 15.94 15.94 15.94 15.95 15.97 15.96 15.97 15.97
16.05 16.06 16.05 16.05 16.00 16.01 15.99 15.99 16.00 15.96 15.93 15.90 15.92 15.91 15.94 15.96 15.96 15.93 15.93 15.92 15.90 15.94 15.94 15.94 15.94 15.94 15.95 15.92 15.95 15.95 15.97 15.95 15.93 15.92 15.93 15.93 15.92 15.91 15.92 15.93 15.92 15.94 15.96 15.95 15.94 15.94 15.92 15.93 15.94 15.94 15.94 15.93 15.92 15.94 15.92 15.93 15.93 15.93 15.92 15.92 15.92 15.93 15.93 15.93 15.92 15.93 15.92 15.93 15.92 15.93 15.93 15.93 15.94 15.92 15.92 15.92 15.93
16.01 16.04 16.04 16.00 15.96 15.96 15.95 15.96 15.97 15.96 15.94 15.93 15.91 15.91 15.90 15.93 15.92 15.92 15.89 15.91 15.89 15.88 15.88 15.92 15.94 15.89 15.95 15.92 15.93 15.90 15.91 15.91 15.91 15.90 15.91 15.90 15.90 15.89 15.91 15.90 15.91 15.91 15.90 15.92 15.94 15.93 15.93 15.93 15.91 15.92 15.90 15.91 15.92 15.91 15.91 15.90 15.92 15.91 15.91 15.91 15.91 15.91 15.90 15.90 15.91 15.93 15.90 15.92 15.89 15.92 15.92 15.91 15.91 15.91 15.91 15.92 15.93
16.00 16.00 16.01 16.01 15.97 15.95 15.92 15.95 15.93 15.91 15.92 15.91 15.91 15.91 15.93 15.88 15.87 15.91 15.88 15.90 15.84 15.89 15.87 15.90 15.86 15.88 15.90 15.92 15.90 15.89 15.89 15.89 15.89 15.89 15.89 15.90 15.89 15.86 15.89 15.88 15.89 15.88 15.88 15.89 15.87 15.92 15.93 15.91 15.90 15.89 15.88 15.90 15.91 15.90 15.88 15.87 15.89 15.89 15.91 15.90 15.91 15.90 15.88 15.87 15.87 15.87 15.88 15.89 15.89 15.92 15.91 15.93 15.91 15.91 15.93 15.92 15.90
15.97 15.99 16.00 15.99 15.96 15.95 15.94 15.94 15.95 15.90 15.91 15.88 15.84 15.85 15.86 15.89 15.87 15.84 15.86 15.89 15.82 15.83 15.83 15.87 15.83 15.87 15.88 15.88 15.86 15.88 15.88 15.86 15.87 15.85 15.86 15.86 15.86 15.85 15.88 15.86 15.87 15.86 15.88 15.89 15.84 15.88 15.90 15.89 15.88 15.88 15.87 15.88 15.89 15.88 15.88 15.87 15.87 15.88 15.90 15.88 15.88 15.86 15.87 15.87 15.85 15.85 15.86 15.87 15.88 15.90 15.89 15.91 15.89 15.90 15.87 15.88 15.85
15.96 15.96 15.97 15.97 15.99 15.94 15.93 15.89 15.92 15.89 15.89 15.88 15.86 15.85 15.85 15.82 15.85 15.83 15.85 15.83 15.82 15.81 15.80 15.85 15.83 15.86 15.86 15.87 15.84 15.87 15.84 15.86 15.84 15.84 15.86 15.87 15.87 15.86 15.86 15.86 15.86 15.84 15.88 15.86 15.88 15.85 15.89 15.88 15.85 15.87 15.89 15.88 15.86 15.84 15.84 15.83 15.87 15.87 15.87 15.84 15.83 15.84 15.84 15.83 15.85 15.84 15.85 15.86 15.84 15.84 15.82 15.85 15.87 15.85 15.85 15.84 15.85
15.90 15.92 15.94 15.95 15.96 15.95 15.87 15.88 15.92 15.89 15.87 15.87 15.87 15.85 15.85 15.83 15.82 15.81 15.82 15.84 15.80 15.82 15.82 15.84 15.82 15.82 15.84 15.84 15.84 15.85 15.85 15.85 15.85 15.84 15.87 15.85 15.84 15.84 15.82 15.81 15.84 15.84 15.87 15.84 15.86 15.85 15.84 15.84 15.85 15.84 15.83 15.84 15.83 15.83 15.83 15.82 15.84 15.84 15.83 15.83 15.81 15.82 15.81 15.80 15.83 15.83 15.84 15.83 15.83 15.82 15.82 15.80 15.80 15.82 15.84 15.84 15.81
15.90 15.89 15.89 15.89 15.92 15.95 15.89 15.86 15.85 15.86 15.85 15.87 15.85 15.83 15.83 15.83 15.77 15.82 15.82 15.82 15.80 15.79 15.79 15.80 15.81 15.81 15.82 15.80 15.82 15.81 15.80 15.80 15.81 15.81 15.80 15.83 15.82 15.80 15.80 15.82 15.84 15.84 15.82 15.84 15.83 15.85 15.83 15.81 15.84 15.82 15.84 15.84 15.82 15.82 15.82 15.81 15.80 15.80 15.80 15.79 15.80 15.79 15.79 15.80 15.80 15.81 15.82 15.82 15.82 15.82 15.81 15.81 15.79 15.81 15.84 15.82 15.79
15.90 15.86 15.89 15.89 15.87 15.90 15.87 15.88 15.83 15.83 15.83 15.82 15.82 15.84 15.81 15.82 15.77 15.80 15.81 15.79 15.77 15.79 15.79 15.79 15.80 15.80 15.78 15.79 15.79 15.80 15.79 15.80 15.80 15.80 15.80 15.81 15.79 15.80 15.80 15.79 15.79 15.80 15.81 15.83 15.82 15.81 15.80 15.80 15.81 15.81 15.81 15.78 15.78 15.79 15.78 15.78 15.78 15.77 15.77 15.77 15.78 15.77 15.79 15.79 15.79 15.81 15.80 15.79 15.80 15.78 15.79 15.79 15.79 15.79 15.80 15.80 15.77
15.87 15.87 15.85 15.87 15.86 15.86 15.88 15.82 15.84 15.82 15.81 15.81 15.76 15.78 15.80 15.78 15.77 15.77 15.77 15.77 15.77 15.78 15.78 15.79 15.76 15.75 15.75 15.76 15.77 15.76 15.78 15.79 15.81 15.77 15.80 15.77 15.77 15.77 15.77 15.78 15.76 15.78 15.76 15.79 15.79 15.80 15.80 15.78 15.78 15.77 15.78 15.77 15.75 15.77 15.77 15.76 15.75 15.76 15.76 15.77 15.77 15.76 15.77 15.78 15.77 15.77 15.77 15.78 15.75 15.77 15.78 15.77 15.75 15.78 15.79 15.76 15.76
15.87 15.86 15.84 15.82 15.80 15.83 15.85 15.81 15.79 15.80 15.80 15.77 15.74 15.77 15.76 15.77 15.76 15.74 15.76 15.74 15.76 15.75 15.75 15.77 15.76 15.75 15.75 15.73 15.75 15.74 15.75 15.75 15.75 15.75 15.77 15.76 15.76 15.75 15.75 15.75 15.76 15.78 15.77 15.77 15.78 15.74 15.79 15.77 15.76 15.78 15.77 15.77 15.76 15.78 15.76 15.75 15.75 15.76 15.75 15.74 15.78 15.76 15.77 15.75 15.76 15.76 15.74 15.75 15.74 15.76 15.76 15.78 15.76 15.77 15.76 15.75 15.73
15.83 15.81 15.83 15.83 15.81 15.84 15.81 15.80 15.78 15.79 15.77 15.77 15.76 15.75 15.72 15.74 15.72 15.75 15.75 15.74 15.76 15.75 15.73 15.74 15.74 15.73 15.74 15.75 15.72 15.73 15.72 15.71 15.73 15.72 15.75 15.72 15.75 15.76 15.75 15.75 15.74 15.74 15.76 15.74 15.74 15.75 15.75 15.72 15.75 15.70 15.77 15.77 15.75 15.74 15.73 15.76 15.75 15.72 15.72 15.72 15.74 15.73 15.72 15.71 15.72 15.74 15.75 15.75 15.71 15.71 15.74 15.75 15.74 15.75 15.74 15.73 15.70
15.78 15.76 15.79 15.79 15.75 15.80 15.79 15.80 15.77 15.78 15.76 15.73 15.70 15.70 15.69 15.72 15.71 15.71 15.73 15.72 15.73 15.75 15.75 15.69 15.73 15.73 15.71 15.72 15.72 15.70 15.70 15.67 15.72 15.73 15.73 15.70 15.70 15.73 15.73 15.72 15.73 15.72 15.75 15.73 15.74 15.72 15.74 15.72 15.74 15.70 15.75 15.74 15.71 15.73 15.71 15.74 15.72 15.72 15.72 15.72 15.70 15.70 15.70 15.71 15.70 15.70 15.72 15.72 15.72 15.72 15.75 15.75 15.69 15.72 15.72 15.71 15.70
