Files/BOM data/2019071420190714.grid
ncols 839
nrows 679
xllcenter 112.0500
yllcenter -43.9500
cellsize 0.0500
nodata_value 99999.90
[rows 136 to 169 of 679, columns 231 to 307 of 839]
19.12 18.98 18.98 18.98 18.88 18.65 18.85 18.74 18.86 18.85 18.83 18.85 18.79 18.67 18.72 18.71 18.65 18.58 18.62 18.65 18.65 18.64 18.73 18.74 18.70 18.68 18.74 18.77 18.84 18.85 18.85 18.85 18.74 18.74 18.89 18.92 18.89 18.83 18.86 18.89 18.78 18.68 18.74 18.92 18.92 18.96 19.17 19.18 19.17 18.98 18.91 18.91 18.90 18.86 18.88 18.91 18.94 18.97 18.95 18.90 18.88 18.83 18.88 18.89 18.80 18.73 18.76 18.83 18.79 18.84 18.88 18.88 18.89 18.91 18.89 18.90 18.95
18.76 18.98 18.98 18.88 18.88 18.65 19.02 19.02 18.88 18.89 18.88 18.87 18.86 18.82 18.74 18.72 18.73 18.74 18.69 18.68 18.74 18.72 18.77 18.74 18.69 18.72 18.74 18.80 18.75 18.86 18.77 18.83 18.78 18.75 18.79 18.85 18.81 18.88 18.94 18.82 18.72 18.69 18.73 18.88 18.92 19.00 19.00 19.11 19.10 18.94 18.93 18.85 18.85 18.82 18.78 18.82 18.85 18.95 18.94 18.80 18.77 18.82 18.77 18.75 18.68 18.69 18.75 18.84 18.81 18.83 18.86 18.84 18.89 18.90 18.90 18.89 18.93
18.76 18.31 18.31 18.88 18.88 18.25 18.25 18.87 18.90 19.00 19.00 18.91 18.80 18.73 18.65 18.65 18.69 18.66 18.70 18.67 18.63 18.62 18.73 18.78 18.72 18.73 18.87 18.82 18.78 18.74 18.80 18.78 18.82 18.76 18.68 18.82 18.78 18.77 18.77 18.73 18.66 18.68 18.71 18.75 18.86 18.92 18.95 18.96 18.91 18.93 18.91 18.90 18.88 18.86 18.85 18.82 18.79 18.86 18.82 18.86 18.79 18.75 18.78 18.77 18.74 18.72 18.75 18.80 18.79 18.81 18.88 18.85 18.81 18.83 18.87 18.88 18.92
18.76 18.31 18.31 18.31 17.97 17.56 17.56 17.69 19.03 19.00 18.95 18.81 18.71 18.64 18.57 18.58 18.68 18.67 18.71 18.65 18.65 18.64 18.72 18.67 18.66 18.79 18.81 18.76 18.74 18.70 18.73 18.73 18.77 18.85 18.86 18.86 18.88 18.71 18.68 18.64 18.61 18.68 18.79 18.81 18.79 18.83 18.82 18.79 18.83 18.85 18.90 18.84 18.79 18.77 18.79 18.76 18.87 18.85 18.81 18.87 18.88 18.85 18.82 18.75 18.74 18.79 18.85 18.84 18.79 18.74 18.81 18.80 18.80 18.81 18.85 18.89 18.90
18.76 18.31 18.31 18.39 17.97 17.97 18.67 17.27 18.99 18.94 18.79 18.76 18.69 18.72 18.63 18.67 18.65 18.68 18.60 18.65 18.66 18.71 18.72 18.72 18.75 18.80 18.78 18.71 18.70 18.73 18.71 18.71 18.75 18.74 18.80 18.82 18.77 18.64 18.61 18.59 18.61 18.69 18.79 18.83 18.80 18.77 18.78 18.81 18.73 18.77 18.79 18.81 18.83 18.81 18.84 18.85 18.88 18.85 18.83 18.81 18.80 18.80 18.77 18.81 18.80 18.77 18.82 18.81 18.78 18.75 18.80 18.81 18.81 18.81 18.84 18.86 18.86
18.90 18.70 18.39 18.39 17.68 17.68 18.06 17.50 18.59 18.78 18.71 18.77 18.73 18.71 18.70 18.76 18.77 18.69 18.66 18.54 18.69 18.66 18.70 18.72 18.75 18.74 18.74 18.70 18.68 18.67 18.69 18.72 18.73 18.76 18.73 18.72 18.79 18.78 18.70 18.62 18.68 18.67 18.67 18.80 18.75 18.72 18.66 18.79 18.77 18.67 18.72 18.69 18.78 18.81 18.86 18.87 18.87 18.86 18.83 18.83 18.82 18.79 18.77 18.87 18.80 18.76 18.81 18.83 18.75 18.72 18.77 18.79 18.79 18.78 18.84 18.83 18.87
18.90 18.67 18.36 17.43 17.43 18.48 18.38 18.56 18.67 18.64 18.66 18.69 18.72 18.73 18.77 18.73 18.77 18.69 18.62 18.53 18.65 18.78 18.72 18.68 18.68 18.76 18.69 18.64 18.64 18.69 18.66 18.65 18.71 18.71 18.74 18.64 18.67 18.72 18.72 18.70 18.66 18.66 18.61 18.69 18.66 18.64 18.71 18.71 18.75 18.79 18.65 18.68 18.72 18.78 18.82 18.81 18.84 18.78 18.79 18.80 18.77 18.79 18.82 18.81 18.81 18.78 18.81 18.75 18.79 18.79 18.83 18.82 18.85 18.90 18.82 18.78 18.83
18.55 18.55 18.44 17.87 18.43 18.48 18.38 18.59 18.61 18.57 18.65 18.60 18.61 18.67 18.73 18.72 18.72 18.57 18.60 18.58 18.64 18.72 18.67 18.67 18.62 18.66 18.71 18.76 18.76 18.76 18.72 18.72 18.75 18.68 18.66 18.64 18.65 18.73 18.77 18.72 18.70 18.73 18.69 18.70 18.63 18.65 18.61 18.60 18.64 18.70 18.72 18.60 18.70 18.73 18.76 18.78 18.75 18.70 18.76 18.77 18.77 18.78 18.82 18.78 18.77 18.77 18.75 18.71 18.74 18.73 18.79 18.79 18.84 18.86 18.77 18.77 18.84
17.71 17.71 17.87 18.61 18.59 18.64 18.67 18.54 18.58 18.53 18.62 18.65 18.67 18.64 18.59 18.60 18.61 18.60 18.65 18.64 18.66 18.61 18.72 18.66 18.67 18.70 18.75 18.71 18.75 18.74 18.73 18.72 18.71 18.76 18.66 18.71 18.68 18.66 18.74 18.79 18.73 18.76 18.78 18.76 18.71 18.70 18.74 18.81 18.78 18.72 18.70 18.72 18.58 18.63 18.78 18.81 18.78 18.73 18.68 18.75 18.72 18.74 18.71 18.71 18.73 18.72 18.71 18.71 18.67 18.70 18.77 18.77 18.82 18.81 18.74 18.74 18.83
17.65 17.65 16.84 18.58 18.64 18.64 18.61 18.52 18.55 18.56 18.64 18.66 18.61 18.58 18.49 18.46 18.56 18.62 18.64 18.63 18.60 18.47 18.53 18.61 18.72 18.67 18.66 18.66 18.70 18.75 18.74 18.70 18.75 18.76 18.74 18.61 18.67 18.71 18.72 18.73 18.73 18.78 18.77 18.73 18.69 18.67 18.75 18.75 18.80 18.69 18.59 18.65 18.68 18.67 18.71 18.77 18.77 18.76 18.67 18.74 18.76 18.75 18.73 18.68 18.73 18.63 18.62 18.66 18.66 18.75 18.76 18.76 18.77 18.77 18.74 18.68 18.75
18.33 18.29 18.45 18.81 18.65 18.60 18.50 18.43 18.56 18.51 18.54 18.58 18.60 18.61 18.63 18.58 18.65 18.60 18.59 18.62 18.62 18.52 18.50 18.53 18.53 18.69 18.63 18.61 18.61 18.71 18.73 18.70 18.78 18.81 18.78 18.71 18.70 18.68 18.68 18.73 18.66 18.70 18.68 18.71 18.69 18.61 18.70 18.75 18.78 18.69 18.58 18.65 18.66 18.63 18.66 18.66 18.73 18.74 18.65 18.74 18.72 18.69 18.73 18.73 18.70 18.69 18.63 18.60 18.65 18.74 18.73 18.75 18.75 18.74 18.71 18.78 18.67
18.20 18.78 18.78 18.70 18.68 18.62 18.61 18.60 18.59 18.56 18.54 18.51 18.50 18.60 18.61 18.65 18.60 18.62 18.55 18.58 18.65 18.60 18.60 18.55 18.50 18.54 18.60 18.67 18.62 18.69 18.70 18.65 18.74 18.76 18.74 18.75 18.69 18.75 18.74 18.69 18.71 18.65 18.64 18.70 18.75 18.72 18.67 18.73 18.73 18.72 18.67 18.68 18.69 18.71 18.71 18.74 18.77 18.77 18.68 18.75 18.71 18.69 18.69 18.69 18.70 18.66 18.66 18.67 18.71 18.75 18.71 18.74 18.75 18.78 18.72 18.68 18.66
17.97 18.17 18.68 18.65 18.64 18.62 18.54 18.56 18.54 18.55 18.48 18.58 18.54 18.49 18.45 18.50 18.57 18.48 18.50 18.55 18.56 18.62 18.63 18.66 18.60 18.53 18.49 18.40 18.53 18.67 18.70 18.68 18.70 18.64 18.70 18.73 18.72 18.68 18.67 18.71 18.70 18.75 18.69 18.65 18.66 18.67 18.70 18.67 18.67 18.64 18.68 18.71 18.68 18.73 18.72 18.69 18.70 18.75 18.69 18.71 18.71 18.72 18.67 18.67 18.67 18.66 18.72 18.71 18.77 18.75 18.79 18.76 18.79 18.75 18.61 18.65 18.65
18.61 18.69 18.68 18.56 18.59 18.62 18.61 18.58 18.54 18.59 18.57 18.57 18.50 18.45 18.51 18.55 18.57 18.51 18.61 18.57 18.57 18.58 18.58 18.57 18.54 18.54 18.55 18.58 18.54 18.60 18.62 18.65 18.65 18.63 18.64 18.60 18.71 18.69 18.70 18.72 18.67 18.75 18.74 18.69 18.61 18.65 18.67 18.68 18.64 18.61 18.67 18.69 18.76 18.73 18.74 18.72 18.71 18.70 18.66 18.69 18.69 18.66 18.70 18.67 18.65 18.67 18.68 18.72 18.73 18.77 18.76 18.76 18.72 18.69 18.68 18.70 18.67
18.29 18.63 18.55 18.54 18.56 18.56 18.58 18.58 18.59 18.57 18.56 18.53 18.50 18.47 18.43 18.59 18.48 18.40 18.53 18.55 18.55 18.52 18.50 18.57 18.54 18.54 18.57 18.54 18.69 18.58 18.59 18.57 18.62 18.64 18.67 18.69 18.66 18.67 18.68 18.73 18.71 18.72 18.73 18.72 18.64 18.61 18.68 18.61 18.70 18.67 18.64 18.65 18.71 18.71 18.71 18.71 18.68 18.67 18.69 18.71 18.72 18.73 18.73 18.68 18.70 18.70 18.70 18.73 18.72 18.71 18.71 18.68 18.64 18.66 18.67 18.68 18.68
18.37 18.59 18.52 18.47 18.52 18.54 18.59 18.57 18.53 18.49 18.47 18.48 18.46 18.41 18.41 18.49 18.47 18.36 18.37 18.47 18.57 18.56 18.55 18.48 18.52 18.53 18.53 18.51 18.62 18.57 18.55 18.58 18.56 18.59 18.61 18.61 18.68 18.67 18.59 18.67 18.66 18.69 18.70 18.69 18.68 18.63 18.65 18.69 18.65 18.65 18.64 18.70 18.70 18.72 18.69 18.70 18.64 18.65 18.63 18.69 18.70 18.70 18.73 18.66 18.67 18.60 18.59 18.64 18.64 18.66 18.67 18.67 18.65 18.69 18.70 18.61 18.62
18.63 18.58 18.48 18.35 18.29 18.37 18.52 18.53 18.52 18.48 18.45 18.42 18.45 18.44 18.35 18.40 18.44 18.41 18.45 18.46 18.53 18.59 18.57 18.45 18.46 18.49 18.52 18.56 18.53 18.44 18.43 18.44 18.50 18.56 18.53 18.54 18.50 18.56 18.48 18.59 18.66 18.60 18.58 18.62 18.65 18.60 18.62 18.63 18.66 18.64 18.66 18.70 18.60 18.60 18.68 18.66 18.66 18.64 18.65 18.67 18.64 18.64 18.64 18.62 18.60 18.62 18.52 18.57 18.55 18.58 18.58 18.64 18.66 18.64 18.63 18.64 18.61
18.63 18.52 18.39 18.34 18.31 18.30 18.42 18.45 18.47 18.46 18.46 18.42 18.44 18.41 18.39 18.37 18.44 18.44 18.51 18.45 18.44 18.51 18.51 18.46 18.40 18.47 18.49 18.51 18.54 18.51 18.53 18.50 18.49 18.51 18.52 18.54 18.54 18.56 18.52 18.59 18.62 18.61 18.59 18.55 18.61 18.63 18.63 18.63 18.61 18.65 18.67 18.63 18.64 18.56 18.62 18.61 18.62 18.65 18.69 18.67 18.68 18.66 18.65 18.64 18.58 18.60 18.60 18.60 18.62 18.59 18.58 18.64 18.65 18.64 18.63 18.68 18.65
18.40 18.49 18.41 18.32 18.32 18.30 18.36 18.47 18.48 18.41 18.42 18.43 18.45 18.43 18.37 18.42 18.45 18.44 18.34 18.39 18.37 18.26 18.45 18.37 18.35 18.37 18.38 18.47 18.51 18.53 18.51 18.51 18.52 18.53 18.51 18.53 18.57 18.57 18.54 18.54 18.56 18.59 18.62 18.60 18.57 18.62 18.62 18.57 18.60 18.56 18.57 18.61 18.54 18.51 18.53 18.62 18.64 18.65 18.68 18.64 18.67 18.63 18.61 18.58 18.58 18.53 18.55 18.62 18.56 18.57 18.63 18.63 18.64 18.67 18.68 18.66 18.68
18.47 18.52 18.54 18.42 18.44 18.37 18.39 18.42 18.40 18.44 18.41 18.46 18.46 18.47 18.42 18.46 18.41 18.48 18.44 18.43 18.50 18.42 18.34 18.34 18.37 18.41 18.42 18.47 18.47 18.52 18.55 18.56 18.50 18.45 18.59 18.51 18.51 18.58 18.61 18.57 18.56 18.49 18.49 18.56 18.58 18.58 18.56 18.54 18.55 18.54 18.55 18.54 18.60 18.55 18.56 18.61 18.62 18.60 18.63 18.60 18.61 18.58 18.59 18.54 18.55 18.53 18.55 18.64 18.57 18.58 18.63 18.63 18.63 18.67 18.64 18.67 18.63
18.42 18.50 18.56 18.50 18.35 18.35 18.24 18.22 18.35 18.42 18.41 18.42 18.45 18.44 18.40 18.45 18.40 18.48 18.44 18.44 18.45 18.48 18.40 18.33 18.31 18.44 18.39 18.42 18.50 18.54 18.59 18.53 18.54 18.57 18.56 18.43 18.45 18.51 18.62 18.56 18.53 18.49 18.52 18.50 18.45 18.47 18.54 18.53 18.57 18.56 18.52 18.56 18.55 18.56 18.55 18.60 18.60 18.57 18.57 18.59 18.58 18.65 18.63 18.59 18.56 18.54 18.50 18.53 18.59 18.64 18.65 18.62 18.59 18.62 18.66 18.56 18.50
18.41 18.52 18.57 18.51 18.38 18.32 18.32 18.38 18.34 18.31 18.31 18.33 18.40 18.38 18.43 18.35 18.34 18.43 18.45 18.46 18.46 18.43 18.45 18.34 18.32 18.40 18.40 18.41 18.47 18.46 18.51 18.44 18.49 18.58 18.54 18.51 18.60 18.53 18.58 18.58 18.52 18.49 18.52 18.46 18.40 18.44 18.51 18.50 18.52 18.52 18.48 18.51 18.50 18.53 18.54 18.51 18.53 18.57 18.54 18.53 18.54 18.58 18.62 18.60 18.58 18.58 18.54 18.61 18.64 18.67 18.62 18.61 18.60 18.62 18.57 18.49 18.54
18.60 18.42 18.42 18.49 18.45 18.28 18.34 18.34 18.29 18.29 18.26 18.41 18.46 18.48 18.23 18.28 18.27 18.36 18.38 18.37 18.39 18.35 18.29 18.32 18.33 18.33 18.39 18.37 18.42 18.42 18.47 18.49 18.53 18.57 18.57 18.58 18.57 18.53 18.56 18.54 18.52 18.52 18.51 18.49 18.50 18.45 18.43 18.53 18.51 18.56 18.49 18.50 18.50 18.49 18.55 18.53 18.55 18.54 18.53 18.55 18.56 18.57 18.59 18.61 18.59 18.61 18.63 18.65 18.61 18.58 18.54 18.55 18.62 18.62 18.50 18.51 18.57
18.43 18.46 18.42 18.47 18.51 18.48 18.37 18.37 18.35 18.42 18.41 18.42 18.53 18.55 18.48 18.43 18.42 18.44 18.45 18.40 18.37 18.38 18.37 18.41 18.39 18.37 18.32 18.22 18.20 18.37 18.44 18.49 18.52 18.58 18.55 18.57 18.54 18.55 18.60 18.56 18.53 18.54 18.49 18.50 18.47 18.45 18.38 18.42 18.44 18.44 18.46 18.47 18.52 18.52 18.51 18.49 18.54 18.60 18.56 18.58 18.58 18.58 18.61 18.60 18.59 18.57 18.54 18.56 18.56 18.55 18.54 18.54 18.56 18.55 18.47 18.51 18.49
18.44 18.41 18.43 18.52 18.49 18.52 18.48 18.48 18.48 18.47 18.52 18.49 18.49 18.51 18.51 18.42 18.42 18.42 18.45 18.34 18.42 18.39 18.45 18.42 18.39 18.38 18.31 18.22 18.26 18.29 18.37 18.43 18.48 18.50 18.56 18.50 18.55 18.53 18.52 18.50 18.45 18.52 18.47 18.55 18.50 18.52 18.46 18.41 18.47 18.47 18.46 18.49 18.49 18.50 18.53 18.53 18.50 18.49 18.52 18.53 18.53 18.55 18.56 18.57 18.55 18.54 18.53 18.53 18.52 18.54 18.56 18.54 18.55 18.52 18.47 18.55 18.53
18.41 18.35 18.39 18.45 18.49 18.48 18.48 18.48 18.48 18.48 18.44 18.42 18.41 18.39 18.45 18.48 18.45 18.43 18.42 18.37 18.40 18.40 18.40 18.37 18.42 18.40 18.29 18.34 18.36 18.33 18.34 18.32 18.39 18.42 18.47 18.49 18.45 18.50 18.56 18.57 18.63 18.51 18.54 18.45 18.48 18.53 18.52 18.51 18.49 18.42 18.41 18.46 18.46 18.47 18.42 18.45 18.48 18.48 18.49 18.49 18.47 18.54 18.54 18.52 18.52 18.51 18.51 18.49 18.51 18.50 18.52 18.50 18.48 18.45 18.49 18.48 18.54
18.32 18.37 18.30 18.40 18.46 18.46 18.44 18.40 18.42 18.42 18.39 18.33 18.42 18.42 18.38 18.42 18.43 18.44 18.43 18.47 18.47 18.47 18.37 18.33 18.34 18.36 18.36 18.38 18.49 18.39 18.38 18.33 18.43 18.46 18.45 18.41 18.32 18.38 18.46 18.52 18.55 18.55 18.53 18.51 18.41 18.43 18.53 18.58 18.48 18.45 18.50 18.48 18.46 18.46 18.48 18.46 18.49 18.46 18.50 18.47 18.51 18.52 18.49 18.51 18.49 18.52 18.50 18.51 18.55 18.54 18.50 18.43 18.45 18.55 18.50 18.55 18.56
18.35 18.37 18.31 18.32 18.43 18.35 18.36 18.39 18.43 18.42 18.39 18.30 18.40 18.42 18.42 18.39 18.38 18.41 18.42 18.48 18.45 18.39 18.33 18.30 18.27 18.37 18.32 18.38 18.44 18.45 18.44 18.40 18.42 18.44 18.44 18.36 18.36 18.40 18.52 18.56 18.53 18.52 18.54 18.53 18.54 18.45 18.56 18.45 18.44 18.45 18.47 18.46 18.44 18.42 18.45 18.47 18.45 18.46 18.48 18.54 18.52 18.53 18.51 18.50 18.46 18.49 18.51 18.50 18.50 18.47 18.44 18.49 18.52 18.51 18.50 18.52 18.50
18.32 18.39 18.32 18.34 18.31 18.33 18.36 18.34 18.42 18.39 18.38 18.33 18.34 18.34 18.34 18.33 18.37 18.38 18.45 18.48 18.46 18.42 18.30 18.29 18.31 18.35 18.25 18.34 18.42 18.46 18.46 18.41 18.42 18.46 18.51 18.44 18.48 18.56 18.58 18.55 18.50 18.59 18.62 18.47 18.52 18.43 18.46 18.55 18.40 18.43 18.43 18.44 18.44 18.42 18.43 18.43 18.43 18.44 18.45 18.50 18.52 18.49 18.47 18.45 18.47 18.50 18.52 18.50 18.50 18.47 18.46 18.51 18.49 18.48 18.51 18.52 18.45
18.30 18.36 18.27 18.23 18.28 18.30 18.32 18.34 18.34 18.25 18.29 18.32 18.37 18.43 18.38 18.38 18.40 18.39 18.40 18.40 18.40 18.33 18.34 18.29 18.37 18.45 18.31 18.33 18.54 18.48 18.45 18.42 18.43 18.47 18.47 18.41 18.42 18.49 18.49 18.48 18.53 18.55 18.57 18.50 18.56 18.45 18.42 18.44 18.41 18.41 18.40 18.40 18.41 18.38 18.42 18.42 18.46 18.46 18.48 18.50 18.50 18.47 18.45 18.43 18.47 18.47 18.52 18.50 18.46 18.47 18.51 18.45 18.44 18.44 18.47 18.47 18.42
18.35 18.33 18.28 18.26 18.29 18.31 18.34 18.30 18.25 18.21 18.26 18.32 18.41 18.41 18.36 18.38 18.27 18.35 18.31 18.36 18.30 18.31 18.34 18.41 18.33 18.26 18.19 18.28 18.43 18.38 18.40 18.40 18.45 18.45 18.47 18.48 18.50 18.49 18.47 18.49 18.53 18.58 18.61 18.49 18.47 18.51 18.43 18.39 18.40 18.35 18.38 18.39 18.37 18.40 18.42 18.45 18.46 18.43 18.41 18.44 18.43 18.42 18.45 18.46 18.45 18.47 18.46 18.48 18.47 18.46 18.40 18.41 18.39 18.47 18.47 18.43 18.39
18.31 18.30 18.30 18.29 18.34 18.32 18.38 18.34 18.28 18.28 18.30 18.36 18.40 18.42 18.39 18.37 18.28 18.29 18.31 18.32 18.35 18.30 18.31 18.29 18.29 18.33 18.26 18.24 18.28 18.31 18.37 18.41 18.45 18.51 18.49 18.50 18.45 18.43 18.45 18.48 18.45 18.48 18.48 18.40 18.38 18.42 18.40 18.33 18.38 18.34 18.30 18.34 18.40 18.38 18.43 18.44 18.44 18.45 18.40 18.42 18.43 18.40 18.39 18.38 18.39 18.40 18.44 18.39 18.39 18.35 18.34 18.36 18.42 18.43 18.38 18.36 18.36
18.33 18.32 18.33 18.28 18.32 18.34 18.38 18.36 18.38 18.36 18.34 18.36 18.33 18.31 18.32 18.36 18.29 18.20 18.26 18.25 18.27 18.32 18.35 18.28 18.24 18.27 18.24 18.19 18.17 18.27 18.34 18.34 18.37 18.37 18.41 18.41 18.43 18.45 18.43 18.43 18.40 18.36 18.40 18.42 18.36 18.38 18.37 18.37 18.34 18.33 18.31 18.35 18.35 18.39 18.40 18.39 18.38 18.44 18.44 18.43 18.44 18.41 18.41 18.38 18.39 18.36 18.38 18.39 18.39 18.32 18.34 18.37 18.40 18.38 18.40 18.39 18.37
18.31 18.31 18.29 18.26 18.33 18.35 18.35 18.35 18.37 18.40 18.35 18.39 18.32 18.31 18.28 18.28 18.25 18.27 18.27 18.28 18.26 18.25 18.31 18.27 18.26 18.27 18.26 18.29 18.23 18.32 18.39 18.33 18.26 18.34 18.38 18.35 18.36 18.36 18.42 18.42 18.44 18.43 18.46 18.41 18.45 18.37 18.36 18.35 18.33 18.33 18.33 18.35 18.34 18.41 18.42 18.41 18.44 18.39 18.41 18.39 18.40 18.40 18.40 18.39 18.35 18.32 18.33 18.31 18.41 18.39 18.39 18.36 18.35 18.34 18.34 18.39 18.40
