Files/BOM data/2019071820190718.grid
ncols 839
nrows 679
xllcenter 112.0500
yllcenter -43.9500
cellsize 0.0500
nodata_value 99999.90
[rows 238 to 271 of 679, columns 462 to 538 of 839]
17.19 17.21 17.22 17.19 17.12 17.06 17.09 17.09 17.14 17.14 17.17 17.18 17.17 17.15 17.16 17.13 17.14 17.05 16.99 16.97 17.00 16.98 16.92 16.93 16.95 17.01 16.95 16.99 16.95 16.94 16.99 17.01 16.96 17.03 17.03 16.99 17.05 17.04 17.09 17.07 17.03 17.00 17.02 17.12 17.13 17.04 16.99 16.94 16.92 16.96 16.92 16.89 16.89 16.94 16.86 16.89 16.83 16.75 16.57 16.67 16.74 16.78 16.72 16.70 16.77 16.70 16.61 16.65 16.41 16.45 16.67 16.39 16.23 16.36 16.20 16.42 16.54
17.17 17.20 17.17 17.12 17.05 17.04 17.07 17.07 17.14 17.16 17.19 17.17 17.17 17.14 17.18 17.17 17.07 17.01 16.98 16.95 16.95 16.92 16.88 16.85 16.84 16.92 16.91 17.03 17.01 16.94 17.06 17.03 17.11 17.08 17.08 17.09 17.07 17.09 17.12 17.14 17.16 17.11 17.03 16.92 17.08 17.11 17.22 16.87 17.02 16.99 17.10 17.07 16.95 16.86 16.89 16.81 16.85 16.80 16.68 16.71 16.74 16.75 16.82 16.90 16.88 16.87 16.47 16.56 16.62 16.52 16.58 16.20 16.47 16.27 16.33 16.39 16.50
17.07 17.02 17.09 17.07 17.03 17.01 16.96 17.06 17.08 17.12 17.19 17.18 17.19 17.20 17.13 17.09 17.06 16.94 16.84 16.99 17.04 16.93 16.86 16.83 16.95 17.03 17.04 17.05 17.03 16.92 16.93 17.01 17.09 17.11 17.08 17.07 16.98 17.06 17.07 17.14 17.18 17.14 17.16 17.08 16.92 16.94 16.97 17.04 16.94 16.98 16.94 17.01 16.97 16.94 16.94 16.89 16.80 16.62 16.69 16.80 16.77 16.87 16.93 16.91 16.80 16.73 16.55 16.66 16.80 16.58 16.82 16.80 16.56 16.50 16.48 16.38 16.48
17.12 17.13 17.09 17.02 16.97 17.00 17.10 17.00 17.13 17.11 17.13 17.17 17.18 17.15 17.16 17.03 16.97 16.99 16.90 17.02 16.99 17.00 16.95 16.94 16.97 16.98 17.02 17.03 17.04 16.99 17.03 16.97 17.04 17.08 17.08 17.09 17.03 16.98 17.02 17.07 17.12 17.09 17.08 17.00 17.00 16.99 16.92 16.98 16.98 17.03 17.09 17.06 17.04 16.92 16.87 16.85 16.84 16.67 16.76 16.71 16.70 16.55 16.73 16.79 16.68 16.73 16.74 16.51 16.65 16.80 16.59 16.75 16.75 16.49 16.59 16.35 16.78
17.09 17.10 17.08 17.02 17.03 17.06 17.03 17.00 17.09 17.10 17.11 17.02 17.06 17.10 17.07 16.98 16.94 17.04 16.97 16.98 17.03 16.97 16.93 16.92 17.01 17.03 16.96 16.88 16.96 16.97 16.92 16.91 17.01 17.02 17.03 17.06 17.01 17.03 17.02 16.97 17.01 17.04 17.01 16.93 16.93 16.92 16.84 16.87 17.07 16.99 16.97 17.07 16.95 16.98 16.90 16.99 16.94 16.79 16.94 16.93 16.81 16.63 16.43 16.50 16.52 16.48 16.47 16.64 16.67 16.76 16.68 16.67 16.73 16.80 16.37 16.59 16.76
17.04 17.04 16.94 17.03 17.13 17.10 17.08 17.02 17.01 17.04 17.07 17.08 17.03 16.94 16.83 16.90 16.93 17.02 16.99 16.96 17.02 17.01 16.92 16.86 16.96 16.88 16.72 16.77 16.97 16.88 16.93 17.05 17.01 16.99 16.93 16.98 16.85 16.94 16.98 16.97 17.00 16.96 16.96 16.99 16.81 16.92 16.86 16.73 16.88 17.07 16.94 16.93 16.87 16.87 17.07 16.98 16.84 16.82 17.00 16.74 16.78 16.73 16.82 16.69 16.60 16.22 16.34 16.43 16.76 16.74 16.74 16.70 16.72 16.58 16.42 16.40 16.60
16.94 17.04 16.95 17.01 17.03 17.07 17.08 17.06 17.02 17.03 16.95 17.01 16.96 16.81 16.99 16.93 16.95 16.94 16.99 17.00 16.97 16.97 16.89 16.92 16.97 16.85 16.64 16.73 16.89 16.96 16.94 16.96 16.90 16.89 16.64 16.88 16.99 16.87 16.87 16.90 16.93 16.95 16.91 16.90 16.98 16.90 16.91 16.81 16.88 16.85 16.95 16.88 16.83 16.89 16.95 16.99 16.85 16.87 16.90 16.77 16.67 16.72 16.68 16.77 16.42 16.54 16.46 16.50 16.64 16.86 16.70 16.72 16.84 16.71 16.47 16.46 16.69
17.01 16.97 16.94 16.97 17.04 17.06 17.08 17.09 16.99 16.92 16.92 16.94 16.88 16.90 16.91 16.97 16.98 16.95 16.96 16.95 16.95 16.94 16.92 16.98 16.96 16.90 16.75 16.86 16.92 16.95 16.88 16.89 16.74 16.90 16.71 16.83 16.79 16.82 16.75 16.69 16.83 16.92 16.92 16.93 16.82 16.86 16.92 16.86 16.83 16.88 16.92 16.84 16.71 16.70 16.83 16.91 16.90 16.83 16.65 16.81 16.73 16.63 16.60 16.85 16.80 16.77 16.64 16.63 16.59 16.74 16.86 16.81 16.69 16.58 16.70 16.52 16.61
16.91 16.95 16.91 16.94 16.97 16.98 17.00 16.99 17.01 17.00 16.93 16.93 16.92 16.89 16.94 16.88 16.92 16.96 16.97 16.95 16.91 16.94 16.92 16.91 16.88 16.88 16.83 16.78 16.81 16.84 16.79 16.80 16.74 16.84 16.76 16.69 16.65 16.70 16.78 16.77 16.61 16.69 16.61 16.68 16.67 16.78 16.75 16.73 16.73 16.71 16.59 16.82 16.89 16.85 16.82 16.83 16.55 16.42 16.63 16.86 16.69 16.47 16.69 16.72 16.71 16.68 16.65 16.69 16.68 16.74 16.78 16.70 16.68 16.46 16.29 16.59 16.39
16.87 16.86 16.82 16.88 16.98 16.99 17.02 17.02 17.00 16.98 16.91 16.91 16.94 16.94 16.90 16.94 16.89 16.92 16.92 16.93 16.93 16.90 16.87 16.85 16.88 16.93 16.83 16.79 16.72 16.78 16.84 16.76 16.76 16.83 16.84 16.77 16.60 16.70 16.75 16.79 16.62 16.55 16.52 16.61 16.67 16.66 16.63 16.58 16.62 16.65 16.64 16.82 16.90 16.80 16.91 16.60 16.70 16.35 16.62 16.72 16.82 16.95 16.85 16.76 16.66 16.63 16.71 16.76 16.69 16.70 16.80 16.62 16.69 16.54 16.37 16.53 16.20
16.93 16.87 16.83 16.82 16.96 16.95 16.94 16.98 17.02 17.01 16.99 16.92 16.94 16.95 16.94 16.88 16.91 16.87 16.87 16.88 16.82 16.90 16.86 16.86 16.88 16.79 16.79 16.80 16.80 16.80 16.80 16.78 16.76 16.75 16.61 16.60 16.59 16.74 16.66 16.66 16.75 16.55 16.63 16.67 16.59 16.72 16.76 16.84 16.82 16.77 16.70 16.77 16.82 16.73 16.74 16.83 16.64 16.73 16.80 16.62 16.63 16.65 16.77 16.88 16.71 16.84 16.68 16.74 16.80 16.74 16.80 16.82 16.70 16.68 16.52 16.67 16.49
16.90 16.83 16.84 16.87 16.93 16.92 16.85 16.88 17.00 16.97 16.98 17.00 16.93 16.92 16.93 16.91 16.94 16.90 16.84 16.88 16.91 16.90 16.91 16.88 16.92 16.90 16.84 16.90 16.86 16.78 16.87 16.78 16.66 16.76 16.68 16.67 16.66 16.72 16.74 16.71 16.74 16.65 16.63 16.61 16.65 16.76 16.77 16.83 16.85 16.77 16.83 16.85 16.70 16.77 16.83 16.77 16.76 16.76 16.84 16.70 16.71 16.66 16.79 16.78 16.83 16.66 16.62 16.59 16.73 16.79 16.74 16.74 16.78 16.79 16.67 16.61 16.58
16.92 16.92 16.89 16.90 16.91 16.86 16.73 16.87 16.88 16.94 16.98 16.93 16.94 16.93 16.91 16.87 16.85 16.86 16.80 16.80 16.90 16.81 16.86 16.89 16.89 16.90 16.92 16.92 16.90 16.85 16.85 16.80 16.62 16.54 16.67 16.74 16.78 16.66 16.74 16.68 16.67 16.67 16.78 16.70 16.68 16.67 16.67 16.74 16.67 16.67 16.79 16.83 16.74 16.79 16.89 16.88 16.76 16.74 16.75 16.60 16.68 16.67 16.77 16.69 16.70 16.66 16.86 16.61 16.57 16.63 16.70 16.64 16.68 16.43 16.48 16.62 16.68
16.93 16.91 16.90 16.83 16.77 16.77 16.86 16.88 16.83 16.85 16.91 16.95 16.92 16.87 16.86 16.86 16.85 16.77 16.77 16.76 16.79 16.75 16.88 16.82 16.86 16.88 16.90 16.90 16.91 16.90 16.85 16.76 16.54 16.54 16.55 16.61 16.66 16.58 16.58 16.62 16.66 16.65 16.74 16.70 16.67 16.57 16.61 16.66 16.63 16.74 16.78 16.76 16.78 16.83 16.77 16.74 16.77 16.60 16.61 16.64 16.67 16.65 16.67 16.70 16.60 16.51 16.55 16.62 16.42 16.65 16.77 16.48 16.35 16.44 16.51 16.58 16.62
16.86 16.88 16.86 16.83 16.75 16.82 16.75 16.84 16.88 16.76 16.80 16.75 16.83 16.87 16.70 16.64 16.73 16.81 16.82 16.71 16.80 16.86 16.81 16.75 16.83 16.85 16.86 16.88 16.86 16.78 16.72 16.74 16.56 16.67 16.69 16.53 16.65 16.67 16.45 16.60 16.69 16.58 16.65 16.65 16.66 16.58 16.60 16.63 16.64 16.75 16.76 16.76 16.84 16.78 16.87 16.78 16.79 16.81 16.78 16.69 16.71 16.70 16.63 16.65 16.82 16.71 16.61 16.60 16.71 16.60 16.62 16.67 16.38 16.42 16.55 16.42 16.71
16.83 16.81 16.81 16.82 16.80 16.85 16.77 16.76 16.75 16.70 16.75 16.79 16.76 16.66 16.59 16.56 16.60 16.81 16.73 16.71 16.73 16.86 16.70 16.71 16.76 16.67 16.78 16.89 16.87 16.84 16.65 16.60 16.61 16.74 16.74 16.65 16.59 16.65 16.71 16.65 16.68 16.66 16.59 16.63 16.62 16.64 16.69 16.70 16.65 16.68 16.72 16.69 16.75 16.69 16.69 16.71 16.65 16.68 16.71 16.68 16.71 16.66 16.59 16.65 16.56 16.69 16.68 16.63 16.79 16.68 16.55 16.64 16.49 16.34 16.37 16.56 16.48
16.85 16.78 16.81 16.81 16.79 16.71 16.65 16.77 16.74 16.64 16.64 16.61 16.70 16.80 16.68 16.61 16.64 16.76 16.83 16.74 16.76 16.81 16.71 16.61 16.66 16.72 16.69 16.84 16.88 16.89 16.88 16.60 16.52 16.77 16.75 16.62 16.68 16.64 16.69 16.75 16.78 16.70 16.76 16.74 16.75 16.72 16.62 16.63 16.61 16.66 16.66 16.64 16.65 16.58 16.80 16.76 16.80 16.79 16.56 16.45 16.59 16.65 16.63 16.63 16.69 16.68 16.66 16.73 16.69 16.80 16.63 16.62 16.54 16.45 16.24 16.50 16.64
16.82 16.81 16.83 16.78 16.78 16.65 16.65 16.67 16.66 16.67 16.66 16.64 16.59 16.63 16.74 16.72 16.66 16.68 16.74 16.79 16.76 16.80 16.82 16.74 16.76 16.73 16.68 16.85 16.87 16.84 16.81 16.76 16.54 16.70 16.55 16.56 16.65 16.67 16.71 16.69 16.68 16.65 16.71 16.76 16.75 16.76 16.76 16.60 16.62 16.62 16.59 16.66 16.70 16.73 16.79 16.77 16.72 16.72 16.75 16.72 16.31 16.55 16.67 16.71 16.71 16.67 16.73 16.58 16.67 16.75 16.73 16.56 16.58 16.52 16.08 16.55 16.62
16.82 16.82 16.79 16.80 16.77 16.73 16.70 16.67 16.63 16.66 16.71 16.71 16.63 16.62 16.68 16.70 16.72 16.74 16.73 16.78 16.84 16.78 16.78 16.82 16.75 16.74 16.68 16.78 16.84 16.81 16.81 16.79 16.64 16.63 16.58 16.62 16.69 16.72 16.77 16.75 16.62 16.61 16.67 16.62 16.63 16.70 16.72 16.65 16.57 16.72 16.67 16.52 16.61 16.61 16.71 16.70 16.73 16.68 16.71 16.69 16.63 16.37 16.49 16.58 16.62 16.48 16.48 16.57 16.58 16.59 16.58 16.55 16.57 16.59 16.21 16.31 16.56
16.73 16.80 16.84 16.86 16.77 16.76 16.72 16.74 16.76 16.74 16.76 16.75 16.77 16.71 16.65 16.64 16.68 16.71 16.71 16.71 16.75 16.82 16.70 16.76 16.78 16.79 16.74 16.77 16.80 16.83 16.79 16.77 16.62 16.77 16.62 16.60 16.70 16.74 16.77 16.77 16.70 16.67 16.66 16.70 16.64 16.63 16.52 16.51 16.48 16.46 16.54 16.50 16.49 16.65 16.74 16.70 16.70 16.55 16.48 16.54 16.58 16.67 16.48 16.49 16.57 16.56 16.56 16.62 16.55 16.65 16.60 16.54 16.62 16.45 16.43 16.10 16.46
16.78 16.80 16.81 16.79 16.79 16.74 16.77 16.79 16.76 16.68 16.62 16.65 16.64 16.71 16.67 16.72 16.71 16.70 16.72 16.73 16.76 16.76 16.73 16.71 16.74 16.74 16.76 16.80 16.80 16.81 16.82 16.78 16.75 16.75 16.71 16.69 16.73 16.73 16.70 16.73 16.74 16.70 16.69 16.68 16.65 16.67 16.55 16.58 16.56 16.40 16.29 16.61 16.41 16.51 16.56 16.68 16.63 16.52 16.46 16.47 16.49 16.52 16.60 16.46 16.48 16.40 16.51 16.54 16.54 16.58 16.56 16.42 16.57 16.61 16.29 16.48 16.40
16.74 16.73 16.71 16.73 16.76 16.74 16.72 16.70 16.75 16.67 16.63 16.59 16.64 16.62 16.65 16.64 16.68 16.67 16.70 16.71 16.74 16.72 16.71 16.71 16.73 16.73 16.75 16.76 16.77 16.76 16.78 16.78 16.76 16.71 16.70 16.67 16.73 16.73 16.71 16.72 16.72 16.71 16.61 16.68 16.63 16.53 16.59 16.55 16.59 16.47 16.30 16.41 16.38 16.39 16.40 16.54 16.53 16.48 16.51 16.49 16.46 16.47 16.46 16.59 16.52 16.49 16.42 16.51 16.56 16.67 16.67 16.34 16.35 16.43 16.55 16.56 16.56
16.73 16.74 16.63 16.62 16.71 16.71 16.71 16.68 16.71 16.68 16.62 16.65 16.59 16.63 16.61 16.66 16.65 16.66 16.69 16.74 16.73 16.74 16.72 16.72 16.74 16.71 16.73 16.75 16.73 16.73 16.71 16.71 16.71 16.72 16.72 16.69 16.69 16.59 16.58 16.71 16.69 16.70 16.69 16.65 16.67 16.60 16.58 16.54 16.56 16.45 16.42 16.38 16.27 16.48 16.51 16.55 16.51 16.55 16.54 16.49 16.44 16.46 16.45 16.50 16.54 16.51 16.50 16.52 16.55 16.59 16.56 16.36 16.46 16.24 16.27 16.48 16.65
16.68 16.73 16.66 16.56 16.57 16.70 16.71 16.71 16.66 16.71 16.59 16.58 16.55 16.60 16.63 16.60 16.60 16.63 16.68 16.63 16.67 16.64 16.66 16.70 16.70 16.70 16.70 16.67 16.68 16.70 16.69 16.64 16.67 16.68 16.64 16.65 16.66 16.69 16.65 16.68 16.69 16.67 16.66 16.66 16.63 16.58 16.55 16.58 16.58 16.55 16.51 16.53 16.53 16.47 16.53 16.45 16.42 16.45 16.55 16.56 16.54 16.61 16.66 16.52 16.67 16.41 16.34 16.47 16.51 16.47 16.37 16.34 16.28 16.26 16.31 16.24 16.57
16.67 16.67 16.68 16.67 16.56 16.69 16.69 16.68 16.68 16.66 16.65 16.60 16.50 16.52 16.59 16.58 16.55 16.60 16.60 16.59 16.67 16.64 16.54 16.61 16.64 16.66 16.67 16.66 16.67 16.68 16.67 16.62 16.62 16.66 16.68 16.65 16.64 16.63 16.65 16.66 16.68 16.65 16.63 16.64 16.66 16.62 16.61 16.58 16.51 16.56 16.46 16.42 16.45 16.50 16.43 16.39 16.33 16.43 16.50 16.49 16.49 16.57 16.63 16.65 16.62 16.63 16.49 16.47 16.44 16.39 16.34 16.31 16.26 16.13 16.24 16.03 16.51
16.50 16.56 16.60 16.65 16.66 16.66 16.67 16.69 16.67 16.68 16.68 16.66 16.64 16.55 16.52 16.62 16.60 16.55 16.52 16.54 16.60 16.62 16.53 16.53 16.57 16.63 16.64 16.66 16.61 16.65 16.66 16.64 16.64 16.66 16.64 16.67 16.66 16.62 16.60 16.59 16.61 16.64 16.65 16.63 16.64 16.64 16.61 16.55 16.55 16.57 16.54 16.41 16.32 16.38 16.34 16.37 16.38 16.42 16.44 16.37 16.39 16.50 16.52 16.57 16.58 16.65 16.47 16.51 16.37 16.40 16.36 16.38 16.22 15.98 15.93 16.32 16.43
16.60 16.65 16.66 16.63 16.64 16.65 16.67 16.68 16.68 16.65 16.68 16.68 16.65 16.58 16.59 16.59 16.56 16.52 16.53 16.51 16.53 16.57 16.57 16.46 16.49 16.52 16.55 16.58 16.59 16.64 16.65 16.65 16.66 16.65 16.62 16.64 16.62 16.56 16.61 16.60 16.58 16.59 16.64 16.63 16.63 16.60 16.62 16.55 16.58 16.55 16.53 16.56 16.37 16.30 16.34 16.32 16.31 16.33 16.40 16.39 16.43 16.51 16.49 16.52 16.51 16.62 16.49 16.54 16.43 16.42 16.31 16.45 16.36 16.42 16.26 16.45 16.51
16.54 16.64 16.59 16.64 16.60 16.64 16.65 16.68 16.64 16.66 16.66 16.66 16.66 16.64 16.59 16.52 16.52 16.53 16.60 16.54 16.51 16.49 16.53 16.50 16.47 16.45 16.44 16.52 16.58 16.61 16.63 16.66 16.66 16.63 16.63 16.63 16.61 16.59 16.55 16.59 16.59 16.57 16.54 16.61 16.61 16.59 16.60 16.61 16.57 16.51 16.42 16.42 16.48 16.32 16.29 16.32 16.37 16.36 16.30 16.38 16.42 16.45 16.50 16.49 16.52 16.50 16.45 16.45 16.49 16.40 16.35 16.49 16.40 16.53 16.54 16.53 16.54
16.59 16.57 16.59 16.60 16.59 16.60 16.56 16.61 16.66 16.63 16.59 16.59 16.60 16.60 16.59 16.54 16.43 16.49 16.47 16.54 16.50 16.47 16.45 16.48 16.43 16.47 16.42 16.46 16.52 16.56 16.57 16.59 16.62 16.61 16.60 16.61 16.61 16.57 16.47 16.50 16.54 16.54 16.56 16.55 16.55 16.57 16.59 16.61 16.55 16.49 16.43 16.42 16.39 16.35 16.28 16.31 16.27 16.31 16.34 16.40 16.44 16.47 16.52 16.43 16.46 16.49 16.38 16.45 16.50 16.31 16.51 16.52 16.36 16.49 16.34 16.39 16.36
16.60 16.56 16.58 16.58 16.57 16.56 16.59 16.54 16.49 16.58 16.62 16.59 16.58 16.59 16.56 16.54 16.49 16.42 16.41 16.44 16.48 16.55 16.55 16.51 16.49 16.44 16.44 16.41 16.48 16.54 16.55 16.57 16.57 16.57 16.58 16.58 16.57 16.56 16.52 16.46 16.48 16.53 16.53 16.54 16.56 16.54 16.56 16.56 16.53 16.52 16.52 16.46 16.36 16.42 16.31 16.31 16.25 16.31 16.22 16.40 16.40 16.43 16.45 16.42 16.43 16.49 16.49 16.47 16.50 16.46 16.38 16.50 16.47 16.27 16.26 16.12 16.29
16.58 16.50 16.57 16.56 16.58 16.58 16.52 16.55 16.47 16.53 16.56 16.61 16.57 16.62 16.57 16.55 16.54 16.51 16.45 16.43 16.49 16.49 16.51 16.56 16.49 16.46 16.43 16.44 16.37 16.44 16.50 16.50 16.53 16.54 16.55 16.54 16.53 16.52 16.53 16.46 16.46 16.51 16.50 16.51 16.51 16.54 16.51 16.52 16.52 16.53 16.50 16.47 16.50 16.37 16.48 16.43 16.27 16.29 16.23 16.36 16.38 16.36 16.44 16.45 16.49 16.46 16.44 16.43 16.43 16.46 16.42 16.54 16.45 16.21 16.38 16.41 16.05
16.56 16.55 16.58 16.55 16.56 16.56 16.56 16.54 16.56 16.51 16.52 16.49 16.57 16.57 16.58 16.51 16.48 16.45 16.42 16.37 16.46 16.49 16.50 16.52 16.50 16.49 16.48 16.41 16.39 16.30 16.42 16.47 16.49 16.50 16.51 16.50 16.50 16.51 16.49 16.47 16.44 16.47 16.49 16.48 16.47 16.50 16.48 16.47 16.49 16.48 16.40 16.43 16.50 16.44 16.42 16.45 16.37 16.26 16.33 16.40 16.42 16.35 16.41 16.44 16.39 16.42 16.39 16.48 16.45 16.45 16.38 16.36 16.30 16.37 16.38 16.38 16.20
16.53 16.57 16.54 16.45 16.46 16.54 16.51 16.54 16.55 16.53 16.52 16.53 16.53 16.56 16.55 16.56 16.48 16.46 16.45 16.41 16.40 16.42 16.49 16.50 16.52 16.49 16.46 16.42 16.36 16.34 16.41 16.45 16.47 16.46 16.48 16.48 16.50 16.48 16.48 16.47 16.43 16.46 16.43 16.45 16.45 16.43 16.50 16.45 16.47 16.49 16.42 16.47 16.47 16.46 16.40 16.31 16.37 16.40 16.39 16.43 16.38 16.36 16.40 16.46 16.43 16.44 16.37 16.36 16.39 16.46 16.34 16.31 16.36 16.45 16.37 16.32 16.08
16.47 16.40 16.50 16.59 16.51 16.55 16.47 16.48 16.47 16.53 16.49 16.54 16.52 16.50 16.50 16.51 16.50 16.48 16.45 16.44 16.44 16.42 16.43 16.45 16.45 16.44 16.44 16.43 16.36 16.29 16.34 16.43 16.44 16.44 16.43 16.43 16.45 16.38 16.44 16.43 16.42 16.45 16.42 16.40 16.44 16.46 16.41 16.44 16.42 16.47 16.46 16.46 16.45 16.43 16.41 16.42 16.38 16.48 16.53 16.49 16.47 16.41 16.38 16.42 16.42 16.41 16.39 16.32 16.35 16.38 16.34 16.21 16.23 16.41 16.39 16.27 15.98
