Files/BOM data/2019071820190718.grid
ncols 839
nrows 679
xllcenter 112.0500
yllcenter -43.9500
cellsize 0.0500
nodata_value 99999.90
[rows 204 to 237 of 679, columns 462 to 538 of 839]
17.83 17.83 17.90 17.86 17.82 17.81 17.77 17.77 17.74 17.80 17.85 17.86 17.87 17.89 17.87 17.84 17.84 17.79 17.86 17.87 17.86 17.81 17.79 17.84 17.74 17.70 17.82 17.80 17.74 17.78 17.79 17.76 17.78 17.85 17.84 17.78 17.83 17.83 17.75 17.90 17.84 17.96 17.88 17.89 17.81 17.84 17.83 17.92 17.92 17.91 17.84 17.85 17.77 17.75 17.79 17.83 17.80 17.89 17.84 17.84 17.86 17.96 17.97 17.88 17.89 17.84 17.72 17.72 17.75 17.81 17.78 17.78 17.69 17.74 17.70 17.72 17.76
17.84 17.82 17.82 17.87 17.82 17.77 17.60 17.85 17.86 17.77 17.83 17.82 17.85 17.86 17.86 17.84 17.85 17.86 17.83 17.84 17.81 17.78 17.76 17.76 17.82 17.79 17.71 17.76 17.71 17.68 17.74 17.78 17.74 17.85 17.90 17.92 17.79 17.87 17.80 17.84 17.64 17.85 17.93 18.01 17.87 17.76 17.82 17.83 17.83 17.88 17.84 17.70 17.76 17.56 17.68 17.78 17.80 17.84 17.92 17.86 17.83 17.88 17.90 17.95 17.90 17.89 17.83 17.82 17.81 17.77 17.85 17.72 17.82 17.80 17.78 17.76 17.75
17.73 17.73 17.80 17.81 17.79 17.72 17.74 17.80 17.89 17.78 17.72 17.78 17.80 17.83 17.84 17.80 17.83 17.83 17.87 17.80 17.79 17.76 17.76 17.77 17.79 17.84 17.84 17.89 17.86 17.81 17.79 17.81 17.82 17.87 17.88 17.87 17.83 17.84 17.89 17.79 17.66 17.66 17.73 17.86 17.89 17.83 17.80 17.98 17.90 17.82 17.78 17.60 17.65 17.67 17.72 17.73 17.71 17.70 17.77 17.69 17.65 17.71 17.79 17.82 17.72 17.67 17.64 17.73 17.71 17.71 17.70 17.84 17.83 17.81 17.74 17.74 17.77
17.75 17.78 17.78 17.83 17.68 17.67 17.82 17.85 17.79 17.81 17.79 17.80 17.82 17.81 17.79 17.82 17.82 17.81 17.78 17.82 17.79 17.72 17.72 17.78 17.77 17.77 17.84 17.86 17.88 17.82 17.80 17.82 17.88 17.87 17.88 17.91 17.87 17.83 17.75 17.67 17.68 17.63 17.66 17.79 17.83 17.83 17.77 17.84 17.84 17.75 17.72 17.66 17.60 17.65 17.63 17.69 17.57 17.65 17.76 17.76 17.76 17.68 17.66 17.71 17.78 17.73 17.76 17.79 17.81 17.73 17.78 17.75 17.80 17.82 17.79 17.68 17.74
17.74 17.79 17.71 17.67 17.71 17.74 17.74 17.81 17.80 17.78 17.77 17.80 17.78 17.76 17.76 17.76 17.77 17.80 17.74 17.76 17.77 17.75 17.71 17.73 17.76 17.77 17.81 17.79 17.86 17.86 17.83 17.80 17.80 17.88 17.87 17.85 17.80 17.70 17.72 17.74 17.63 17.61 17.61 17.59 17.63 17.79 17.73 17.68 17.68 17.72 17.77 17.78 17.68 17.72 17.62 17.71 17.69 17.67 17.74 17.77 17.76 17.73 17.75 17.68 17.76 17.71 17.79 17.80 17.74 17.75 17.76 17.74 17.79 17.76 17.79 17.64 17.76
17.67 17.67 17.73 17.77 17.74 17.75 17.71 17.68 17.76 17.73 17.74 17.76 17.78 17.77 17.71 17.72 17.72 17.77 17.77 17.66 17.73 17.79 17.70 17.79 17.78 17.72 17.75 17.78 17.73 17.84 17.82 17.79 17.79 17.78 17.82 17.78 17.73 17.69 17.71 17.72 17.68 17.61 17.57 17.49 17.45 17.73 17.69 17.70 17.62 17.65 17.72 17.74 17.75 17.67 17.67 17.61 17.60 17.68 17.72 17.73 17.75 17.74 17.79 17.85 17.74 17.73 17.66 17.73 17.77 17.76 17.72 17.76 17.74 17.73 17.75 17.72 17.67
17.66 17.58 17.69 17.74 17.69 17.70 17.70 17.64 17.68 17.68 17.68 17.68 17.73 17.71 17.72 17.72 17.69 17.65 17.68 17.71 17.66 17.68 17.67 17.71 17.78 17.69 17.68 17.70 17.74 17.78 17.83 17.76 17.72 17.78 17.83 17.77 17.71 17.69 17.69 17.70 17.66 17.65 17.74 17.72 17.53 17.63 17.72 17.66 17.70 17.75 17.75 17.72 17.63 17.63 17.61 17.58 17.56 17.70 17.75 17.78 17.71 17.66 17.72 17.76 17.84 17.80 17.75 17.67 17.80 17.80 17.74 17.81 17.77 17.65 17.59 17.63 17.59
17.69 17.64 17.67 17.70 17.65 17.63 17.67 17.68 17.68 17.65 17.67 17.67 17.69 17.70 17.70 17.71 17.73 17.71 17.65 17.61 17.68 17.69 17.68 17.60 17.66 17.69 17.66 17.66 17.74 17.74 17.74 17.71 17.68 17.73 17.80 17.80 17.70 17.68 17.65 17.69 17.64 17.63 17.65 17.73 17.67 17.41 17.47 17.50 17.62 17.68 17.66 17.68 17.60 17.60 17.64 17.63 17.60 17.64 17.65 17.62 17.68 17.67 17.64 17.60 17.58 17.73 17.78 17.58 17.72 17.69 17.66 17.60 17.61 17.60 17.66 17.68 17.69
17.54 17.61 17.64 17.65 17.59 17.58 17.62 17.68 17.68 17.67 17.67 17.62 17.62 17.64 17.64 17.69 17.66 17.68 17.67 17.66 17.70 17.73 17.69 17.63 17.64 17.66 17.67 17.63 17.66 17.75 17.72 17.61 17.63 17.73 17.80 17.71 17.64 17.66 17.65 17.68 17.67 17.60 17.65 17.70 17.73 17.65 17.61 17.23 17.27 17.47 17.58 17.60 17.59 17.54 17.64 17.67 17.66 17.61 17.62 17.60 17.60 17.59 17.59 17.55 17.56 17.58 17.64 17.47 17.52 17.63 17.66 17.63 17.70 17.61 17.56 17.64 17.67
17.54 17.52 17.56 17.59 17.55 17.60 17.55 17.64 17.66 17.59 17.62 17.61 17.59 17.62 17.59 17.64 17.63 17.60 17.65 17.68 17.67 17.74 17.77 17.67 17.62 17.60 17.62 17.62 17.57 17.60 17.62 17.63 17.68 17.68 17.70 17.67 17.61 17.63 17.66 17.66 17.68 17.62 17.62 17.62 17.65 17.67 17.66 17.64 17.23 17.37 17.50 17.55 17.59 17.54 17.54 17.68 17.63 17.57 17.51 17.55 17.57 17.63 17.55 17.46 17.59 17.63 17.56 17.48 17.56 17.75 17.70 17.63 17.66 17.54 17.34 17.48 17.61
17.58 17.59 17.57 17.49 17.45 17.61 17.57 17.64 17.63 17.61 17.62 17.62 17.59 17.52 17.60 17.57 17.58 17.59 17.66 17.68 17.70 17.69 17.69 17.67 17.61 17.57 17.61 17.60 17.64 17.63 17.59 17.60 17.67 17.69 17.66 17.61 17.60 17.61 17.64 17.62 17.62 17.61 17.59 17.60 17.62 17.65 17.68 17.64 17.57 17.13 17.34 17.56 17.59 17.60 17.53 17.59 17.69 17.69 17.63 17.54 17.58 17.54 17.41 17.43 17.59 17.65 17.53 17.66 17.64 17.64 17.67 17.69 17.62 17.49 17.33 17.25 17.52
17.62 17.62 17.58 17.46 17.57 17.60 17.63 17.61 17.62 17.59 17.61 17.62 17.63 17.59 17.55 17.58 17.58 17.66 17.69 17.69 17.65 17.68 17.67 17.65 17.64 17.60 17.61 17.59 17.59 17.61 17.57 17.59 17.63 17.66 17.63 17.57 17.52 17.56 17.54 17.58 17.61 17.60 17.60 17.61 17.60 17.62 17.64 17.64 17.64 17.51 17.28 17.44 17.53 17.64 17.53 17.51 17.66 17.64 17.59 17.60 17.56 17.47 17.47 17.53 17.60 17.61 17.69 17.63 17.57 17.54 17.49 17.61 17.58 17.54 17.43 17.40 17.45
17.55 17.48 17.53 17.58 17.61 17.63 17.61 17.61 17.60 17.57 17.57 17.59 17.60 17.63 17.62 17.59 17.61 17.63 17.64 17.65 17.65 17.64 17.60 17.62 17.62 17.60 17.60 17.58 17.58 17.58 17.55 17.56 17.57 17.59 17.62 17.60 17.54 17.62 17.56 17.59 17.61 17.62 17.62 17.61 17.58 17.61 17.60 17.59 17.58 17.59 17.40 17.41 17.41 17.47 17.61 17.56 17.60 17.62 17.62 17.52 17.55 17.47 17.41 17.47 17.55 17.56 17.58 17.53 17.44 17.48 17.54 17.52 17.56 17.55 17.47 17.53 17.57
17.50 17.52 17.61 17.62 17.59 17.61 17.59 17.51 17.60 17.57 17.56 17.57 17.60 17.61 17.58 17.59 17.64 17.64 17.66 17.66 17.63 17.65 17.62 17.59 17.58 17.58 17.59 17.58 17.60 17.54 17.55 17.54 17.59 17.58 17.61 17.60 17.55 17.53 17.52 17.52 17.59 17.58 17.53 17.55 17.55 17.54 17.57 17.58 17.58 17.54 17.45 17.45 17.35 17.53 17.55 17.50 17.57 17.62 17.63 17.62 17.61 17.57 17.49 17.42 17.48 17.53 17.52 17.46 17.35 17.43 17.45 17.43 17.40 17.47 17.44 17.48 17.52
17.54 17.55 17.59 17.54 17.52 17.51 17.53 17.53 17.53 17.53 17.49 17.55 17.57 17.58 17.64 17.55 17.64 17.63 17.64 17.60 17.61 17.60 17.59 17.61 17.57 17.55 17.57 17.58 17.52 17.52 17.52 17.56 17.56 17.56 17.58 17.60 17.56 17.51 17.53 17.52 17.54 17.57 17.57 17.53 17.49 17.50 17.52 17.55 17.56 17.54 17.54 17.42 17.53 17.49 17.50 17.59 17.43 17.46 17.62 17.61 17.60 17.57 17.53 17.44 17.53 17.47 17.42 17.28 17.33 17.35 17.43 17.45 17.34 17.37 17.43 17.51 17.41
17.56 17.52 17.58 17.51 17.49 17.53 17.52 17.44 17.44 17.52 17.44 17.56 17.53 17.51 17.49 17.48 17.58 17.62 17.61 17.63 17.63 17.58 17.57 17.61 17.60 17.56 17.64 17.59 17.53 17.55 17.51 17.50 17.52 17.54 17.55 17.56 17.56 17.54 17.53 17.54 17.62 17.53 17.48 17.48 17.44 17.26 17.40 17.50 17.53 17.51 17.52 17.51 17.45 17.51 17.39 17.47 17.24 17.26 17.50 17.53 17.59 17.57 17.53 17.52 17.45 17.41 17.37 17.34 17.26 17.34 17.34 17.37 17.38 17.49 17.40 17.43 17.49
17.45 17.44 17.51 17.52 17.47 17.50 17.47 17.45 17.49 17.41 17.40 17.33 17.33 17.40 17.37 17.40 17.55 17.60 17.60 17.59 17.59 17.58 17.57 17.56 17.56 17.54 17.53 17.64 17.53 17.52 17.49 17.50 17.51 17.49 17.52 17.53 17.55 17.52 17.45 17.02 16.69 17.17 16.87 17.03 17.09 16.65 17.22 17.42 17.32 17.48 17.47 17.48 17.21 17.27 17.28 17.39 17.35 17.05 17.41 17.49 17.48 17.51 17.53 17.47 17.47 17.40 17.38 17.43 17.32 17.26 17.22 17.35 17.52 17.48 17.47 17.46 17.41
17.45 17.44 17.44 17.49 17.47 17.50 17.47 17.53 17.53 17.53 17.52 17.50 17.47 17.41 17.47 17.52 17.57 17.59 17.59 17.58 17.57 17.55 17.55 17.54 17.55 17.54 17.34 17.44 17.61 17.49 17.45 17.48 17.47 17.51 17.48 17.45 17.48 17.49 17.24 16.61 16.67 16.76 16.89 16.84 16.83 16.86 17.12 17.24 17.42 17.31 17.10 17.37 17.31 16.87 17.00 17.33 17.38 17.27 17.08 17.30 17.48 17.49 17.49 17.50 17.44 17.37 17.32 17.32 17.38 17.28 17.22 17.47 17.36 17.43 17.40 17.36 17.29
17.44 17.40 17.39 17.36 17.38 17.37 17.49 17.42 17.43 17.32 17.27 17.30 17.28 17.45 17.50 17.52 17.53 17.55 17.56 17.54 17.58 17.53 17.30 17.47 17.50 17.47 17.22 17.05 17.53 17.49 17.43 17.44 17.42 17.45 17.49 17.45 17.48 17.48 17.23 16.90 16.71 16.78 17.04 16.93 17.13 17.10 16.94 17.00 17.25 17.20 17.05 17.06 17.38 17.30 17.18 17.16 17.33 17.22 17.22 17.11 17.17 17.27 17.49 17.48 17.39 17.29 17.35 17.19 17.27 17.30 17.41 17.44 17.47 17.51 17.44 17.27 17.16
17.43 17.36 17.39 17.39 17.42 17.44 17.37 17.42 17.41 17.43 17.37 17.30 17.24 17.43 17.36 17.25 17.09 17.16 17.31 17.41 17.47 17.43 17.05 17.36 17.48 17.41 17.44 17.21 17.53 17.52 17.45 17.45 17.45 17.46 17.48 17.46 17.50 16.98 16.79 16.74 16.59 16.79 17.05 17.06 17.25 17.12 17.11 17.30 17.03 16.53 16.64 16.69 16.86 16.95 17.01 16.90 17.04 17.01 17.10 17.23 17.05 16.86 17.41 17.35 17.33 17.28 17.35 17.39 17.32 17.22 17.43 17.46 17.46 17.35 17.39 17.34 17.32
17.45 17.43 17.44 17.46 17.43 17.43 17.37 17.36 17.39 17.38 17.44 17.50 17.40 17.41 17.47 17.49 17.50 17.45 17.35 17.43 17.53 17.45 17.31 17.29 17.48 17.43 17.32 17.42 17.41 17.49 17.47 17.44 17.45 17.32 16.98 17.40 16.78 16.74 16.68 17.03 17.11 17.28 17.22 17.09 17.21 17.14 17.26 17.03 16.96 17.09 17.10 16.73 16.35 16.64 16.91 16.62 16.62 16.65 16.64 16.94 17.00 17.04 17.02 17.33 17.30 17.22 17.25 17.36 16.98 17.00 17.35 17.42 17.42 17.39 17.31 17.31 17.25
17.36 17.38 17.44 17.40 17.36 17.42 17.37 17.37 17.34 17.40 17.42 17.45 17.47 17.42 17.43 17.44 17.45 17.47 17.48 17.47 17.50 17.51 17.49 17.43 17.45 17.43 17.43 17.43 17.50 17.46 17.44 17.42 17.42 17.46 17.09 17.22 16.96 17.17 17.19 17.01 17.25 17.34 17.26 17.28 17.13 17.20 17.26 17.07 17.20 17.32 17.35 16.93 16.88 16.94 16.92 17.03 16.53 16.64 16.72 16.60 16.66 16.77 16.95 17.06 17.24 17.18 17.21 17.00 16.93 17.07 17.35 17.38 17.40 17.33 17.30 17.27 17.19
17.34 17.34 17.32 17.37 17.36 17.32 17.36 17.37 17.34 17.34 17.30 17.37 17.31 17.18 17.34 17.43 17.41 17.42 17.49 17.48 17.48 17.50 17.45 17.43 17.46 17.44 17.38 17.42 17.38 17.43 17.43 17.37 17.41 17.42 17.26 17.23 17.04 17.16 17.38 17.10 16.95 17.30 17.35 17.30 17.05 16.95 17.14 16.86 16.84 17.11 17.11 17.15 17.27 17.14 16.95 16.69 16.60 16.63 16.51 16.56 16.45 16.66 16.76 16.80 16.89 16.88 16.87 16.67 16.86 17.33 17.35 17.32 17.35 17.35 17.35 17.31 17.17
17.26 17.30 17.28 17.27 17.25 17.24 17.33 17.33 17.36 17.32 17.34 17.32 17.32 17.37 17.39 17.37 17.34 17.36 17.42 17.45 17.39 17.42 17.41 17.39 17.46 17.45 17.39 17.38 17.39 17.40 17.41 17.37 17.39 17.43 17.26 17.09 17.18 17.33 17.32 17.09 16.87 17.42 17.42 17.36 17.24 17.21 17.18 16.91 16.74 17.02 17.17 17.32 17.20 17.06 17.22 17.08 16.85 16.74 16.60 16.59 16.43 16.46 16.71 16.79 16.90 16.62 16.74 16.63 16.37 17.23 17.22 17.17 17.19 17.28 17.31 17.27 17.15
17.24 17.24 17.26 17.27 17.20 17.08 17.32 17.20 17.17 17.25 17.22 17.36 17.33 17.34 17.37 17.36 17.34 17.28 17.35 17.38 17.32 17.30 17.37 17.40 17.37 17.39 17.35 17.39 17.38 17.40 17.37 17.34 17.35 17.27 16.96 17.13 17.26 17.06 16.83 17.06 17.21 17.36 17.18 17.03 16.61 17.06 17.17 17.16 17.19 17.05 16.97 17.09 16.96 16.85 16.94 17.06 17.06 16.95 16.76 16.78 16.51 16.42 16.66 16.98 16.82 16.76 16.76 16.50 16.69 17.05 17.17 17.11 17.17 17.21 17.22 17.18 17.22
17.07 17.25 17.23 17.27 17.20 17.17 17.20 17.19 17.16 17.24 17.32 17.20 17.26 17.34 17.30 17.33 17.35 17.29 17.26 17.30 17.25 17.29 17.32 17.37 17.36 17.37 17.33 17.36 17.34 17.35 17.27 17.25 17.19 17.04 16.90 17.25 17.23 17.10 17.00 17.11 17.17 16.72 16.45 16.52 16.54 16.84 16.66 16.80 17.05 17.04 16.78 16.83 16.95 17.00 17.10 16.91 17.06 17.00 17.21 17.11 16.76 16.31 16.61 16.68 16.83 16.64 16.62 16.40 16.64 17.09 17.15 17.16 17.05 17.01 17.01 17.09 17.10
17.22 17.16 17.18 17.18 17.25 17.31 17.34 17.19 17.18 17.31 17.37 17.24 17.27 17.34 17.37 17.28 17.30 17.27 17.25 17.29 17.29 17.26 17.30 17.33 17.29 17.26 17.32 17.34 17.32 17.28 17.26 17.21 16.97 17.03 17.04 17.15 17.06 17.01 16.84 16.81 16.62 16.46 16.59 16.71 16.78 16.98 17.01 16.95 16.85 16.94 16.68 16.92 16.75 16.79 16.76 16.81 16.89 16.97 17.19 17.12 17.00 16.79 16.70 16.97 16.91 16.86 16.65 16.56 16.71 17.16 17.05 16.46 16.65 16.63 16.23 16.32 16.67
17.22 17.22 17.18 17.15 17.14 17.19 17.30 17.28 17.25 17.31 17.31 17.26 17.32 17.33 17.27 17.28 17.31 17.31 17.27 17.25 17.28 17.36 17.22 17.26 17.28 17.31 17.25 17.27 17.18 17.00 17.02 17.09 16.89 16.97 16.90 16.96 17.05 17.13 16.97 16.76 16.90 16.76 16.91 16.81 16.98 16.93 16.96 17.04 16.91 17.05 17.02 16.83 16.70 16.89 16.81 16.83 16.75 16.76 17.09 17.27 17.18 16.81 16.86 16.72 16.61 16.83 16.85 16.72 16.91 17.10 16.67 16.62 16.63 16.61 16.73 16.86 16.82
17.20 17.22 17.20 17.22 17.20 17.15 17.23 17.26 17.24 17.26 17.26 17.29 17.29 17.29 17.27 17.27 17.31 17.29 17.27 17.25 17.32 17.38 17.28 17.18 17.33 17.27 17.16 17.12 17.03 16.85 16.86 16.96 16.92 16.82 16.98 16.90 16.98 16.99 16.84 17.02 16.64 16.82 16.63 16.82 16.98 16.85 16.83 16.97 16.97 17.05 17.05 17.02 16.88 16.75 16.58 16.79 17.03 17.00 16.85 17.19 17.09 17.09 16.88 16.86 16.62 16.73 16.79 17.00 16.80 16.78 16.20 16.42 16.40 16.40 16.48 16.82 16.79
17.23 17.19 17.20 17.21 17.24 17.19 17.20 17.20 17.20 17.24 17.22 17.27 17.29 17.28 17.21 17.23 17.22 17.24 17.22 17.21 17.22 17.34 17.30 17.17 17.25 17.07 16.99 17.01 16.85 16.82 17.01 16.92 16.83 16.92 16.91 16.92 17.09 16.97 16.97 16.97 16.83 16.88 16.92 16.91 17.07 16.88 16.77 16.68 16.78 16.84 17.15 17.08 16.98 16.94 16.66 16.74 16.70 16.71 16.74 17.03 17.06 17.09 16.97 16.89 16.70 16.94 16.77 16.80 16.92 16.61 16.46 16.28 16.17 16.40 16.35 16.40 16.72
17.22 17.22 17.10 17.05 16.94 16.93 17.14 17.21 17.20 17.21 17.21 17.26 17.26 17.24 17.27 17.23 17.21 17.24 17.19 17.21 17.28 17.28 17.30 17.28 17.09 16.85 16.79 16.88 16.97 17.02 17.01 17.01 16.83 16.89 17.00 16.98 17.06 16.92 16.66 17.09 17.13 17.03 16.84 16.93 16.91 16.88 16.47 16.69 16.76 16.84 16.95 17.04 17.03 17.07 17.02 16.93 16.79 16.71 16.84 16.92 16.94 17.12 17.14 16.60 16.85 16.60 16.59 16.12 16.58 16.24 16.57 16.05 16.17 16.50 16.42 16.41 16.54
17.11 17.10 16.95 16.86 16.93 17.01 17.14 17.22 17.23 17.23 17.23 17.20 17.20 17.21 17.17 17.17 17.16 17.17 17.15 17.20 17.28 17.23 17.10 17.02 16.87 16.98 16.90 16.92 16.88 16.89 16.96 16.94 16.98 16.86 16.93 17.02 16.97 17.00 17.01 17.05 17.04 17.01 16.89 16.96 16.88 16.86 16.70 16.86 16.81 16.88 16.92 17.02 17.02 16.97 17.02 16.99 16.91 16.94 16.82 16.85 16.83 16.88 17.07 16.97 16.64 16.54 16.53 16.28 16.45 16.53 16.56 16.30 16.07 16.39 16.29 16.57 16.67
17.10 17.09 17.12 17.13 17.20 17.17 17.10 17.04 17.19 17.21 17.23 17.25 17.26 17.21 17.18 17.17 17.14 17.14 17.09 17.07 17.06 17.01 16.97 16.95 17.00 17.01 16.99 16.91 16.93 16.89 16.91 16.86 16.99 16.99 16.97 17.04 17.07 17.01 17.07 16.99 17.02 17.05 17.08 16.99 16.95 16.99 16.92 16.80 16.88 16.86 16.91 17.04 17.02 16.93 16.93 16.89 16.80 16.86 16.80 16.70 16.67 16.81 16.81 16.81 16.63 16.87 16.69 16.37 16.34 16.64 16.50 16.13 15.95 16.41 16.63 16.66 16.67
17.16 17.17 17.22 17.20 17.16 17.03 17.01 17.16 17.17 17.20 17.18 17.18 17.19 17.18 17.17 17.20 17.17 17.08 17.03 16.95 17.05 16.98 16.92 16.96 16.99 16.98 16.96 16.90 16.88 16.93 16.88 16.92 16.98 16.96 17.01 17.04 17.11 16.97 16.99 17.01 17.09 17.15 17.17 17.00 17.09 17.06 17.00 16.90 16.83 16.90 16.95 17.03 16.94 16.90 16.89 16.86 16.71 16.71 16.81 16.81 16.85 16.54 16.31 16.30 16.68 16.70 16.72 16.61 16.23 16.46 16.66 16.37 16.30 16.65 16.46 16.59 16.79
