Files/BOM data/2019072220190722.grid
ncols 839
nrows 679
xllcenter 112.0500
yllcenter -43.9500
cellsize 0.0500
nodata_value 99999.90
[rows 170 to 203 of 679, columns 616 to 692 of 839]
18.67 18.67 18.64 18.74 18.79 18.75 18.75 18.74 18.77 18.74 18.71 18.70 18.72 18.71 18.73 18.67 18.69 18.70 18.75 18.83 18.85 18.86 18.86 18.83 18.82 18.82 18.84 18.82 18.83 18.69 18.68 18.71 18.78 18.77 18.67 18.67 18.82 18.87 18.84 18.83 18.71 18.60 18.47 18.20 18.07 17.74 17.73 17.67 17.27 17.05 17.24 16.61 16.79 16.89 16.77 17.74 17.60 18.60 18.68 17.99 18.13 17.75 18.03 18.31 18.41 17.19 17.06 18.42 18.66 18.84 18.84 18.84 18.84 18.84 18.84 18.84 18.84
18.67 18.62 18.59 18.74 18.79 18.78 18.77 18.72 18.71 18.76 18.73 18.69 18.69 18.68 18.66 18.65 18.68 18.73 18.79 18.82 18.84 18.82 18.83 18.83 18.81 18.84 18.78 18.78 18.82 18.82 18.79 18.68 18.71 18.66 18.71 18.78 18.79 18.79 18.82 18.70 18.60 18.43 18.31 18.01 17.93 17.77 17.92 17.96 17.65 17.72 17.37 17.19 16.82 16.24 16.33 16.57 17.80 17.78 18.31 18.77 17.96 17.58 18.33 18.59 18.24 17.51 17.99 18.31 18.55 18.73 18.73 18.73 18.73 18.73 18.73 18.73 18.73
18.64 18.63 18.60 18.70 18.77 18.79 18.74 18.72 18.72 18.73 18.74 18.69 18.67 18.67 18.62 18.64 18.68 18.73 18.77 18.79 18.81 18.79 18.79 18.78 18.80 18.81 18.80 18.79 18.79 18.82 18.82 18.79 18.76 18.69 18.71 18.79 18.68 18.68 18.66 18.69 18.73 18.69 18.42 17.98 17.91 17.83 18.20 18.06 17.89 17.71 17.81 17.60 17.06 17.41 17.05 16.12 16.80 17.63 18.33 18.68 18.31 17.31 18.23 18.51 18.37 18.13 18.43 18.41 18.46 18.65 18.65 18.65 18.65 18.65 18.65 18.65 18.65
18.67 18.64 18.64 18.71 18.74 18.75 18.77 18.74 18.70 18.69 18.70 18.68 18.66 18.66 18.68 18.70 18.72 18.70 18.69 18.74 18.74 18.77 18.78 18.78 18.76 18.79 18.79 18.80 18.80 18.76 18.76 18.79 18.79 18.78 18.81 18.80 18.77 18.74 18.65 18.59 18.67 18.74 18.74 18.58 18.39 18.55 18.70 18.37 17.91 17.74 17.67 17.02 17.63 16.85 17.34 16.86 16.49 17.15 18.14 18.64 18.74 17.99 18.32 18.24 18.38 18.22 18.46 18.50 18.60 18.65 18.65 18.65 18.65 18.65 18.65 18.65 18.65
18.69 18.70 18.67 18.68 18.71 18.73 18.74 18.73 18.65 18.72 18.68 18.68 18.65 18.64 18.68 18.69 18.68 18.65 18.71 18.75 18.78 18.77 18.75 18.76 18.77 18.77 18.77 18.76 18.78 18.74 18.78 18.74 18.74 18.78 18.78 18.79 18.80 18.80 18.76 18.66 18.64 18.72 18.64 18.63 18.68 18.69 18.64 18.48 18.31 18.31 18.04 17.67 17.50 17.20 16.88 17.14 17.30 17.28 17.62 18.69 18.81 17.90 17.50 18.32 18.37 18.57 18.48 18.46 18.63 18.63 18.63 18.65 18.65 18.65 18.65 18.65 18.65
18.71 18.72 18.69 18.68 18.70 18.71 18.71 18.71 18.70 18.70 18.72 18.68 18.60 18.63 18.64 18.68 18.68 18.62 18.65 18.76 18.74 18.75 18.76 18.78 18.78 18.75 18.75 18.75 18.75 18.71 18.70 18.74 18.76 18.75 18.76 18.75 18.79 18.79 18.76 18.78 18.73 18.72 18.67 18.66 18.66 18.64 18.57 18.54 18.52 18.58 18.34 17.77 17.59 17.02 16.92 16.83 16.80 16.67 16.35 17.69 18.70 18.07 18.07 18.39 18.26 18.49 18.56 18.54 18.64 18.64 18.64 18.64 18.64 18.65 18.56 18.56 18.59
18.71 18.68 18.67 18.69 18.71 18.69 18.68 18.68 18.70 18.68 18.67 18.72 18.66 18.63 18.65 18.64 18.65 18.62 18.66 18.73 18.73 18.73 18.74 18.75 18.75 18.73 18.71 18.73 18.73 18.71 18.69 18.75 18.75 18.75 18.74 18.75 18.79 18.78 18.75 18.79 18.74 18.69 18.69 18.67 18.65 18.51 18.63 18.69 18.66 18.59 18.55 18.34 17.79 17.71 17.26 16.85 16.99 16.72 16.99 17.10 17.87 18.27 17.88 18.12 17.81 18.52 18.44 18.43 18.64 18.64 18.64 18.39 18.39 18.56 18.56 18.59 18.59
18.71 18.68 18.66 18.68 18.70 18.67 18.69 18.69 18.65 18.65 18.65 18.65 18.68 18.65 18.60 18.57 18.60 18.62 18.67 18.71 18.73 18.71 18.71 18.72 18.73 18.71 18.74 18.71 18.73 18.73 18.74 18.72 18.74 18.77 18.76 18.76 18.77 18.74 18.73 18.76 18.74 18.73 18.70 18.68 18.70 18.63 18.70 18.66 18.56 18.58 18.55 18.44 18.13 17.92 17.45 16.82 16.63 16.19 16.74 16.87 17.19 17.82 17.42 18.55 17.77 17.85 18.10 18.49 18.54 18.54 18.39 18.39 18.56 18.56 18.59 18.59 18.60
18.62 18.67 18.63 18.66 18.67 18.64 18.66 18.65 18.65 18.62 18.65 18.67 18.66 18.65 18.59 18.60 18.63 18.64 18.65 18.68 18.70 18.69 18.67 18.68 18.70 18.71 18.69 18.70 18.70 18.70 18.71 18.69 18.72 18.74 18.74 18.74 18.74 18.74 18.70 18.69 18.67 18.74 18.65 18.66 18.72 18.70 18.71 18.68 18.56 18.64 18.55 18.36 18.20 18.16 17.45 17.13 16.77 16.85 16.35 16.61 16.40 17.51 16.39 17.31 15.84 17.22 17.24 17.35 18.31 18.39 18.39 18.56 18.56 18.59 18.59 18.60 18.60
18.59 18.63 18.63 18.66 18.66 18.61 18.63 18.63 18.64 18.64 18.66 18.66 18.66 18.65 18.59 18.58 18.62 18.62 18.64 18.65 18.68 18.68 18.67 18.68 18.68 18.67 18.66 18.67 18.67 18.69 18.69 18.67 18.70 18.73 18.70 18.64 18.62 18.67 18.67 18.71 18.59 18.66 18.70 18.65 18.57 18.67 18.68 18.65 18.60 18.52 18.45 18.15 17.96 18.42 18.32 18.14 17.76 17.22 17.06 17.28 16.65 16.48 16.15 17.13 16.94 17.28 17.70 17.18 17.67 18.30 18.56 18.56 18.59 18.59 18.60 18.60 18.42
18.58 18.62 18.64 18.64 18.60 18.58 18.61 18.62 18.62 18.62 18.63 18.63 18.64 18.64 18.60 18.56 18.60 18.60 18.61 18.64 18.62 18.64 18.65 18.67 18.68 18.66 18.72 18.70 18.67 18.67 18.67 18.67 18.70 18.67 18.62 18.57 18.65 18.65 18.66 18.69 18.61 18.69 18.68 18.65 18.61 18.65 18.67 18.65 18.58 18.51 18.25 18.27 18.43 18.53 18.28 17.95 17.89 17.78 17.62 17.50 16.03 17.03 16.70 16.74 17.25 18.10 17.86 17.30 16.71 17.49 18.31 18.59 18.59 18.60 18.60 18.49 18.42
18.54 18.58 18.57 18.59 18.56 18.54 18.56 18.59 18.60 18.58 18.60 18.59 18.62 18.60 18.60 18.60 18.60 18.60 18.60 18.63 18.61 18.63 18.65 18.64 18.66 18.67 18.68 18.66 18.65 18.66 18.66 18.67 18.64 18.63 18.66 18.60 18.66 18.64 18.63 18.66 18.65 18.66 18.66 18.67 18.66 18.66 18.60 18.55 18.52 18.50 18.55 18.43 18.40 18.37 17.98 18.37 18.29 17.69 17.49 16.54 17.12 17.18 17.37 17.41 16.97 17.63 17.44 17.72 17.65 16.79 17.27 18.27 18.60 18.60 18.49 18.42 18.42
18.52 18.54 18.51 18.56 18.57 18.55 18.57 18.57 18.60 18.58 18.59 18.59 18.59 18.58 18.57 18.58 18.58 18.58 18.60 18.60 18.57 18.59 18.58 18.64 18.66 18.64 18.63 18.63 18.63 18.63 18.63 18.60 18.58 18.61 18.59 18.59 18.65 18.60 18.59 18.63 18.64 18.63 18.64 18.63 18.62 18.65 18.65 18.61 18.60 18.59 18.52 18.41 18.10 17.91 18.22 18.24 18.04 18.20 18.05 17.52 17.18 17.12 17.19 16.81 16.87 16.50 16.89 17.22 17.09 16.82 16.96 17.68 18.22 18.49 18.49 18.42 18.42
18.56 18.54 18.51 18.52 18.54 18.52 18.54 18.54 18.56 18.57 18.57 18.57 18.56 18.55 18.55 18.58 18.56 18.54 18.55 18.56 18.57 18.56 18.61 18.65 18.64 18.61 18.61 18.62 18.61 18.61 18.62 18.54 18.58 18.54 18.55 18.56 18.58 18.62 18.61 18.63 18.65 18.66 18.64 18.60 18.60 18.61 18.63 18.62 18.57 18.45 18.17 18.30 18.10 17.72 17.70 17.88 17.56 17.83 17.90 17.48 17.52 17.99 17.33 16.33 17.01 17.25 16.19 17.43 17.77 17.46 16.97 17.59 17.88 17.75 17.84 18.42 18.42
18.54 18.56 18.56 18.54 18.56 18.54 18.51 18.51 18.55 18.57 18.56 18.56 18.57 18.55 18.55 18.53 18.52 18.53 18.54 18.52 18.52 18.55 18.58 18.62 18.62 18.58 18.58 18.55 18.60 18.59 18.57 18.54 18.59 18.54 18.52 18.55 18.60 18.59 18.58 18.60 18.63 18.62 18.60 18.59 18.57 18.58 18.54 18.56 18.53 18.43 18.41 18.20 18.20 18.09 17.77 17.64 17.84 17.54 17.64 17.27 17.54 16.65 17.08 16.67 17.44 16.08 16.73 17.61 16.58 17.48 16.39 17.23 18.04 17.69 17.69 18.03 17.87
18.56 18.60 18.58 18.53 18.52 18.51 18.50 18.50 18.52 18.54 18.55 18.54 18.53 18.54 18.53 18.51 18.49 18.45 18.47 18.51 18.50 18.54 18.56 18.58 18.58 18.57 18.57 18.49 18.59 18.58 18.55 18.53 18.57 18.55 18.52 18.55 18.57 18.58 18.59 18.59 18.58 18.58 18.57 18.58 18.54 18.53 18.55 18.54 18.52 18.43 18.37 18.25 18.05 18.30 17.73 17.44 18.00 17.51 16.98 17.80 16.96 16.81 17.34 17.09 15.58 16.64 16.95 15.84 16.22 16.54 16.81 17.06 17.39 17.65 17.51 17.05 17.75
18.56 18.56 18.57 18.60 18.58 18.48 18.50 18.48 18.51 18.52 18.53 18.53 18.52 18.53 18.51 18.49 18.47 18.43 18.45 18.50 18.51 18.52 18.51 18.57 18.55 18.53 18.53 18.53 18.49 18.53 18.51 18.52 18.56 18.55 18.53 18.54 18.53 18.55 18.58 18.57 18.54 18.56 18.53 18.56 18.52 18.52 18.48 18.51 18.40 18.44 18.45 18.33 18.23 17.96 17.92 18.02 17.32 17.06 17.56 17.42 16.83 16.78 17.31 16.17 16.54 16.23 15.41 16.93 16.22 16.80 16.77 17.01 16.61 17.54 17.18 17.01 18.08
18.48 18.47 18.49 18.49 18.50 18.46 18.46 18.49 18.49 18.48 18.49 18.50 18.51 18.50 18.50 18.49 18.49 18.47 18.44 18.43 18.45 18.48 18.49 18.51 18.54 18.52 18.47 18.44 18.45 18.50 18.49 18.53 18.55 18.54 18.53 18.54 18.54 18.51 18.54 18.55 18.56 18.55 18.54 18.54 18.54 18.50 18.39 18.49 18.44 18.47 18.38 18.30 18.37 18.08 18.03 17.90 17.21 17.47 17.96 17.11 16.94 17.41 17.26 15.54 16.99 16.79 15.55 16.97 17.44 16.44 16.24 16.65 13.93 15.39 17.39 16.53 17.99
18.51 18.47 18.45 18.43 18.45 18.46 18.46 18.46 18.49 18.48 18.47 18.48 18.50 18.49 18.50 18.49 18.48 18.44 18.41 18.41 18.43 18.45 18.46 18.47 18.52 18.52 18.44 18.36 18.40 18.49 18.47 18.50 18.50 18.50 18.51 18.55 18.52 18.48 18.52 18.51 18.54 18.53 18.52 18.51 18.54 18.49 18.44 18.41 18.43 18.40 18.35 18.34 17.96 17.82 18.08 17.81 17.50 18.01 17.50 17.43 17.12 17.10 16.41 16.09 17.18 16.44 16.57 16.74 16.62 16.49 15.66 15.23 14.27 16.75 17.57 17.28 17.16
18.48 18.47 18.48 18.45 18.45 18.46 18.45 18.46 18.46 18.44 18.45 18.45 18.48 18.46 18.46 18.47 18.46 18.45 18.45 18.43 18.40 18.47 18.47 18.46 18.48 18.45 18.38 18.40 18.41 18.48 18.45 18.44 18.49 18.50 18.49 18.48 18.51 18.53 18.51 18.51 18.52 18.52 18.51 18.45 18.48 18.45 18.43 18.37 18.34 18.29 18.25 18.17 17.93 17.88 17.97 17.53 17.65 17.74 17.29 17.18 17.50 17.19 16.81 16.32 17.05 16.78 16.45 17.07 16.12 15.14 14.87 14.85 14.95 16.22 17.24 16.78 16.47
18.50 18.46 18.40 18.45 18.41 18.41 18.44 18.42 18.44 18.44 18.44 18.43 18.45 18.45 18.45 18.45 18.44 18.42 18.42 18.42 18.41 18.43 18.46 18.46 18.45 18.43 18.41 18.41 18.40 18.43 18.42 18.41 18.44 18.48 18.49 18.49 18.48 18.47 18.46 18.45 18.49 18.48 18.51 18.45 18.45 18.40 18.39 18.31 18.25 18.23 18.19 17.93 18.18 18.06 17.74 17.92 17.58 17.74 17.86 17.36 17.22 17.14 16.48 17.54 16.98 16.79 16.53 16.45 16.21 14.84 15.97 15.39 16.01 16.32 15.58 15.23 16.23
18.49 18.46 18.39 18.39 18.38 18.40 18.39 18.41 18.40 18.38 18.41 18.42 18.42 18.43 18.42 18.42 18.42 18.42 18.41 18.40 18.41 18.41 18.41 18.44 18.43 18.41 18.41 18.42 18.43 18.41 18.45 18.38 18.40 18.46 18.46 18.46 18.43 18.44 18.44 18.43 18.44 18.46 18.46 18.41 18.45 18.39 18.40 18.30 18.30 18.19 17.92 17.80 17.30 17.46 17.64 17.19 17.65 17.71 16.93 17.70 17.29 16.59 17.25 17.37 17.03 16.07 16.56 16.87 15.56 15.26 15.81 15.51 15.55 16.96 16.26 15.02 15.77
18.42 18.41 18.36 18.38 18.38 18.36 18.36 18.38 18.41 18.40 18.37 18.40 18.41 18.41 18.40 18.41 18.41 18.40 18.40 18.39 18.40 18.40 18.40 18.40 18.41 18.41 18.40 18.41 18.40 18.38 18.37 18.41 18.44 18.45 18.44 18.38 18.37 18.38 18.43 18.44 18.44 18.46 18.49 18.46 18.45 18.44 18.47 18.28 18.08 17.98 17.86 18.01 18.06 17.82 17.58 17.54 17.39 17.43 17.13 17.41 17.61 16.75 16.48 17.51 16.68 16.50 16.99 16.45 15.49 15.76 16.09 15.60 16.19 16.17 16.34 15.58 15.41
18.38 18.35 18.36 18.36 18.37 18.33 18.35 18.32 18.36 18.36 18.33 18.36 18.38 18.40 18.40 18.38 18.40 18.37 18.36 18.37 18.37 18.38 18.38 18.38 18.38 18.39 18.34 18.36 18.40 18.37 18.35 18.33 18.38 18.39 18.35 18.33 18.39 18.39 18.39 18.39 18.38 18.39 18.42 18.43 18.40 18.45 18.41 18.24 18.30 18.12 17.99 17.80 17.47 16.99 17.53 17.14 16.71 17.28 17.12 16.96 17.39 17.63 17.17 17.55 17.01 16.19 16.71 16.14 15.92 16.13 16.30 14.91 15.35 16.37 16.20 16.31 16.51
18.41 18.37 18.39 18.37 18.37 18.32 18.30 18.31 18.38 18.35 18.33 18.36 18.37 18.37 18.38 18.36 18.38 18.35 18.36 18.37 18.37 18.36 18.35 18.34 18.38 18.36 18.31 18.33 18.38 18.38 18.36 18.37 18.36 18.35 18.35 18.38 18.38 18.39 18.39 18.40 18.35 18.38 18.42 18.40 18.37 18.32 18.32 18.34 18.23 17.93 17.78 17.64 17.81 17.76 17.64 16.91 17.05 17.03 16.95 17.36 17.47 16.99 16.96 17.39 17.02 17.11 16.92 16.33 15.27 16.18 16.09 15.70 15.32 15.95 15.64 16.12 15.60
18.37 18.38 18.38 18.39 18.35 18.31 18.29 18.31 18.29 18.31 18.33 18.33 18.35 18.34 18.32 18.32 18.33 18.34 18.34 18.36 18.35 18.33 18.35 18.36 18.34 18.32 18.32 18.35 18.36 18.36 18.35 18.35 18.34 18.34 18.32 18.35 18.35 18.34 18.37 18.36 18.33 18.33 18.36 18.38 18.37 18.39 18.35 18.21 18.25 18.07 17.68 17.71 17.53 16.75 16.99 16.87 17.05 16.78 17.29 17.20 17.15 17.32 17.36 17.44 17.26 17.38 16.99 16.26 15.31 16.07 15.97 16.08 15.45 16.02 15.94 15.99 15.53
18.37 18.35 18.31 18.27 18.27 18.30 18.32 18.30 18.30 18.30 18.26 18.30 18.32 18.32 18.33 18.32 18.34 18.35 18.33 18.34 18.35 18.32 18.34 18.35 18.32 18.31 18.34 18.34 18.35 18.34 18.32 18.35 18.33 18.36 18.34 18.33 18.33 18.35 18.35 18.33 18.28 18.27 18.27 18.31 18.35 18.34 18.33 18.30 18.23 17.89 18.04 17.74 17.16 17.60 17.29 17.10 16.62 16.70 16.73 17.05 16.86 16.65 17.30 16.76 16.87 17.35 17.05 16.28 16.11 16.11 15.79 15.67 15.53 15.20 15.40 15.38 15.06
18.32 18.27 18.27 18.29 18.27 18.28 18.26 18.31 18.29 18.28 18.31 18.29 18.28 18.28 18.29 18.32 18.31 18.29 18.31 18.31 18.32 18.31 18.33 18.31 18.31 18.30 18.32 18.32 18.33 18.32 18.31 18.30 18.31 18.31 18.28 18.29 18.31 18.32 18.32 18.28 18.24 18.24 18.22 18.30 18.31 18.31 18.26 18.15 18.15 17.84 17.71 17.79 17.65 17.55 16.66 16.98 16.93 16.52 16.71 15.99 16.91 17.16 16.95 16.98 16.40 16.76 16.44 16.28 16.15 15.83 15.91 15.28 15.18 15.43 15.10 15.08 15.22
18.35 18.28 18.28 18.28 18.27 18.33 18.25 18.28 18.30 18.29 18.28 18.29 18.29 18.32 18.31 18.30 18.35 18.31 18.31 18.31 18.31 18.30 18.32 18.31 18.31 18.30 18.30 18.30 18.31 18.30 18.28 18.29 18.29 18.25 18.25 18.29 18.31 18.31 18.30 18.28 18.28 18.27 18.23 18.25 18.25 18.19 18.19 18.18 18.12 17.73 17.71 17.42 17.11 17.07 17.36 17.57 16.83 16.83 16.52 16.59 15.66 16.19 16.60 16.34 16.43 16.50 16.21 15.70 16.05 15.84 15.60 15.46 14.72 15.32 15.75 15.27 15.58
18.23 18.21 18.25 18.30 18.32 18.34 18.23 18.24 18.25 18.24 18.25 18.25 18.27 18.30 18.33 18.31 18.31 18.31 18.29 18.29 18.30 18.29 18.27 18.30 18.29 18.29 18.28 18.27 18.26 18.26 18.26 18.27 18.27 18.26 18.22 18.28 18.27 18.25 18.27 18.26 18.26 18.25 18.20 18.24 18.20 18.15 18.20 18.14 17.93 17.88 17.77 17.34 17.22 17.18 17.38 17.28 17.22 17.06 16.84 16.68 16.14 15.73 16.35 16.28 15.94 15.78 15.67 15.78 15.81 15.52 15.63 15.50 15.37 15.36 15.68 14.99 14.69
18.18 18.16 18.24 18.29 18.31 18.27 18.22 18.20 18.23 18.20 18.26 18.27 18.28 18.29 18.30 18.32 18.28 18.31 18.29 18.29 18.28 18.27 18.26 18.27 18.26 18.27 18.27 18.25 18.24 18.22 18.20 18.17 18.25 18.22 18.20 18.24 18.25 18.23 18.24 18.24 18.21 18.23 18.19 18.25 18.23 18.23 18.21 18.15 18.12 17.91 17.57 17.53 17.19 17.03 17.17 17.02 17.45 17.01 16.39 16.76 16.72 16.41 16.12 15.58 15.43 15.72 15.18 15.43 15.69 15.21 15.74 15.59 15.64 15.22 15.29 15.42 15.25
18.13 18.24 18.23 18.27 18.26 18.19 18.18 18.17 18.18 18.17 18.18 18.23 18.24 18.28 18.26 18.30 18.30 18.30 18.28 18.26 18.27 18.27 18.26 18.27 18.23 18.21 18.23 18.22 18.21 18.18 18.15 18.06 18.16 18.13 18.11 18.17 18.19 18.21 18.22 18.19 18.14 18.14 18.07 18.17 18.19 18.20 18.21 18.19 18.15 18.08 18.11 17.70 17.83 17.55 17.57 16.96 16.94 17.06 17.11 16.80 16.77 16.02 15.13 15.78 15.41 15.19 15.16 14.94 15.79 15.62 15.64 15.33 15.57 15.55 15.33 16.06 15.97
18.17 18.21 18.23 18.19 18.14 18.16 18.18 18.20 18.14 18.13 18.16 18.19 18.20 18.20 18.22 18.26 18.29 18.31 18.28 18.31 18.27 18.26 18.25 18.25 18.24 18.23 18.22 18.21 18.19 18.13 18.15 18.10 18.08 18.13 18.16 18.18 18.18 18.20 18.21 18.19 18.20 18.16 18.13 18.05 18.14 18.23 18.07 18.00 18.02 17.76 17.95 17.93 18.02 17.62 17.81 17.62 17.32 17.19 16.93 16.91 16.75 16.22 15.85 14.99 14.65 15.17 14.82 15.50 15.41 14.74 15.16 15.14 15.00 15.25 15.03 15.31 16.04
18.14 18.18 18.16 18.14 18.02 18.06 18.13 18.12 18.06 18.06 18.15 18.15 18.19 18.18 18.21 18.27 18.29 18.29 18.29 18.28 18.26 18.24 18.24 18.24 18.24 18.21 18.20 18.27 18.26 18.20 18.14 18.12 18.15 18.18 18.11 18.13 18.11 18.16 18.18 18.18 18.17 18.16 18.16 18.04 18.06 17.92 18.09 17.90 18.00 18.02 17.99 17.90 17.86 17.61 17.71 17.50 17.43 17.23 17.10 17.03 16.43 16.46 15.76 15.21 14.85 15.26 15.33 15.02 15.79 15.16 14.64 14.89 14.89 15.11 15.14 15.34 15.79
