Files/BOM data/2019071320190713.grid
ncols 839
nrows 679
xllcenter 112.0500
yllcenter -43.9500
cellsize 0.0500
nodata_value 99999.90
[rows 340 to 373 of 679, columns 308 to 384 of 839]
14.38 14.44 14.49 14.52 14.45 14.44 14.44 14.49 14.52 14.54 14.57 14.55 14.59 14.64 14.72 14.68 14.67 14.66 14.66 14.67 14.55 14.58 14.53 14.42 14.42 14.38 14.34 14.39 14.33 14.40 14.38 14.43 14.34 14.31 14.08 14.07 14.06 14.04 13.98 14.02 13.98 14.11 14.22 14.29 14.26 14.24 14.27 14.29 14.25 14.24 14.32 14.19 14.11 14.06 14.07 14.17 14.18 14.00 13.89 13.79 13.90 13.80 13.91 13.87 13.75 13.78 13.89 13.91 13.85 13.89 13.77 13.85 13.95 13.83 13.91 14.04 14.02
14.32 14.44 14.45 14.51 14.51 14.49 14.51 14.52 14.52 14.52 14.53 14.53 14.54 14.54 14.52 14.50 14.52 14.59 14.62 14.52 14.45 14.47 14.41 14.42 14.28 14.27 14.18 14.15 14.17 14.34 14.29 14.20 14.18 14.15 14.07 13.94 13.82 13.68 13.69 13.67 13.83 13.88 13.93 13.96 14.00 13.99 14.01 14.05 14.06 14.01 14.02 14.11 13.96 13.96 14.08 14.06 14.05 14.15 14.02 13.94 13.97 14.11 13.97 13.88 13.65 13.75 13.73 13.69 13.75 13.70 13.65 13.59 13.44 13.82 13.86 14.03 13.98
14.38 14.42 14.37 14.33 14.38 14.40 14.45 14.47 14.47 14.50 14.50 14.48 14.46 14.44 14.44 14.45 14.45 14.51 14.44 14.45 14.41 14.37 14.33 14.21 14.22 14.15 13.97 14.01 13.89 13.91 14.01 13.96 13.99 13.83 13.91 13.78 13.73 13.55 13.54 13.44 13.53 13.66 13.65 13.56 13.79 13.83 13.81 13.76 13.84 13.81 13.92 13.89 13.82 13.86 13.90 14.02 14.08 14.09 14.21 14.11 14.00 14.05 13.87 13.66 13.65 13.57 13.43 13.74 13.85 13.59 13.57 13.42 13.50 13.40 13.71 13.71 13.95
14.38 14.42 14.42 14.36 14.30 14.32 14.33 14.38 14.40 14.46 14.42 14.41 14.37 14.38 14.28 14.27 14.34 14.31 14.25 14.21 14.19 14.28 14.14 14.01 13.91 14.02 13.95 13.89 13.82 13.62 13.57 13.58 13.70 13.64 13.77 13.63 13.61 13.45 13.35 13.33 13.37 13.50 13.57 13.48 13.48 13.68 13.57 13.60 13.58 13.76 13.78 13.74 13.66 13.86 13.89 13.97 14.07 14.23 14.21 14.13 14.17 14.06 13.86 13.67 13.45 13.49 13.64 13.50 13.41 13.23 13.16 13.21 13.26 13.28 13.28 13.59 13.56
14.32 14.40 14.49 14.44 14.32 14.34 14.32 14.26 14.32 14.41 14.37 14.38 14.35 14.27 14.17 14.12 14.10 14.03 14.03 14.06 14.10 14.10 14.00 13.92 13.93 13.93 13.88 13.87 13.62 13.52 13.49 13.34 13.44 13.38 13.38 13.36 13.31 13.37 13.45 13.39 13.34 13.39 13.31 13.30 13.42 13.40 13.51 13.42 13.50 13.55 13.62 13.67 13.76 13.78 13.92 13.99 13.98 14.03 14.07 14.10 14.06 13.85 13.71 13.65 13.51 13.47 13.40 13.26 13.52 13.23 13.04 13.20 13.05 13.25 13.03 13.19 13.13
14.36 14.47 14.33 14.28 14.28 14.28 14.21 14.23 14.19 14.19 14.23 14.27 14.23 14.23 14.21 14.06 13.91 13.94 13.96 13.98 13.98 14.00 13.84 13.72 13.68 13.61 13.61 13.65 13.50 13.42 13.26 13.25 12.95 13.12 13.17 13.08 13.27 13.33 13.21 13.31 13.30 13.19 13.12 13.13 13.12 13.27 13.27 13.39 13.54 13.70 13.67 13.67 13.81 13.75 13.93 14.17 14.01 14.04 13.95 13.92 13.87 13.79 13.58 13.51 13.51 13.26 13.19 13.12 13.00 13.31 13.22 13.07 13.07 13.03 12.93 12.80 13.00
14.41 14.39 14.32 14.23 14.20 14.17 14.14 14.15 14.11 14.18 14.10 14.16 14.15 14.06 13.97 14.00 13.93 14.04 14.06 13.82 13.69 13.66 13.57 13.52 13.33 13.35 13.29 13.15 13.05 13.10 12.96 13.04 12.90 13.01 13.21 13.15 13.20 13.23 13.30 13.22 13.21 13.17 13.24 13.17 13.13 13.07 13.26 13.25 13.26 13.60 13.63 13.64 13.81 13.83 13.92 14.03 14.06 13.99 13.98 13.92 13.85 13.75 13.71 13.54 13.49 13.19 13.09 12.91 12.67 13.05 12.92 12.96 12.80 12.77 12.62 12.60 12.64
14.36 14.42 14.36 14.28 14.22 14.24 14.20 14.16 14.07 14.01 14.00 14.17 14.11 14.01 13.98 13.97 14.02 13.89 13.80 13.65 13.59 13.42 13.39 13.27 13.27 13.11 13.10 13.05 13.04 13.00 12.90 13.06 12.95 13.11 13.20 13.20 13.28 13.26 13.20 13.28 13.15 13.34 13.34 13.29 13.09 13.17 13.13 13.23 13.27 13.35 13.50 13.55 13.64 13.80 13.82 13.99 14.07 14.15 14.03 13.84 13.69 13.57 13.44 13.15 13.08 13.05 13.05 12.73 12.74 12.54 12.61 12.44 12.50 12.44 12.24 12.38 12.31
14.26 14.26 14.21 14.22 14.25 14.29 14.22 14.19 14.17 14.08 14.09 14.21 14.26 14.24 14.10 13.97 13.74 13.62 13.69 13.74 13.65 13.38 13.44 13.29 13.23 13.22 13.12 13.01 13.10 13.09 13.13 13.11 13.18 13.24 13.14 13.14 13.10 13.12 13.28 13.34 13.31 13.21 13.16 13.27 13.30 13.24 13.13 12.99 13.00 13.39 13.27 13.35 13.44 13.57 13.71 13.91 13.90 13.99 13.73 13.69 13.45 13.21 12.98 13.01 12.76 12.47 12.56 12.50 12.43 12.27 12.24 12.41 12.44 12.16 12.08 12.07 12.20
14.22 14.24 14.15 14.23 14.22 14.15 14.18 14.16 14.20 14.07 14.17 14.23 14.19 14.05 13.94 13.99 13.83 13.80 13.89 13.74 13.68 13.47 13.61 13.31 13.23 13.14 13.19 13.14 13.11 13.12 13.11 13.11 13.05 13.20 13.10 13.21 13.01 13.10 13.42 13.16 13.21 13.18 13.19 12.93 12.90 13.07 13.03 13.15 13.22 13.21 13.45 13.20 13.57 13.63 13.52 13.51 13.48 13.58 13.55 13.58 13.51 13.05 12.84 12.76 12.70 12.36 12.40 12.28 12.20 12.08 11.84 12.14 12.15 12.27 12.03 12.13 12.00
14.33 14.26 14.21 14.14 14.13 14.06 14.11 14.17 14.08 14.01 13.95 13.83 13.88 13.89 13.70 13.87 13.76 13.85 13.78 13.80 13.54 13.68 13.63 13.45 13.19 13.22 13.25 13.27 13.12 13.00 13.02 12.99 13.11 13.16 13.09 13.10 13.20 13.17 13.27 13.14 13.05 13.03 13.01 12.96 12.91 12.93 12.95 12.97 12.86 13.02 13.01 13.24 13.27 13.29 13.60 13.50 13.23 13.28 13.35 13.44 13.26 12.95 12.65 12.71 12.80 12.61 12.27 12.28 12.65 12.50 12.17 11.86 11.98 11.92 11.78 11.89 11.87
14.37 14.32 14.24 14.14 14.13 14.05 14.09 14.01 14.02 13.84 13.74 13.76 13.75 13.83 13.84 13.74 13.67 13.64 13.68 13.63 13.51 13.51 13.52 13.36 13.22 13.22 13.10 13.13 13.06 13.07 12.96 12.99 12.90 13.05 13.05 13.14 13.17 13.05 12.92 12.88 12.82 12.70 12.62 13.05 12.99 13.19 13.03 13.04 13.03 12.82 13.02 12.91 13.11 13.11 13.21 13.16 13.24 13.23 13.25 12.92 12.96 12.73 12.67 12.61 12.50 12.22 12.15 12.23 12.35 12.19 12.27 12.00 11.93 11.82 11.98 12.02 12.07
14.18 14.22 14.23 14.17 14.17 14.00 13.96 13.96 13.97 13.97 13.86 13.67 13.67 13.69 13.55 13.64 13.63 13.65 13.58 13.62 13.54 13.46 13.33 13.18 13.05 13.17 13.06 13.20 13.04 12.95 12.86 12.92 13.01 13.10 13.09 12.97 12.87 12.84 12.92 12.95 12.96 12.80 12.91 13.26 13.19 13.04 13.20 13.17 13.18 13.15 13.00 13.05 12.98 13.23 13.08 13.02 13.03 12.55 12.38 12.48 12.60 12.55 12.78 12.80 12.30 12.55 12.44 12.34 12.32 12.41 12.34 12.18 11.81 11.95 12.11 12.35 12.27
14.12 14.13 14.16 14.21 14.11 14.04 13.98 14.00 13.97 13.98 13.86 13.61 13.51 13.48 13.56 13.55 13.50 13.46 13.45 13.31 13.27 13.23 13.14 13.07 12.94 12.93 12.91 12.90 12.89 12.93 12.94 13.01 12.96 12.97 12.94 12.90 12.72 12.80 12.91 12.94 12.95 13.03 12.77 12.98 13.09 13.19 13.00 13.25 13.14 13.12 13.07 13.01 13.42 13.34 13.18 12.76 12.62 12.46 12.27 12.15 12.09 12.23 12.35 12.44 12.21 12.67 12.65 12.63 12.36 12.37 12.43 12.42 11.98 11.63 12.02 12.31 12.03
14.11 14.06 14.02 13.94 14.09 14.14 14.06 14.02 13.94 13.91 13.76 13.68 13.51 13.58 13.55 13.60 13.56 13.54 13.48 13.27 13.24 13.10 13.14 13.12 12.85 12.71 12.83 12.99 12.94 12.90 12.95 12.93 12.78 12.78 12.86 12.82 12.82 12.75 12.71 12.90 12.89 12.69 12.76 12.86 12.84 12.88 13.01 13.05 13.35 13.28 13.13 13.09 12.87 12.94 12.84 12.87 12.54 12.24 12.48 12.27 12.35 12.29 12.29 12.22 12.17 12.45 12.42 12.32 12.09 12.23 12.25 12.20 12.04 12.09 12.03 12.02 12.05
13.99 13.92 13.92 13.98 14.06 14.05 13.98 14.05 14.03 13.84 13.68 13.62 13.59 13.49 13.53 13.56 13.55 13.55 13.58 13.57 13.34 13.31 13.18 12.91 12.76 12.64 12.79 12.91 12.88 12.86 12.79 12.83 12.85 12.97 13.15 12.95 12.89 12.79 12.82 12.68 12.74 12.78 12.80 13.03 13.11 13.02 12.98 13.15 13.26 13.49 13.48 13.22 13.01 12.90 12.69 12.69 12.56 12.41 12.34 11.95 11.69 11.84 12.34 12.09 12.03 12.32 12.24 12.02 12.22 12.22 12.02 11.87 12.01 11.84 11.73 11.51 11.83
13.88 13.88 14.04 13.96 14.01 14.03 13.97 13.94 13.80 13.76 13.63 13.70 13.68 13.67 13.74 13.74 13.69 13.71 13.54 13.54 13.41 13.15 12.88 12.76 12.56 12.53 12.67 12.63 12.68 12.61 12.58 12.67 12.83 12.91 12.78 12.79 12.87 12.72 12.85 12.74 12.81 12.96 13.06 12.90 13.07 12.96 12.88 13.14 12.91 12.82 12.69 12.70 12.71 12.83 12.71 12.87 12.86 12.30 12.03 12.13 12.16 12.39 11.96 11.90 12.10 12.27 12.08 12.02 12.30 12.14 12.09 11.80 11.84 11.77 11.49 11.36 11.25
13.87 13.88 13.90 13.93 13.97 13.86 13.74 13.68 13.75 13.73 13.68 13.78 13.82 13.85 13.77 13.77 13.75 13.71 13.48 13.38 13.12 13.06 12.90 12.80 12.58 12.55 12.50 12.50 12.49 12.43 12.49 12.48 12.52 12.54 12.71 12.69 12.79 12.68 12.84 12.92 12.90 12.87 12.91 13.03 12.82 12.63 12.85 12.79 12.77 12.64 12.63 12.93 12.91 12.78 12.76 12.92 12.78 12.67 12.24 12.05 12.11 12.40 11.89 12.08 12.35 12.19 12.20 12.25 12.27 12.14 11.87 11.80 11.72 11.78 11.55 11.86 11.39
13.91 14.00 13.98 13.96 13.90 13.94 13.91 13.96 14.01 14.03 14.03 13.97 13.92 13.92 13.90 13.84 13.77 13.46 13.33 13.30 13.17 13.10 12.99 12.73 12.48 12.45 12.39 12.54 12.41 12.22 12.28 12.31 12.32 12.41 12.56 12.64 12.66 12.82 12.68 12.71 12.78 12.75 12.88 12.91 12.91 12.86 12.90 12.74 12.76 12.81 12.71 12.94 13.05 13.00 12.76 12.61 12.57 12.56 12.46 12.25 12.07 11.91 11.61 11.79 12.30 12.38 12.13 12.24 12.14 11.98 11.92 11.81 11.65 11.60 11.12 11.54 11.53
13.93 14.10 14.03 14.03 13.96 14.03 14.12 14.14 14.04 14.12 14.00 14.04 13.90 13.93 13.88 13.75 13.71 13.49 13.51 13.36 13.15 12.90 12.75 12.55 12.48 12.42 12.37 12.33 12.32 12.20 12.21 12.26 12.53 12.51 12.60 12.69 12.73 12.74 12.82 12.85 12.78 12.86 12.95 12.84 12.98 13.21 13.25 13.26 12.92 12.60 12.55 12.70 12.55 12.76 12.62 12.70 12.64 12.65 12.54 12.33 12.04 11.89 11.91 11.84 11.76 11.98 12.06 12.06 11.91 11.77 12.04 11.87 11.46 11.33 11.49 11.21 11.40
13.60 13.88 13.93 13.90 13.91 13.91 14.06 14.09 14.07 14.11 14.02 14.02 13.95 13.80 13.69 13.65 13.64 13.61 13.50 13.22 13.02 12.79 12.57 12.49 12.49 12.52 12.49 12.25 12.18 12.04 12.02 12.17 12.31 12.25 12.46 12.52 12.68 12.70 12.88 12.74 12.76 12.86 12.99 13.15 13.18 13.16 13.23 13.33 12.89 12.38 12.51 12.46 12.35 12.24 12.72 12.43 12.21 12.13 12.47 12.56 12.36 12.20 12.28 12.01 11.85 11.72 11.80 12.08 11.86 11.90 12.16 11.86 11.58 11.50 11.49 11.09 11.49
13.64 13.86 13.84 13.76 13.84 13.96 13.93 14.04 14.06 14.08 13.99 14.01 13.82 13.88 13.85 13.75 13.61 13.48 13.29 13.07 13.00 12.76 12.77 12.69 12.52 12.38 12.25 12.07 12.05 12.01 12.02 11.92 12.10 12.11 12.56 12.45 12.38 12.36 12.31 12.26 12.31 12.63 12.57 12.73 12.67 12.43 12.75 12.77 12.65 12.38 12.25 11.88 12.02 12.28 12.36 12.23 12.00 11.76 11.99 12.34 12.21 12.33 12.30 11.87 11.69 11.84 11.82 11.66 11.70 11.61 11.60 11.52 11.40 10.98 11.15 10.94 11.02
13.87 13.80 13.75 13.78 13.88 13.85 13.88 13.96 14.07 13.97 13.90 13.90 13.76 13.78 13.68 13.50 13.31 13.10 13.00 12.87 12.81 12.71 12.67 12.50 12.53 12.59 12.46 12.24 12.26 12.23 12.26 12.20 12.15 12.22 12.12 12.02 12.19 12.10 12.10 12.06 12.16 12.27 12.25 12.28 12.16 12.08 11.78 11.58 12.27 12.53 12.35 11.99 11.83 12.08 12.10 12.05 11.99 12.17 12.31 12.27 12.23 11.94 12.03 11.93 11.57 11.74 11.55 11.62 11.55 11.59 11.53 11.10 11.12 10.76 10.75 10.85 10.60
13.85 13.76 13.71 13.70 13.77 13.86 13.99 13.97 13.97 13.89 13.77 13.75 13.68 13.55 13.50 13.31 13.05 12.90 13.01 12.86 12.78 12.69 12.54 12.42 12.66 12.64 12.28 12.30 12.17 12.42 12.42 12.21 12.07 11.93 11.83 11.93 12.02 12.05 12.17 12.14 12.20 12.12 11.71 11.68 11.62 11.54 11.51 11.58 11.69 12.38 12.44 12.16 11.78 11.83 11.52 11.59 11.71 11.88 11.86 11.57 11.71 11.81 11.89 11.56 11.64 11.50 11.43 11.47 11.49 11.54 11.69 11.25 10.75 10.80 10.45 10.70 10.82
13.84 13.70 13.70 13.76 13.70 13.73 13.82 13.74 13.77 13.72 13.66 13.56 13.35 13.28 13.21 13.10 12.97 13.02 13.11 13.07 12.95 12.70 12.71 12.66 12.78 12.44 12.31 12.35 12.36 12.40 12.52 12.48 12.15 12.14 12.20 12.33 12.36 12.29 12.01 11.98 12.01 11.92 11.72 11.65 11.52 11.34 11.11 11.28 11.31 11.83 11.86 12.07 11.66 11.70 11.54 11.47 11.79 11.80 11.56 11.48 11.64 11.61 11.62 11.33 11.46 11.35 11.19 11.17 11.06 11.34 11.38 11.27 11.11 11.32 11.65 11.34 10.99
13.69 13.63 13.52 13.52 13.36 13.42 13.45 13.50 13.61 13.54 13.46 13.21 13.06 12.94 12.92 12.99 12.89 12.90 12.92 12.88 12.89 12.79 12.73 12.55 12.47 12.23 12.15 12.17 12.43 12.58 12.64 12.30 12.27 12.18 12.30 12.43 12.37 12.17 12.02 12.06 11.84 11.89 11.91 11.84 11.58 11.35 11.34 11.08 11.05 11.02 11.48 11.47 11.85 11.52 11.52 11.88 11.76 11.48 11.41 11.45 11.18 11.22 11.11 10.99 11.13 11.02 10.90 10.94 10.68 11.07 11.33 11.35 11.21 10.96 11.28 11.54 11.12
13.68 13.63 13.50 13.27 13.26 13.42 13.38 13.26 13.28 13.26 13.29 13.13 12.95 12.73 12.59 12.68 12.72 12.77 12.76 12.65 12.60 12.64 12.45 12.41 12.19 12.30 12.32 12.39 12.41 12.49 12.46 12.53 12.33 12.38 12.27 12.36 12.35 12.48 12.48 12.22 11.93 11.75 11.95 11.96 11.60 11.48 11.26 11.42 11.09 10.99 11.03 11.00 11.23 11.39 11.36 11.36 11.27 11.30 11.17 11.14 11.11 10.96 10.87 11.00 11.08 10.80 10.69 11.02 10.77 10.86 11.09 11.43 11.24 11.10 11.05 11.06 11.25
13.40 13.34 13.35 13.26 13.21 13.09 13.09 13.08 13.05 13.05 13.03 12.94 12.93 12.84 12.72 12.59 12.31 12.58 12.73 12.77 12.51 12.50 12.49 12.53 12.51 12.59 12.27 12.42 12.28 12.12 12.20 12.39 12.49 12.48 12.46 12.53 12.48 12.19 12.14 12.17 12.06 11.78 11.76 11.57 11.48 11.27 11.03 11.17 11.19 11.15 11.23 11.00 10.80 11.20 11.55 11.51 11.18 11.18 11.06 10.93 10.75 10.74 10.73 11.00 10.80 10.92 10.76 10.81 10.86 10.58 10.65 11.02 10.99 10.96 10.98 10.90 10.78
13.28 13.17 13.11 13.10 13.06 12.85 12.85 12.83 12.82 12.78 12.81 12.82 12.71 12.79 12.67 12.42 12.14 12.21 12.45 12.57 12.31 12.68 12.60 12.39 12.43 12.21 12.22 12.13 12.17 12.17 12.32 12.56 12.44 12.31 12.42 12.57 12.48 12.18 12.15 12.26 11.99 11.74 11.69 11.23 11.00 11.50 11.02 10.77 11.14 11.58 11.29 11.18 10.89 10.98 11.32 11.28 11.09 11.08 10.89 10.69 10.34 10.52 10.95 10.81 10.83 10.99 10.88 10.68 10.71 10.63 10.75 11.08 11.24 11.30 11.05 10.95 10.92
13.17 13.12 13.09 12.97 12.84 12.75 12.82 12.56 12.54 12.52 12.42 12.68 12.81 12.70 12.56 12.52 12.39 12.26 12.01 11.91 12.14 12.32 12.27 12.41 12.51 12.03 12.08 12.16 12.08 12.04 12.36 12.24 12.34 12.29 12.19 12.28 12.22 12.38 12.18 12.04 11.63 11.66 11.81 11.61 11.04 10.97 11.09 11.21 10.89 11.10 10.98 11.19 11.04 11.07 11.22 10.89 10.98 11.01 10.89 10.80 10.54 10.63 10.55 10.49 10.74 10.78 10.83 11.13 10.94 11.05 11.27 11.20 11.48 11.43 11.60 11.28 11.06
12.82 12.89 12.93 12.87 12.69 12.64 12.51 12.32 12.41 12.26 12.13 12.31 12.65 12.56 12.48 12.40 12.41 12.29 12.18 12.20 12.24 12.50 12.67 12.53 12.34 12.22 12.18 12.17 12.30 12.35 12.20 12.16 12.33 12.10 12.12 12.41 12.28 11.98 11.82 11.42 11.35 11.58 11.67 11.60 11.13 11.05 11.00 11.07 11.15 10.92 10.87 10.96 11.06 11.08 10.94 11.03 10.97 10.92 10.67 10.60 10.53 10.61 10.52 10.54 10.89 10.96 11.09 11.38 11.10 10.89 10.87 10.67 11.02 11.01 11.24 11.05 11.10
12.69 12.78 12.79 12.66 12.54 12.48 12.31 12.26 12.16 11.95 11.97 12.22 12.31 12.23 12.22 12.50 12.46 12.36 12.44 12.36 12.25 12.47 12.24 12.56 12.48 12.27 12.31 12.44 12.47 12.34 12.04 12.15 12.18 11.93 12.04 12.23 12.11 11.91 11.67 11.44 11.37 11.53 11.64 11.93 11.47 11.62 11.55 11.17 11.34 11.38 11.07 11.04 11.13 11.03 11.11 11.14 10.92 10.95 10.76 10.72 10.70 10.63 10.76 11.06 11.02 11.17 11.24 11.14 10.99 10.80 10.58 10.51 10.64 10.77 11.13 11.22 11.07
12.56 12.63 12.49 12.47 12.31 12.29 12.19 12.17 11.97 11.83 11.85 12.25 12.09 12.02 12.21 12.35 12.18 12.05 12.32 12.26 12.10 12.27 12.10 12.08 12.42 12.38 12.32 12.30 12.47 12.10 12.06 12.10 12.12 11.93 11.92 11.94 11.90 11.95 11.78 11.46 11.37 11.30 11.43 11.31 11.55 11.50 11.52 11.29 11.47 11.24 11.30 11.18 11.25 11.30 11.37 11.17 10.99 11.17 11.15 10.90 10.72 10.81 11.17 11.20 11.04 11.10 11.19 11.16 11.12 10.97 10.52 10.27 10.20 10.64 10.73 11.04 11.11
12.33 12.32 12.31 12.22 12.15 12.04 11.94 11.82 11.87 11.82 12.02 12.14 12.03 11.85 11.89 12.05 12.06 11.92 11.95 12.18 12.09 11.84 11.98 11.98 12.02 12.33 12.42 12.52 12.50 12.13 12.00 12.12 12.01 11.88 11.88 12.02 11.87 11.93 11.93 11.69 11.35 11.27 11.16 11.17 11.26 11.37 11.32 11.23 11.41 11.31 11.24 11.14 11.29 11.31 11.25 10.99 11.05 11.12 10.89 10.70 10.62 10.75 11.04 10.89 10.99 11.06 10.91 10.97 10.54 10.45 10.55 10.25 10.19 10.43 10.87 11.17 11.17
