Files/BOM data/2019071520190715.grid
ncols 839
nrows 679
xllcenter 112.0500
yllcenter -43.9500
cellsize 0.0500
nodata_value 99999.90
[rows 204 to 237 of 679, columns 616 to 692 of 839]
17.66 17.66 17.66 17.65 17.63 17.65 17.66 17.64 17.68 17.72 17.74 17.73 17.74 17.79 17.86 17.85 17.84 17.83 17.79 17.79 17.78 17.79 17.77 17.76 17.77 17.78 17.75 17.75 17.80 17.79 17.78 17.73 17.75 17.77 17.75 17.71 17.70 17.71 17.73 17.74 17.75 17.74 17.76 17.77 17.78 17.78 17.79 17.78 17.77 17.75 17.75 17.75 17.74 17.77 17.79 17.78 17.77 17.76 17.75 17.76 17.77 17.80 17.78 17.79 17.78 17.78 17.76 17.73 17.75 17.77 17.78 17.78 17.77 17.73 17.71 17.70 17.70
17.62 17.60 17.59 17.61 17.61 17.57 17.61 17.61 17.64 17.68 17.67 17.73 17.73 17.77 17.80 17.80 17.80 17.82 17.76 17.76 17.79 17.79 17.78 17.79 17.79 17.79 17.80 17.78 17.78 17.77 17.75 17.74 17.73 17.73 17.71 17.70 17.69 17.68 17.69 17.73 17.73 17.71 17.72 17.74 17.76 17.75 17.75 17.76 17.74 17.72 17.71 17.73 17.75 17.75 17.76 17.77 17.76 17.75 17.75 17.76 17.78 17.78 17.77 17.74 17.76 17.77 17.77 17.74 17.73 17.74 17.75 17.76 17.73 17.73 17.70 17.68 17.67
17.60 17.54 17.68 17.66 17.65 17.67 17.66 17.65 17.72 17.82 17.74 17.74 17.81 17.82 17.77 17.77 17.79 17.79 17.80 17.77 17.77 17.79 17.76 17.78 17.77 17.77 17.78 17.78 17.76 17.75 17.73 17.71 17.73 17.69 17.69 17.66 17.68 17.66 17.68 17.71 17.71 17.68 17.70 17.71 17.72 17.72 17.71 17.70 17.70 17.70 17.70 17.71 17.72 17.72 17.73 17.74 17.74 17.73 17.73 17.73 17.74 17.73 17.73 17.71 17.72 17.73 17.72 17.72 17.70 17.70 17.72 17.71 17.70 17.69 17.69 17.70 17.67
17.58 17.51 17.66 17.76 17.75 17.74 17.70 17.74 17.76 17.78 17.64 17.72 17.78 17.76 17.76 17.79 17.75 17.79 17.78 17.74 17.74 17.74 17.73 17.73 17.74 17.71 17.71 17.72 17.73 17.72 17.72 17.71 17.70 17.68 17.68 17.65 17.68 17.70 17.69 17.71 17.70 17.67 17.67 17.68 17.69 17.69 17.69 17.69 17.69 17.70 17.71 17.71 17.71 17.72 17.72 17.72 17.72 17.72 17.71 17.71 17.71 17.72 17.72 17.70 17.72 17.71 17.71 17.71 17.70 17.69 17.69 17.68 17.67 17.67 17.68 17.69 17.67
17.65 17.51 17.61 17.71 17.73 17.69 17.63 17.67 17.67 17.69 17.64 17.78 17.79 17.74 17.80 17.78 17.75 17.78 17.77 17.76 17.72 17.72 17.71 17.71 17.71 17.70 17.71 17.72 17.71 17.70 17.72 17.70 17.69 17.68 17.66 17.64 17.67 17.67 17.67 17.68 17.67 17.68 17.68 17.66 17.66 17.66 17.67 17.68 17.68 17.69 17.69 17.69 17.69 17.68 17.68 17.68 17.69 17.70 17.70 17.69 17.69 17.69 17.69 17.70 17.71 17.69 17.68 17.68 17.70 17.68 17.66 17.65 17.64 17.66 17.66 17.67 17.67
17.57 17.49 17.57 17.59 17.59 17.54 17.54 17.56 17.60 17.56 17.71 17.81 17.77 17.79 17.77 17.68 17.75 17.73 17.73 17.72 17.66 17.67 17.68 17.69 17.68 17.67 17.70 17.71 17.70 17.71 17.70 17.69 17.68 17.67 17.64 17.64 17.67 17.64 17.62 17.62 17.62 17.65 17.65 17.65 17.64 17.64 17.63 17.64 17.65 17.66 17.66 17.67 17.67 17.66 17.66 17.67 17.67 17.67 17.68 17.67 17.67 17.67 17.67 17.67 17.67 17.66 17.66 17.67 17.69 17.67 17.65 17.65 17.65 17.66 17.65 17.65 17.65
17.58 17.48 17.49 17.53 17.54 17.58 17.60 17.60 17.57 17.56 17.69 17.74 17.75 17.73 17.73 17.74 17.73 17.71 17.70 17.71 17.66 17.65 17.67 17.67 17.66 17.67 17.69 17.69 17.68 17.71 17.68 17.67 17.64 17.66 17.65 17.64 17.65 17.63 17.63 17.63 17.61 17.62 17.63 17.64 17.62 17.62 17.61 17.60 17.62 17.63 17.63 17.65 17.64 17.63 17.65 17.64 17.64 17.65 17.65 17.65 17.66 17.64 17.63 17.63 17.64 17.63 17.64 17.65 17.66 17.64 17.63 17.64 17.63 17.63 17.62 17.63 17.64
17.58 17.59 17.48 17.36 17.52 17.55 17.50 17.52 17.55 17.58 17.65 17.62 17.64 17.62 17.70 17.71 17.65 17.65 17.65 17.62 17.64 17.61 17.64 17.65 17.66 17.65 17.66 17.64 17.65 17.67 17.65 17.66 17.66 17.65 17.64 17.63 17.62 17.62 17.61 17.59 17.59 17.59 17.62 17.61 17.59 17.59 17.58 17.59 17.59 17.62 17.62 17.62 17.63 17.63 17.63 17.63 17.63 17.62 17.63 17.63 17.63 17.64 17.62 17.62 17.63 17.62 17.62 17.64 17.64 17.64 17.63 17.64 17.63 17.61 17.61 17.61 17.59
17.51 17.47 17.42 17.43 17.49 17.56 17.50 17.50 17.59 17.58 17.58 17.56 17.60 17.65 17.62 17.66 17.57 17.52 17.52 17.62 17.59 17.62 17.62 17.65 17.64 17.65 17.65 17.62 17.61 17.62 17.63 17.63 17.65 17.64 17.63 17.63 17.65 17.62 17.62 17.61 17.58 17.55 17.59 17.60 17.60 17.58 17.57 17.60 17.61 17.60 17.59 17.59 17.60 17.59 17.59 17.60 17.60 17.60 17.60 17.60 17.60 17.60 17.60 17.60 17.61 17.60 17.61 17.61 17.61 17.61 17.62 17.61 17.62 17.60 17.58 17.60 17.60
17.43 17.44 17.45 17.49 17.50 17.47 17.49 17.56 17.51 17.55 17.61 17.54 17.58 17.67 17.64 17.51 17.41 17.44 17.47 17.64 17.67 17.64 17.58 17.60 17.61 17.60 17.60 17.60 17.55 17.55 17.58 17.62 17.63 17.60 17.62 17.64 17.60 17.59 17.59 17.59 17.60 17.56 17.55 17.58 17.57 17.55 17.56 17.56 17.59 17.59 17.57 17.58 17.59 17.56 17.57 17.58 17.57 17.58 17.57 17.57 17.57 17.57 17.58 17.58 17.58 17.58 17.59 17.58 17.58 17.59 17.62 17.61 17.61 17.58 17.57 17.57 17.57
17.49 17.48 17.46 17.51 17.53 17.53 17.46 17.47 17.46 17.50 17.53 17.51 17.61 17.66 17.55 17.46 17.52 17.53 17.63 17.66 17.66 17.64 17.64 17.60 17.59 17.58 17.59 17.60 17.58 17.55 17.56 17.60 17.60 17.60 17.61 17.60 17.59 17.57 17.58 17.57 17.57 17.55 17.54 17.55 17.57 17.53 17.55 17.54 17.56 17.57 17.55 17.57 17.57 17.55 17.56 17.57 17.55 17.55 17.55 17.55 17.55 17.55 17.54 17.55 17.56 17.55 17.55 17.57 17.58 17.60 17.60 17.61 17.57 17.56 17.55 17.55 17.55
17.48 17.52 17.51 17.50 17.52 17.53 17.60 17.56 17.51 17.51 17.62 17.54 17.51 17.50 17.45 17.50 17.49 17.59 17.64 17.64 17.63 17.63 17.62 17.58 17.57 17.54 17.54 17.59 17.61 17.54 17.54 17.58 17.58 17.57 17.58 17.59 17.58 17.56 17.56 17.55 17.56 17.53 17.54 17.55 17.56 17.51 17.52 17.54 17.54 17.55 17.55 17.55 17.54 17.54 17.54 17.54 17.54 17.54 17.54 17.54 17.54 17.53 17.53 17.53 17.54 17.55 17.55 17.55 17.58 17.59 17.60 17.58 17.57 17.54 17.53 17.54 17.52
17.51 17.48 17.46 17.46 17.46 17.48 17.49 17.53 17.51 17.53 17.56 17.57 17.44 17.40 17.41 17.49 17.61 17.63 17.61 17.62 17.62 17.61 17.57 17.58 17.57 17.57 17.56 17.57 17.58 17.54 17.53 17.54 17.56 17.54 17.56 17.56 17.55 17.56 17.54 17.53 17.56 17.55 17.53 17.54 17.54 17.51 17.49 17.52 17.53 17.54 17.55 17.54 17.52 17.51 17.50 17.49 17.50 17.51 17.52 17.52 17.53 17.53 17.53 17.51 17.51 17.51 17.52 17.53 17.55 17.57 17.55 17.55 17.55 17.52 17.52 17.54 17.52
17.41 17.40 17.41 17.47 17.47 17.46 17.44 17.41 17.41 17.51 17.56 17.51 17.46 17.49 17.54 17.49 17.53 17.56 17.55 17.56 17.59 17.57 17.51 17.53 17.55 17.54 17.55 17.53 17.55 17.56 17.55 17.55 17.55 17.55 17.50 17.53 17.52 17.52 17.50 17.53 17.54 17.55 17.54 17.53 17.52 17.48 17.49 17.50 17.52 17.52 17.52 17.51 17.49 17.49 17.48 17.48 17.48 17.48 17.49 17.50 17.51 17.50 17.50 17.49 17.49 17.48 17.51 17.52 17.54 17.55 17.53 17.54 17.53 17.52 17.51 17.50 17.49
17.38 17.46 17.40 17.47 17.47 17.51 17.39 17.44 17.42 17.45 17.48 17.49 17.47 17.47 17.49 17.48 17.55 17.57 17.52 17.51 17.53 17.53 17.54 17.54 17.56 17.54 17.55 17.50 17.51 17.53 17.52 17.51 17.51 17.52 17.52 17.52 17.51 17.50 17.50 17.52 17.51 17.51 17.52 17.52 17.50 17.49 17.47 17.47 17.47 17.49 17.48 17.46 17.47 17.48 17.47 17.45 17.46 17.47 17.47 17.47 17.47 17.48 17.49 17.48 17.48 17.50 17.51 17.51 17.51 17.51 17.52 17.51 17.53 17.50 17.48 17.47 17.47
17.31 17.37 17.37 17.40 17.36 17.38 17.32 17.32 17.36 17.33 17.47 17.47 17.44 17.43 17.45 17.43 17.41 17.45 17.53 17.50 17.49 17.53 17.55 17.54 17.54 17.50 17.51 17.50 17.50 17.50 17.50 17.50 17.49 17.47 17.47 17.49 17.48 17.49 17.49 17.49 17.48 17.48 17.49 17.49 17.49 17.48 17.47 17.48 17.44 17.45 17.45 17.44 17.44 17.46 17.46 17.44 17.45 17.45 17.45 17.45 17.45 17.46 17.46 17.47 17.47 17.47 17.46 17.47 17.50 17.49 17.49 17.47 17.47 17.47 17.47 17.46 17.44
17.28 17.21 17.32 17.32 17.31 17.24 17.18 17.15 17.22 17.35 17.41 17.41 17.47 17.46 17.47 17.41 17.45 17.41 17.42 17.52 17.54 17.54 17.53 17.53 17.54 17.52 17.49 17.49 17.49 17.49 17.49 17.48 17.46 17.45 17.44 17.47 17.46 17.49 17.49 17.49 17.47 17.46 17.46 17.46 17.45 17.44 17.45 17.43 17.44 17.43 17.42 17.41 17.40 17.43 17.44 17.43 17.44 17.44 17.43 17.43 17.42 17.42 17.43 17.44 17.45 17.45 17.46 17.47 17.49 17.48 17.48 17.47 17.46 17.44 17.46 17.46 17.44
17.20 17.19 17.21 17.24 17.19 17.13 17.17 17.20 17.20 17.26 17.39 17.51 17.41 17.33 17.38 17.38 17.43 17.36 17.42 17.52 17.52 17.50 17.51 17.52 17.53 17.52 17.47 17.46 17.48 17.46 17.44 17.46 17.44 17.47 17.47 17.46 17.46 17.48 17.45 17.47 17.43 17.43 17.44 17.43 17.43 17.44 17.44 17.42 17.41 17.41 17.40 17.38 17.41 17.42 17.43 17.42 17.43 17.42 17.43 17.42 17.41 17.40 17.41 17.42 17.41 17.42 17.46 17.46 17.46 17.47 17.45 17.44 17.43 17.44 17.45 17.42 17.41
17.14 17.15 17.16 17.20 17.16 17.16 17.13 17.24 17.30 17.31 17.38 17.47 17.38 17.28 17.30 17.37 17.39 17.35 17.41 17.50 17.50 17.49 17.50 17.51 17.51 17.50 17.49 17.45 17.46 17.46 17.44 17.43 17.42 17.44 17.45 17.46 17.43 17.45 17.43 17.43 17.40 17.40 17.40 17.40 17.40 17.41 17.40 17.40 17.40 17.37 17.38 17.36 17.38 17.40 17.41 17.41 17.39 17.38 17.38 17.40 17.39 17.37 17.37 17.39 17.40 17.39 17.43 17.44 17.43 17.41 17.41 17.40 17.40 17.45 17.42 17.39 17.37
17.14 17.14 17.16 17.18 17.17 17.18 17.22 17.31 17.32 17.45 17.46 17.44 17.40 17.34 17.23 17.36 17.48 17.42 17.47 17.48 17.48 17.47 17.47 17.48 17.49 17.48 17.46 17.45 17.44 17.45 17.46 17.44 17.41 17.40 17.42 17.45 17.42 17.43 17.42 17.39 17.39 17.38 17.39 17.37 17.38 17.35 17.37 17.37 17.38 17.37 17.39 17.38 17.38 17.39 17.39 17.39 17.38 17.38 17.37 17.36 17.38 17.37 17.36 17.37 17.39 17.39 17.41 17.40 17.39 17.38 17.38 17.36 17.39 17.40 17.42 17.38 17.35
17.16 17.12 17.17 17.23 17.20 17.22 17.25 17.30 17.36 17.48 17.47 17.42 17.33 17.31 17.35 17.45 17.46 17.46 17.46 17.46 17.47 17.46 17.45 17.46 17.46 17.46 17.46 17.46 17.44 17.44 17.44 17.42 17.42 17.38 17.39 17.42 17.41 17.40 17.38 17.37 17.38 17.37 17.37 17.35 17.37 17.38 17.36 17.35 17.34 17.34 17.35 17.36 17.36 17.36 17.35 17.34 17.35 17.36 17.36 17.34 17.33 17.35 17.36 17.36 17.35 17.36 17.38 17.39 17.40 17.37 17.37 17.36 17.37 17.39 17.36 17.35 17.34
17.12 17.09 17.13 17.14 17.17 17.15 17.21 17.26 17.29 17.41 17.45 17.42 17.33 17.42 17.45 17.44 17.43 17.44 17.44 17.43 17.44 17.43 17.43 17.44 17.44 17.44 17.44 17.46 17.44 17.43 17.44 17.43 17.43 17.39 17.38 17.40 17.39 17.37 17.37 17.37 17.36 17.35 17.36 17.33 17.37 17.36 17.36 17.34 17.33 17.32 17.33 17.34 17.32 17.34 17.32 17.32 17.34 17.33 17.33 17.33 17.31 17.32 17.33 17.33 17.33 17.34 17.35 17.36 17.37 17.35 17.32 17.33 17.35 17.35 17.31 17.31 17.29
17.13 17.14 17.16 17.16 17.19 17.17 17.20 17.27 17.29 17.33 17.41 17.37 17.35 17.40 17.43 17.43 17.42 17.42 17.42 17.41 17.41 17.41 17.42 17.42 17.41 17.43 17.43 17.43 17.43 17.41 17.41 17.40 17.36 17.36 17.37 17.38 17.38 17.34 17.30 17.34 17.33 17.32 17.32 17.31 17.33 17.33 17.34 17.32 17.32 17.30 17.30 17.30 17.29 17.30 17.29 17.30 17.30 17.30 17.30 17.31 17.31 17.27 17.29 17.31 17.32 17.32 17.33 17.34 17.35 17.32 17.30 17.30 17.29 17.30 17.32 17.29 17.27
17.14 17.11 17.08 17.11 17.20 17.24 17.18 17.20 17.16 17.23 17.33 17.42 17.40 17.38 17.41 17.40 17.39 17.38 17.38 17.38 17.38 17.38 17.40 17.40 17.40 17.41 17.42 17.42 17.43 17.41 17.38 17.37 17.35 17.36 17.35 17.36 17.38 17.29 17.33 17.31 17.31 17.30 17.30 17.29 17.30 17.31 17.33 17.32 17.34 17.30 17.30 17.30 17.28 17.28 17.30 17.29 17.28 17.29 17.29 17.29 17.28 17.28 17.25 17.26 17.30 17.30 17.30 17.30 17.29 17.29 17.27 17.28 17.25 17.28 17.30 17.28 17.26
17.08 17.09 17.11 17.09 17.13 17.20 17.20 17.20 17.22 17.17 17.22 17.29 17.38 17.40 17.39 17.38 17.36 17.37 17.36 17.36 17.37 17.37 17.37 17.37 17.37 17.38 17.40 17.41 17.40 17.39 17.38 17.36 17.33 17.32 17.33 17.31 17.35 17.29 17.27 17.31 17.29 17.28 17.28 17.28 17.29 17.32 17.31 17.33 17.31 17.30 17.29 17.28 17.27 17.27 17.27 17.27 17.25 17.27 17.27 17.26 17.26 17.27 17.28 17.24 17.24 17.29 17.27 17.27 17.26 17.27 17.27 17.27 17.26 17.26 17.28 17.26 17.25
17.08 17.06 17.06 17.05 17.07 17.13 17.16 17.21 17.16 17.18 17.18 17.28 17.39 17.39 17.38 17.36 17.36 17.35 17.35 17.35 17.36 17.37 17.37 17.36 17.36 17.36 17.37 17.38 17.38 17.38 17.34 17.34 17.30 17.31 17.32 17.32 17.33 17.27 17.26 17.30 17.29 17.28 17.26 17.26 17.29 17.29 17.31 17.31 17.29 17.29 17.29 17.25 17.24 17.25 17.26 17.26 17.25 17.25 17.24 17.23 17.28 17.23 17.26 17.26 17.22 17.21 17.20 17.22 17.23 17.24 17.24 17.24 17.24 17.26 17.23 17.21 17.24
17.16 17.06 17.03 17.01 17.04 17.05 17.07 17.18 17.23 17.26 17.34 17.36 17.37 17.37 17.36 17.34 17.33 17.33 17.33 17.33 17.33 17.33 17.33 17.34 17.35 17.34 17.35 17.34 17.34 17.34 17.34 17.30 17.29 17.26 17.28 17.31 17.30 17.25 17.22 17.25 17.28 17.24 17.21 17.22 17.26 17.25 17.28 17.26 17.25 17.24 17.26 17.24 17.24 17.24 17.23 17.23 17.24 17.22 17.21 17.28 17.28 17.28 17.22 17.24 17.21 17.18 17.20 17.20 17.21 17.21 17.20 17.21 17.21 17.24 17.21 17.19 17.21
17.09 17.04 16.92 16.95 16.98 17.00 17.06 17.18 17.24 17.32 17.33 17.34 17.34 17.35 17.35 17.35 17.32 17.32 17.32 17.31 17.30 17.30 17.32 17.32 17.35 17.34 17.36 17.34 17.32 17.32 17.32 17.30 17.27 17.26 17.27 17.30 17.24 17.22 17.22 17.23 17.25 17.24 17.19 17.20 17.24 17.25 17.23 17.24 17.24 17.23 17.23 17.22 17.22 17.20 17.18 17.20 17.18 17.17 17.22 17.27 17.29 17.14 17.20 17.22 17.19 17.16 17.13 17.14 17.17 17.17 17.19 17.18 17.16 17.19 17.23 17.22 17.22
17.03 16.91 16.92 16.89 17.01 17.05 17.12 17.16 17.19 17.26 17.30 17.30 17.31 17.32 17.33 17.34 17.32 17.31 17.30 17.30 17.28 17.28 17.29 17.31 17.34 17.33 17.34 17.34 17.32 17.32 17.31 17.31 17.24 17.24 17.24 17.28 17.25 17.21 17.20 17.21 17.18 17.20 17.21 17.20 17.23 17.21 17.22 17.21 17.23 17.24 17.16 17.19 17.18 17.15 17.14 17.17 17.18 17.16 17.15 17.19 17.25 16.96 17.15 17.19 17.16 17.11 17.09 17.13 17.14 17.17 17.19 17.17 17.16 17.19 17.20 17.21 17.19
16.99 17.02 17.08 17.06 17.15 17.15 17.15 17.19 17.22 17.25 17.27 17.25 17.26 17.29 17.31 17.31 17.30 17.28 17.27 17.28 17.27 17.26 17.28 17.30 17.30 17.30 17.31 17.30 17.30 17.30 17.30 17.29 17.25 17.21 17.23 17.26 17.27 17.20 17.23 17.21 17.17 17.17 17.14 17.13 17.11 17.14 17.18 17.19 17.20 17.20 17.14 17.13 17.16 17.12 17.11 17.13 17.16 17.14 17.14 17.14 17.16 17.21 17.18 17.18 17.15 17.11 17.10 17.14 17.10 17.12 17.16 17.17 17.14 17.13 17.16 17.17 17.18
17.04 17.04 17.04 17.06 17.13 17.15 17.13 17.23 17.25 17.25 17.25 17.15 17.20 17.26 17.28 17.28 17.28 17.27 17.25 17.25 17.24 17.24 17.26 17.26 17.29 17.29 17.29 17.27 17.29 17.29 17.29 17.27 17.22 17.17 17.24 17.25 17.24 17.18 17.18 17.19 17.15 17.16 17.13 17.13 17.08 17.11 17.15 17.19 17.18 17.13 17.15 17.13 17.16 17.11 17.11 17.11 17.11 17.13 17.12 17.14 17.14 17.15 17.15 17.15 17.14 17.08 17.10 17.14 17.13 17.15 17.15 17.13 17.15 17.08 17.07 17.12 17.14
17.15 16.98 16.99 17.03 17.22 17.23 17.21 17.25 17.24 17.25 17.25 17.18 17.21 17.23 17.25 17.25 17.26 17.25 17.24 17.24 17.23 17.23 17.23 17.23 17.24 17.27 17.26 17.25 17.27 17.26 17.27 17.26 17.23 17.16 17.22 17.22 17.23 17.17 17.17 17.17 17.15 17.14 17.11 17.10 17.12 17.12 17.13 17.15 17.15 17.15 17.16 17.15 17.12 17.11 17.10 17.10 17.13 17.12 17.11 17.11 17.14 17.14 17.13 17.14 17.13 17.04 17.08 17.11 17.11 17.11 17.11 17.11 17.12 17.08 17.11 17.13 17.13
17.00 16.93 16.93 16.98 17.02 17.08 17.17 17.23 17.22 17.22 17.22 17.18 17.20 17.22 17.22 17.21 17.21 17.21 17.22 17.22 17.21 17.21 17.20 17.21 17.21 17.24 17.24 17.23 17.23 17.24 17.24 17.23 17.21 17.20 17.21 17.17 17.21 17.19 17.15 17.13 17.16 17.17 17.15 17.10 17.08 17.09 17.11 17.09 17.12 17.13 17.14 17.14 17.13 17.09 17.10 17.10 17.13 17.11 17.10 17.08 17.09 17.11 17.10 17.12 17.14 17.04 17.04 17.08 17.09 17.08 17.08 17.08 17.05 17.10 17.14 17.14 17.13
16.80 16.93 16.96 16.92 16.91 17.06 17.17 17.21 17.21 17.20 17.20 17.20 17.20 17.20 17.20 17.20 17.20 17.19 17.19 17.19 17.19 17.19 17.19 17.18 17.19 17.19 17.20 17.21 17.22 17.21 17.23 17.23 17.18 17.16 17.22 17.21 17.21 17.19 17.13 17.12 17.12 17.14 17.12 17.11 17.10 17.11 17.12 17.12 17.11 17.14 17.12 17.11 17.12 17.06 17.08 17.08 17.09 17.09 17.08 17.08 17.07 17.09 17.09 17.08 17.09 17.07 17.03 17.04 17.06 17.05 17.05 17.06 16.97 16.98 17.03 17.11 17.09
