Files/BOM data/2019073120190731 (1).grid
ncols 839
nrows 679
xllcenter 112.0500
yllcenter -43.9500
cellsize 0.0500
nodata_value 99999.90
[rows 170 to 203 of 679, columns 616 to 692 of 839]
19.19 19.19 19.13 19.24 19.40 19.37 19.32 19.33 19.36 19.29 19.28 19.28 19.28 19.28 19.29 19.18 19.25 19.28 19.32 19.40 19.31 19.02 18.98 19.00 19.12 19.19 19.17 19.13 19.13 19.17 19.26 19.23 19.06 19.12 19.02 18.86 19.14 19.13 18.83 18.82 18.67 18.73 18.37 18.62 18.37 18.32 18.56 18.17 18.37 18.36 18.44 18.53 18.45 18.02 18.08 18.37 17.98 17.95 16.87 16.90 16.89 17.17 17.86 18.67 18.22 16.79 17.10 17.69 17.62 18.46 18.46 18.46 18.46 18.46 18.46 18.46 18.46
19.18 19.15 19.12 19.31 19.41 19.39 19.34 19.29 19.27 19.34 19.30 19.26 19.25 19.21 19.22 19.21 19.21 19.29 19.39 19.43 19.39 19.26 19.17 19.03 19.26 19.32 19.25 19.17 19.27 19.27 19.26 19.27 19.15 18.92 18.65 18.88 18.79 18.44 18.72 18.40 18.75 18.60 18.27 18.22 18.33 18.17 18.01 18.52 18.03 18.36 18.19 18.42 18.73 18.58 18.29 18.46 17.97 17.19 17.65 17.81 15.86 17.60 17.57 18.01 17.92 17.71 17.70 17.64 18.21 18.83 18.83 18.83 18.83 18.83 18.83 18.83 18.83
19.20 19.12 19.11 19.28 19.32 19.36 19.34 19.32 19.32 19.33 19.32 19.27 19.26 19.24 19.18 19.20 19.26 19.27 19.34 19.35 19.33 19.27 19.13 19.12 19.24 19.34 19.28 19.23 19.18 19.27 19.27 19.28 19.15 19.11 19.03 18.66 18.77 18.46 18.50 18.19 18.70 18.66 18.59 17.97 18.22 18.08 18.16 18.22 18.27 18.16 17.89 18.27 18.19 18.60 18.72 18.65 18.72 17.69 17.83 17.03 16.35 16.11 17.13 17.22 17.85 18.30 18.08 18.24 18.37 18.84 18.84 18.84 18.84 18.84 18.84 18.84 18.84
19.21 19.19 19.20 19.28 19.32 19.37 19.37 19.35 19.28 19.27 19.26 19.23 19.23 19.23 19.27 19.27 19.28 19.29 19.26 19.32 19.29 19.26 19.12 19.18 19.25 19.28 19.21 19.26 19.23 19.18 19.22 19.22 19.20 19.10 19.09 19.07 19.02 18.83 18.75 18.51 18.76 18.64 18.59 18.63 17.92 18.32 18.14 18.55 18.01 18.01 18.30 18.36 18.25 18.31 18.60 19.07 18.87 18.34 17.95 16.95 16.70 15.47 17.08 18.00 18.04 17.87 18.07 18.39 19.06 18.84 18.84 18.84 18.84 18.84 18.84 18.84 18.84
19.24 19.29 19.26 19.33 19.32 19.30 19.35 19.33 19.25 19.31 19.27 19.25 19.23 19.20 19.24 19.27 19.24 19.21 19.24 19.34 19.34 19.31 19.30 19.29 19.33 19.31 19.31 19.32 19.19 19.15 19.30 19.23 19.20 19.30 19.27 19.19 19.18 19.17 19.12 19.06 18.83 18.74 18.89 18.88 18.55 18.58 18.46 18.53 18.02 18.06 18.37 18.42 18.02 18.34 18.56 19.08 19.21 18.84 18.45 18.04 16.43 16.41 17.20 17.68 18.17 18.44 18.16 18.36 19.10 19.10 19.10 18.84 18.84 18.84 18.84 18.84 18.84
19.28 19.29 19.30 19.27 19.33 19.34 19.30 19.29 19.27 19.30 19.35 19.24 19.21 19.16 19.21 19.23 19.21 19.20 19.23 19.33 19.38 19.35 19.33 19.34 19.33 19.32 19.29 19.30 19.30 19.27 19.26 19.30 19.30 19.34 19.33 19.31 19.28 19.23 19.14 19.21 18.63 18.80 18.59 18.69 18.47 18.45 18.10 18.15 18.12 18.61 18.52 18.42 18.21 18.38 18.78 18.50 19.10 19.22 19.06 18.21 16.74 17.20 17.19 17.86 18.20 18.04 18.53 18.68 19.16 19.16 19.16 19.16 19.16 18.84 18.67 18.67 18.03
19.25 19.28 19.29 19.30 19.32 19.31 19.31 19.29 19.28 19.29 19.26 19.34 19.23 19.22 19.19 19.19 19.22 19.20 19.22 19.33 19.32 19.31 19.31 19.33 19.31 19.30 19.28 19.30 19.34 19.34 19.28 19.32 19.31 19.32 19.33 19.27 19.36 19.31 19.22 19.07 19.12 18.81 18.75 18.38 18.59 17.84 18.63 17.52 18.33 18.19 18.24 17.66 18.00 18.11 18.51 18.24 18.44 18.96 19.09 19.07 19.04 18.26 17.28 16.93 16.47 17.57 17.99 18.56 19.16 19.16 19.16 18.90 18.90 18.67 18.67 18.03 18.03
19.24 19.27 19.26 19.30 19.30 19.28 19.31 19.32 19.28 19.21 19.23 19.25 19.28 19.24 19.18 19.14 19.15 19.22 19.24 19.31 19.34 19.33 19.30 19.29 19.30 19.31 19.33 19.29 19.32 19.31 19.34 19.32 19.31 19.35 19.33 19.32 19.29 19.36 19.29 19.25 19.01 19.13 18.97 18.71 18.50 18.09 17.81 17.92 17.54 18.05 17.77 17.59 18.02 18.04 17.96 17.93 17.57 18.07 18.42 18.29 18.33 18.24 17.93 17.61 18.46 17.63 16.67 18.06 18.78 18.78 18.90 18.90 18.67 18.67 18.03 18.03 17.49
19.21 19.25 19.21 19.24 19.26 19.23 19.25 19.26 19.28 19.25 19.26 19.27 19.21 19.26 19.18 19.18 19.21 19.23 19.24 19.24 19.26 19.29 19.26 19.25 19.27 19.28 19.25 19.26 19.30 19.31 19.31 19.29 19.30 19.31 19.31 19.32 19.29 19.24 19.26 19.17 19.10 19.10 18.99 18.83 18.82 18.51 17.40 18.11 17.86 17.41 17.12 17.81 17.59 17.40 16.82 17.40 17.19 16.95 17.84 17.66 17.94 17.73 17.67 17.76 18.24 18.40 17.55 17.07 18.25 18.90 18.90 18.67 18.67 18.03 18.03 17.49 17.49
19.15 19.23 19.22 19.28 19.27 19.19 19.22 19.24 19.24 19.26 19.29 19.29 19.28 19.25 19.20 19.14 19.19 19.22 19.20 19.23 19.23 19.27 19.24 19.27 19.28 19.23 19.24 19.28 19.27 19.29 19.26 19.24 19.24 19.29 19.23 19.18 19.16 19.24 19.24 19.22 19.07 19.02 19.06 18.98 18.88 18.41 18.81 18.15 17.76 17.53 17.88 17.68 17.52 16.87 16.79 16.80 16.18 16.18 17.02 17.65 16.75 17.82 18.07 17.65 18.59 17.82 17.52 17.16 17.66 18.19 18.67 18.67 18.03 18.03 17.49 17.49 18.10
19.19 19.19 19.23 19.23 19.17 19.15 19.18 19.24 19.19 19.23 19.23 19.22 19.19 19.15 19.18 19.16 19.21 19.19 19.21 19.20 19.21 19.23 19.24 19.22 19.24 19.27 19.34 19.31 19.27 19.26 19.26 19.24 19.27 19.24 19.20 19.12 19.21 19.22 19.24 19.26 19.19 19.24 19.21 18.99 18.96 18.92 18.78 18.43 18.46 18.27 17.85 17.73 17.86 17.74 17.53 18.04 17.70 17.37 17.52 17.30 17.60 17.94 17.80 18.31 18.18 17.67 17.96 18.97 17.80 17.85 17.32 18.03 18.03 17.49 17.49 17.35 18.10
19.10 19.16 19.14 19.17 19.14 19.12 19.13 19.19 19.21 19.21 19.18 18.92 19.21 19.16 19.15 19.19 19.15 19.22 19.22 19.21 19.18 19.16 19.24 19.25 19.26 19.30 19.28 19.26 19.24 19.26 19.23 19.23 19.19 19.18 19.21 19.16 19.24 19.22 19.21 19.25 19.20 19.18 19.17 19.19 19.17 19.03 19.04 19.01 19.01 19.04 18.82 18.68 18.63 18.63 18.25 18.05 18.52 17.45 17.99 17.78 17.70 17.68 17.76 18.10 17.85 18.04 18.51 18.91 18.80 17.38 16.36 16.11 17.49 17.49 17.35 18.10 18.10
19.10 19.12 19.08 19.15 19.15 19.13 19.17 19.18 19.18 19.14 19.19 19.22 19.09 19.13 19.19 19.12 19.09 19.13 19.16 19.19 19.17 19.17 19.14 19.21 19.26 19.23 19.21 19.20 19.22 19.23 19.18 19.17 19.10 19.19 19.13 19.16 19.22 19.24 19.19 19.22 19.21 19.15 19.21 19.21 19.15 19.14 19.07 18.99 19.10 18.73 18.92 18.85 18.44 18.48 18.65 18.35 18.57 18.10 17.59 18.05 17.19 17.98 17.85 18.15 17.93 17.84 17.51 17.68 17.90 18.80 18.08 16.27 16.45 17.35 17.35 18.10 18.10
19.16 19.14 19.09 19.10 19.13 19.11 19.14 19.16 19.18 19.17 19.16 19.10 19.06 19.07 19.06 19.05 19.14 19.02 19.13 19.17 19.15 19.16 19.19 19.25 19.27 19.20 19.19 19.21 19.22 19.21 19.19 19.12 19.15 19.10 19.10 19.11 19.15 19.19 19.18 19.20 19.22 19.21 19.21 19.17 19.14 19.20 19.19 19.22 19.08 18.85 18.81 18.82 18.55 18.39 18.69 18.55 18.38 18.46 18.38 17.92 17.91 17.52 18.08 17.81 17.80 17.74 17.19 17.84 18.24 18.61 18.54 16.58 15.67 16.89 16.25 18.10 18.10
19.16 19.18 19.17 19.14 19.15 19.12 19.09 19.08 19.13 19.17 19.18 19.06 19.09 19.06 18.97 18.78 19.06 19.07 19.08 19.03 19.11 19.14 19.18 19.17 19.18 19.17 19.15 19.12 19.19 19.18 19.15 19.13 19.16 19.12 19.10 19.14 19.16 19.19 19.18 19.16 19.19 19.20 19.19 19.15 19.18 19.20 19.17 19.13 19.01 19.10 18.91 18.71 18.81 18.63 18.04 18.42 18.05 18.07 18.26 18.42 18.09 17.87 18.17 18.14 17.62 17.35 17.74 17.82 17.78 18.61 18.48 16.73 15.63 16.22 16.70 17.25 17.55
19.18 19.24 19.20 19.13 19.12 19.11 19.09 19.10 19.14 19.12 19.16 19.16 19.16 19.13 19.16 18.81 19.05 18.85 18.94 18.83 19.08 19.13 19.17 19.19 19.19 19.15 19.15 19.07 19.17 19.18 19.15 19.12 19.16 19.14 19.11 19.14 19.16 19.18 19.19 19.20 19.22 19.19 19.15 19.17 19.17 19.16 19.15 19.15 19.08 19.02 19.00 18.85 18.54 18.52 18.48 18.18 18.21 18.42 17.96 17.85 17.89 18.18 18.29 17.83 17.85 17.79 17.68 17.92 17.36 18.20 18.12 17.70 15.29 16.05 16.99 16.41 17.47
19.17 19.19 19.21 19.25 19.18 19.08 19.07 19.11 19.13 19.10 19.14 19.13 19.13 19.09 19.07 18.93 19.06 19.02 18.92 18.92 19.08 19.09 19.12 19.13 19.16 19.16 19.12 19.10 19.06 19.13 19.11 19.11 19.12 19.15 19.13 19.13 19.15 19.16 19.15 19.18 19.15 19.16 19.14 19.17 19.15 19.09 19.12 19.09 19.14 18.96 18.98 18.63 18.86 18.60 18.66 18.30 17.66 17.97 17.78 17.77 18.19 17.99 17.90 17.67 17.53 17.18 17.96 18.27 18.14 17.46 17.96 18.06 16.55 16.03 16.11 15.64 16.35
19.10 19.08 19.11 19.12 19.12 19.07 19.08 19.13 19.13 19.08 19.12 19.09 19.13 19.11 19.10 19.10 18.96 19.00 18.99 18.91 18.96 19.03 19.07 19.08 19.14 19.13 19.08 19.00 19.03 19.08 19.07 19.11 19.14 19.12 19.13 19.16 19.16 19.11 19.10 19.12 19.18 19.16 19.16 19.10 19.11 19.11 19.13 19.06 19.00 19.00 18.95 18.87 18.72 18.77 18.26 18.22 17.89 17.09 17.55 17.78 17.61 17.70 17.54 17.41 17.64 17.38 17.04 17.42 17.57 17.19 18.14 18.13 17.13 16.57 14.98 15.58 15.88
19.11 19.08 19.05 19.04 19.07 19.07 19.07 19.08 19.11 19.12 19.06 19.10 19.10 19.13 19.13 19.10 19.07 19.02 18.95 18.95 19.03 18.99 19.03 19.04 19.12 19.14 19.02 18.93 18.98 19.06 19.09 19.08 19.10 19.10 19.12 19.17 19.11 19.08 19.13 19.11 19.14 19.14 19.13 19.10 19.11 19.10 19.01 19.01 19.02 19.06 19.02 18.65 18.60 18.44 18.30 18.12 17.96 18.36 17.71 17.76 17.21 17.42 17.51 17.74 17.98 17.09 17.83 16.96 16.87 17.33 17.09 17.19 18.13 18.09 16.45 16.80 16.75
19.07 19.08 19.10 19.03 19.02 19.07 19.07 19.08 19.08 19.08 19.08 19.08 19.07 19.07 19.09 19.08 19.08 18.80 18.95 19.04 18.77 18.97 18.95 19.01 19.06 19.03 18.98 18.98 19.01 19.10 19.06 19.07 19.09 19.10 19.09 19.10 19.12 19.13 19.12 19.10 19.11 19.11 19.11 19.07 19.03 19.08 18.94 18.86 18.93 18.83 18.88 18.86 18.54 18.75 18.37 18.16 18.10 17.84 18.07 17.39 16.96 17.33 17.23 17.48 17.81 17.33 17.05 16.82 17.27 17.28 16.19 16.97 17.14 18.06 17.42 15.32 15.94
19.12 19.04 19.02 19.06 19.04 19.02 19.05 19.03 19.06 19.07 19.08 19.07 19.10 19.04 19.05 19.08 19.00 18.94 18.97 18.97 18.83 18.82 18.52 19.03 19.02 19.03 19.01 18.99 18.98 19.03 19.02 19.00 19.05 19.08 19.09 19.09 19.09 19.08 19.04 19.03 19.06 19.06 19.10 19.02 19.05 18.99 18.95 18.92 18.79 18.78 18.79 18.68 18.76 18.62 18.46 18.14 18.15 17.75 18.15 17.71 17.64 17.67 17.38 17.54 17.28 18.07 17.42 17.57 17.58 17.37 16.99 17.40 17.71 16.75 16.61 16.99 16.42
19.08 19.06 19.00 18.99 18.98 18.99 19.00 19.04 19.01 19.00 19.02 19.06 19.08 19.03 19.03 19.05 19.03 19.01 19.03 18.89 18.84 18.98 18.91 18.87 19.01 18.88 19.02 18.96 19.06 19.02 19.08 19.00 19.01 19.07 19.07 19.06 19.03 19.04 19.03 19.01 19.00 19.04 19.06 19.02 19.03 19.03 19.03 18.91 18.95 18.91 18.87 18.78 18.40 18.35 18.42 18.28 18.12 17.97 17.77 17.78 17.91 17.77 18.38 17.92 17.75 17.72 17.76 17.73 17.75 17.70 17.15 17.64 17.65 17.76 17.80 17.60 15.92
19.02 19.00 18.96 19.00 18.99 18.98 19.00 18.98 19.03 19.01 18.99 19.03 19.05 19.04 19.04 19.00 19.03 18.98 18.97 18.96 18.92 18.99 18.89 18.76 18.69 18.80 18.89 19.00 19.01 18.96 18.96 19.00 19.00 19.05 19.02 18.97 18.97 18.97 19.02 19.03 19.02 19.02 19.09 19.07 19.05 19.08 18.99 19.05 18.90 18.89 18.72 18.66 18.60 18.27 18.58 18.65 18.37 18.45 18.40 18.34 18.14 18.10 18.29 18.12 18.52 18.12 17.97 17.93 17.89 17.72 18.13 17.78 17.54 17.46 17.39 16.69 17.34
18.95 18.95 18.93 18.95 18.96 18.92 18.96 18.94 18.97 18.98 18.93 18.97 19.03 19.05 19.04 19.01 18.99 18.98 18.97 18.94 18.87 18.87 18.84 18.86 18.74 18.84 18.60 18.88 18.98 18.85 18.94 18.77 18.95 18.94 18.93 18.91 18.99 18.99 18.99 18.98 18.99 18.95 18.98 18.99 19.00 18.99 19.05 19.03 18.96 18.92 18.85 18.81 18.55 18.48 18.37 18.03 18.13 18.35 18.35 18.42 18.47 18.53 18.21 18.28 18.34 18.39 18.38 18.59 18.44 18.47 17.62 17.73 17.97 18.26 18.11 17.58 17.83
18.98 18.95 18.96 18.94 18.97 18.92 18.90 18.92 18.99 18.94 18.94 18.98 19.00 19.00 19.01 19.03 19.01 18.94 18.96 18.96 18.98 18.96 18.77 18.88 18.93 18.85 18.87 18.78 18.84 18.70 18.84 18.78 18.79 18.86 18.82 18.97 18.97 18.95 18.98 18.96 18.93 18.94 19.02 19.01 18.96 18.90 18.93 18.97 18.92 18.77 18.89 18.81 18.53 18.53 18.59 18.45 18.45 18.61 18.31 18.44 18.54 18.09 18.26 18.51 18.44 18.45 18.14 18.22 18.36 18.10 17.79 17.91 18.02 17.96 17.44 18.01 17.05
18.95 18.96 18.96 18.97 18.92 18.87 18.87 18.94 18.91 18.91 18.98 18.97 18.98 18.97 18.93 18.92 18.93 18.95 18.95 18.97 18.98 18.97 18.91 18.90 18.89 18.85 18.89 18.93 18.77 18.91 18.87 18.75 18.81 18.84 18.90 18.79 18.94 18.87 18.99 18.88 18.92 18.92 18.92 18.99 18.98 19.00 18.96 18.87 18.79 18.79 18.76 18.65 18.69 18.72 18.75 18.66 18.17 18.63 18.20 18.47 18.80 18.58 18.30 18.77 18.54 18.34 17.95 18.09 18.32 18.27 17.76 17.99 17.40 17.34 17.42 17.08 16.66
18.96 18.95 18.88 18.84 18.88 18.91 18.91 18.88 18.92 18.92 18.86 18.90 18.94 18.92 18.92 18.92 18.95 18.97 18.92 18.94 18.97 18.95 18.94 18.96 18.92 18.93 18.96 18.99 18.90 18.80 18.86 18.72 18.80 18.94 18.88 18.90 18.91 18.87 18.93 18.94 18.89 18.84 18.77 18.88 18.90 18.89 18.85 18.90 18.84 18.72 18.73 18.73 18.69 18.68 18.44 18.33 18.60 18.56 18.50 18.33 18.43 18.09 18.17 18.09 18.16 18.14 18.09 18.04 18.16 17.45 17.83 17.65 16.87 17.34 17.40 17.62 17.45
18.86 18.83 18.83 18.86 18.85 18.88 18.87 18.93 18.87 18.89 18.94 18.90 18.88 18.88 18.90 18.92 18.92 18.89 18.92 18.93 18.95 18.95 18.96 18.94 18.92 18.93 18.93 18.93 18.92 18.93 18.84 18.89 18.77 18.85 18.85 18.91 18.91 18.89 18.87 18.87 18.85 18.72 18.76 18.89 18.83 18.86 18.80 18.72 18.77 18.62 18.59 18.55 18.61 18.63 18.41 18.46 18.34 18.34 18.27 18.40 17.91 18.02 18.17 18.35 18.03 17.92 18.10 18.13 17.39 16.83 17.92 17.03 17.12 16.89 16.34 16.11 16.58
18.92 18.84 18.86 18.85 18.85 18.94 18.83 18.86 18.90 18.89 18.89 18.91 18.93 18.92 18.90 18.91 18.95 18.94 18.93 18.92 18.91 18.95 18.93 18.93 18.93 18.92 18.93 18.89 18.92 18.92 18.87 18.79 18.86 18.82 18.84 18.88 18.91 18.74 18.79 18.87 18.78 18.82 18.79 18.77 18.75 18.62 18.75 18.72 18.66 18.54 18.58 18.65 18.49 18.48 18.40 18.40 18.20 18.50 18.39 18.01 17.91 18.34 17.99 17.80 17.65 17.51 17.36 16.99 17.32 17.40 16.95 16.93 17.09 17.67 17.12 16.95 16.79
18.81 18.78 18.80 18.87 18.90 18.94 18.85 18.84 18.85 18.85 18.84 18.86 18.89 18.94 18.95 18.94 18.95 18.93 18.89 18.92 18.94 18.92 18.92 18.92 18.92 18.93 18.91 18.90 18.87 18.82 18.85 18.80 18.70 18.76 18.83 18.84 18.87 18.62 18.87 18.86 18.82 18.81 18.77 18.82 18.77 18.74 18.79 18.68 18.67 18.68 18.66 18.37 18.09 18.31 18.41 18.51 18.20 18.30 18.35 18.27 18.16 17.79 17.66 17.78 18.23 17.75 16.92 16.14 16.50 16.85 16.45 16.80 16.98 17.32 16.78 16.76 17.59
18.74 18.71 18.82 18.86 18.91 18.84 18.79 18.75 18.81 18.79 18.87 18.89 18.91 18.91 18.92 18.91 18.90 18.93 18.89 18.89 18.87 18.92 18.86 18.87 18.91 18.87 18.87 18.87 18.85 18.80 18.81 18.75 18.73 18.82 18.59 18.60 18.61 18.47 18.80 18.53 18.79 18.66 18.76 18.86 18.85 18.81 18.75 18.65 18.71 18.69 18.43 18.40 18.37 18.12 18.25 18.12 18.27 18.23 18.35 18.14 18.00 17.86 17.72 17.39 17.53 17.23 16.28 17.02 16.89 17.29 17.49 17.20 17.42 17.50 17.24 17.70 17.65
18.73 18.84 18.81 18.86 18.81 18.75 18.76 18.76 18.76 18.77 18.77 18.82 18.87 18.90 18.88 18.92 18.91 18.94 18.89 18.89 18.89 18.89 18.88 18.88 18.85 18.84 18.86 18.79 18.80 18.76 18.74 18.61 18.53 18.71 18.24 18.69 18.66 18.78 18.48 18.76 18.37 18.63 18.56 18.63 18.79 18.79 18.75 18.78 18.77 18.66 18.67 18.59 18.52 18.23 18.35 18.19 18.09 18.12 18.41 17.95 18.18 17.94 17.72 18.17 17.78 17.33 16.92 17.52 17.57 17.75 17.78 17.80 17.52 17.67 17.31 17.60 17.30
18.70 18.78 18.80 18.75 18.69 18.66 18.72 18.81 18.75 18.67 18.78 18.79 18.79 18.77 18.80 18.89 18.90 18.94 18.90 18.93 18.94 18.92 18.91 18.89 18.86 18.85 18.84 18.81 18.70 18.71 18.75 18.72 18.55 18.69 18.54 18.78 18.57 18.57 18.23 18.63 18.55 18.72 18.31 18.66 18.40 18.70 18.77 18.69 18.75 18.64 18.68 18.65 18.73 18.34 18.19 18.26 18.23 18.37 17.95 18.00 17.92 17.73 17.78 18.16 18.10 17.58 17.25 17.55 17.52 17.75 18.03 17.76 17.61 17.31 17.51 17.33 17.25
18.68 18.73 18.72 18.72 18.53 18.59 18.59 18.60 18.64 18.65 18.71 18.75 18.81 18.78 18.78 18.85 18.92 18.94 18.93 18.93 18.90 18.87 18.85 18.88 18.86 18.83 18.81 18.88 18.86 18.77 18.72 18.45 18.47 18.77 18.51 18.71 18.45 18.72 18.46 18.63 18.48 18.58 18.54 18.51 18.57 18.67 18.64 18.80 18.78 18.69 18.59 18.75 18.68 18.43 18.47 18.47 18.60 18.14 18.19 18.06 18.24 17.99 18.13 17.70 18.01 17.50 17.42 17.36 17.65 17.88 17.71 17.38 17.40 17.28 18.04 17.69 17.91
