Files/BOM data/2019073120190731 (1).grid
ncols 839
nrows 679
xllcenter 112.0500
yllcenter -43.9500
cellsize 0.0500
nodata_value 99999.90
[rows 204 to 237 of 679, columns 539 to 615 of 839]
18.64 18.78 18.84 18.80 18.81 18.80 18.78 18.79 18.77 18.75 18.74 18.74 18.77 18.76 18.77 18.77 18.73 18.71 18.71 18.73 18.69 18.71 18.73 18.79 18.66 18.71 18.80 18.76 18.73 18.68 18.75 18.78 18.82 18.75 18.77 18.80 18.71 18.76 18.77 18.80 18.75 18.78 18.78 18.57 18.53 18.91 18.86 18.81 18.82 18.91 18.87 18.82 18.92 18.91 18.84 18.74 18.62 18.42 18.44 18.36 18.60 18.59 18.62 18.65 18.67 18.62 18.50 18.44 18.43 18.45 18.48 18.58 18.58 18.63 18.65 18.59 18.61
18.76 18.71 18.77 18.82 18.81 18.79 18.77 18.77 18.72 18.73 18.73 18.73 18.73 18.73 18.74 18.75 18.66 18.70 18.70 18.69 18.68 18.71 18.71 18.71 18.72 18.75 18.79 18.70 18.61 18.60 18.55 18.76 18.76 18.76 18.70 18.77 18.74 18.72 18.74 18.71 18.72 18.70 18.67 18.74 18.54 18.82 18.83 18.75 18.80 18.87 18.93 18.83 18.82 18.86 18.87 18.80 18.75 18.67 18.63 18.48 18.41 18.57 18.57 18.55 18.58 18.69 18.51 18.48 18.45 18.48 18.56 18.55 18.57 18.51 18.63 18.64 18.59
18.74 18.70 18.73 18.74 18.73 18.72 18.75 18.75 18.73 18.68 18.69 18.68 18.65 18.69 18.71 18.68 18.61 18.63 18.66 18.70 18.66 18.63 18.62 18.66 18.68 18.66 18.68 18.66 18.64 18.57 18.55 18.71 18.74 18.66 18.68 18.63 18.64 18.68 18.67 18.56 18.56 18.68 18.63 18.70 18.68 18.56 18.76 18.77 18.76 18.85 18.79 18.84 18.73 18.81 18.81 18.80 18.73 18.70 18.74 18.60 18.48 18.47 18.62 18.45 18.61 18.60 18.51 18.45 18.41 18.47 18.52 18.59 18.56 18.53 18.65 18.64 18.59
18.72 18.68 18.68 18.68 18.69 18.68 18.68 18.71 18.71 18.63 18.67 18.67 18.65 18.69 18.67 18.67 18.64 18.62 18.65 18.62 18.63 18.62 18.62 18.66 18.60 18.63 18.67 18.60 18.58 18.61 18.45 18.56 18.66 18.55 18.61 18.52 18.58 18.61 18.59 18.47 18.52 18.59 18.62 18.65 18.69 18.60 18.64 18.67 18.78 18.82 18.77 18.82 18.83 18.73 18.79 18.80 18.74 18.71 18.71 18.67 18.42 18.46 18.50 18.54 18.55 18.55 18.54 18.60 18.49 18.41 18.48 18.59 18.57 18.51 18.55 18.63 18.58
18.59 18.64 18.67 18.68 18.67 18.70 18.71 18.71 18.65 18.56 18.64 18.60 18.60 18.61 18.68 18.66 18.60 18.63 18.65 18.61 18.60 18.57 18.58 18.65 18.59 18.62 18.63 18.53 18.66 18.49 18.46 18.45 18.58 18.60 18.64 18.45 18.47 18.59 18.61 18.70 18.70 18.51 18.58 18.61 18.60 18.66 18.73 18.69 18.58 18.69 18.73 18.74 18.82 18.77 18.78 18.77 18.73 18.70 18.72 18.66 18.50 18.43 18.51 18.57 18.62 18.53 18.52 18.53 18.48 18.41 18.49 18.56 18.56 18.55 18.47 18.54 18.48
18.62 18.63 18.67 18.66 18.66 18.69 18.71 18.68 18.70 18.65 18.60 18.60 18.56 18.55 18.64 18.57 18.61 18.66 18.63 18.60 18.61 18.62 18.54 18.56 18.61 18.56 18.55 18.61 18.48 18.43 18.40 18.35 18.41 18.62 18.63 18.49 18.59 18.59 18.54 18.53 18.61 18.61 18.57 18.67 18.62 18.55 18.80 18.80 18.78 18.50 18.61 18.76 18.69 18.74 18.70 18.76 18.65 18.64 18.63 18.60 18.53 18.45 18.47 18.52 18.62 18.62 18.57 18.53 18.43 18.49 18.49 18.54 18.52 18.54 18.48 18.56 18.54
18.51 18.56 18.58 18.64 18.66 18.65 18.63 18.57 18.71 18.68 18.58 18.61 18.47 18.50 18.53 18.56 18.59 18.59 18.56 18.55 18.55 18.53 18.50 18.54 18.59 18.48 18.53 18.55 18.54 18.54 18.52 18.43 18.54 18.72 18.58 18.54 18.62 18.55 18.58 18.54 18.46 18.45 18.58 18.55 18.47 18.51 18.57 18.69 18.72 18.68 18.46 18.64 18.67 18.73 18.68 18.68 18.65 18.59 18.54 18.48 18.41 18.36 18.46 18.38 18.45 18.52 18.53 18.51 18.50 18.38 18.42 18.45 18.46 18.50 18.55 18.53 18.52
18.61 18.57 18.61 18.69 18.67 18.62 18.62 18.57 18.50 18.65 18.62 18.54 18.51 18.45 18.52 18.55 18.53 18.56 18.54 18.57 18.55 18.55 18.52 18.50 18.53 18.59 18.56 18.53 18.59 18.60 18.55 18.42 18.44 18.44 18.45 18.50 18.53 18.47 18.38 18.24 18.53 18.74 18.60 18.52 18.56 18.65 18.59 18.60 18.56 18.67 18.66 18.60 18.54 18.60 18.61 18.62 18.57 18.52 18.56 18.55 18.45 18.41 18.52 18.39 18.39 18.43 18.42 18.45 18.45 18.40 18.36 18.43 18.51 18.55 18.54 18.58 18.52
18.54 18.55 18.54 18.61 18.60 18.58 18.61 18.59 18.54 18.62 18.56 18.55 18.45 18.48 18.51 18.58 18.56 18.55 18.55 18.56 18.52 18.50 18.52 18.52 18.59 18.59 18.56 18.57 18.54 18.59 18.54 18.37 18.33 18.41 18.50 18.43 18.54 18.53 18.40 18.35 18.50 18.64 18.61 18.51 18.65 18.64 18.63 18.63 18.61 18.52 18.62 18.45 18.55 18.59 18.56 18.53 18.48 18.46 18.44 18.49 18.46 18.55 18.53 18.28 18.29 18.36 18.42 18.39 18.39 18.41 18.34 18.37 18.42 18.43 18.44 18.47 18.44
18.47 18.53 18.47 18.52 18.56 18.60 18.61 18.53 18.50 18.71 18.60 18.50 18.45 18.41 18.45 18.54 18.54 18.53 18.56 18.56 18.50 18.48 18.51 18.49 18.56 18.54 18.56 18.55 18.53 18.55 18.56 18.44 18.41 18.47 18.44 18.44 18.41 18.38 18.42 18.43 18.56 18.65 18.59 18.57 18.66 18.67 18.66 18.70 18.64 18.41 18.61 18.59 18.50 18.60 18.58 18.50 18.32 18.25 18.36 18.40 18.41 18.47 18.52 18.38 18.26 18.35 18.37 18.41 18.40 18.39 18.35 18.27 18.36 18.33 18.48 18.48 18.38
18.55 18.53 18.47 18.48 18.47 18.57 18.56 18.43 18.50 18.24 18.60 18.44 18.51 18.39 18.42 18.50 18.49 18.51 18.50 18.51 18.51 18.49 18.46 18.50 18.51 18.50 18.55 18.55 18.51 18.46 18.47 18.37 18.43 18.45 18.48 18.48 18.47 18.42 18.47 18.35 18.46 18.60 18.74 18.59 18.66 18.73 18.67 18.68 18.59 18.51 18.49 18.49 18.46 18.43 18.57 18.62 18.45 18.39 18.37 18.41 18.40 18.34 18.40 18.36 18.29 18.17 18.51 18.56 18.32 18.36 18.29 18.31 18.28 18.44 18.45 18.47 18.37
18.50 18.52 18.43 18.39 18.46 18.55 18.52 18.42 18.48 18.22 18.51 18.44 18.46 18.39 18.40 18.46 18.47 18.51 18.52 18.49 18.47 18.44 18.46 18.49 18.52 18.55 18.58 18.59 18.53 18.51 18.46 18.45 18.48 18.48 18.45 18.43 18.48 18.40 18.27 18.05 18.35 18.53 18.51 18.49 18.39 18.66 18.74 18.68 18.55 18.39 18.41 18.46 18.44 18.43 18.41 18.47 18.48 18.45 18.42 18.44 18.41 18.40 18.36 18.34 18.23 18.19 18.32 18.34 18.27 18.42 18.41 18.33 18.33 18.42 18.46 18.43 18.39
18.44 18.53 18.55 18.41 18.48 18.52 18.50 18.52 18.54 18.57 18.50 18.38 18.39 18.37 18.37 18.41 18.44 18.45 18.48 18.47 18.47 18.41 18.42 18.44 18.42 18.43 18.45 18.53 18.51 18.51 18.39 18.31 18.38 18.40 18.40 18.48 18.47 18.36 18.22 18.38 18.30 18.54 18.38 18.37 18.38 18.58 18.72 18.56 18.53 18.47 18.35 18.46 18.46 18.54 18.48 18.37 18.43 18.47 18.39 18.34 18.37 18.35 18.34 18.24 18.23 18.24 18.23 18.21 18.21 18.33 18.42 18.30 18.31 18.39 18.40 18.38 18.41
18.30 18.45 18.47 18.50 18.49 18.47 18.47 18.42 18.51 18.51 18.45 18.36 18.32 18.31 18.39 18.41 18.39 18.43 18.50 18.45 18.40 18.41 18.37 18.35 18.37 18.37 18.38 18.48 18.47 18.49 18.43 18.38 18.40 18.42 18.45 18.46 18.46 18.33 18.25 18.32 18.27 18.39 18.25 18.36 18.55 18.55 18.63 18.52 18.48 18.33 18.40 18.46 18.48 18.46 18.46 18.24 18.28 18.46 18.32 18.19 18.31 18.36 18.32 18.26 18.27 18.19 18.18 18.17 18.32 18.32 18.30 18.30 18.31 18.40 18.40 18.42 18.38
18.39 18.37 18.47 18.45 18.42 18.40 18.41 18.47 18.40 18.50 18.47 18.37 18.31 18.27 18.37 18.37 18.36 18.45 18.45 18.44 18.38 18.34 18.35 18.32 18.29 18.35 18.34 18.42 18.45 18.51 18.45 18.45 18.39 18.37 18.40 18.44 18.37 18.42 18.42 18.37 18.28 18.37 18.40 18.46 18.55 18.59 18.71 18.45 18.36 18.34 18.33 18.41 18.42 18.46 18.41 18.22 18.08 18.24 18.39 18.34 18.28 18.36 18.39 18.32 18.25 18.25 18.19 18.18 18.23 18.26 18.28 18.27 18.27 18.38 18.45 18.39 18.35
18.30 18.24 18.36 18.38 18.40 18.36 18.39 18.43 18.39 18.45 18.40 18.31 18.29 18.28 18.32 18.32 18.36 18.40 18.45 18.40 18.36 18.32 18.32 18.33 18.36 18.33 18.34 18.44 18.41 18.43 18.40 18.35 18.35 18.40 18.35 18.33 18.37 18.40 18.42 18.35 18.27 18.33 18.42 18.54 18.58 18.62 18.49 18.52 18.34 18.39 18.33 18.32 18.18 18.17 18.37 18.29 18.10 18.06 18.25 18.34 18.39 18.38 18.29 18.37 18.33 18.24 18.19 18.19 18.21 18.16 18.25 18.29 18.29 18.30 18.28 18.25 18.25
18.25 18.28 18.31 18.35 18.34 18.32 18.34 18.30 18.38 18.39 18.37 18.21 18.25 18.33 18.30 18.33 18.31 18.32 18.40 18.38 18.32 18.30 18.26 18.26 18.12 18.19 18.34 18.42 18.39 18.35 18.41 18.33 18.32 18.32 18.39 18.33 18.40 18.42 18.39 18.22 18.32 18.31 18.37 18.48 18.51 18.51 18.46 18.45 18.37 18.36 18.30 18.24 18.11 17.93 18.07 18.13 17.91 17.99 18.06 18.25 18.37 18.35 18.30 18.37 18.31 18.31 18.27 18.29 18.19 18.15 18.13 18.21 18.29 18.30 18.18 18.24 18.23
18.23 18.14 18.11 18.21 18.23 18.25 18.31 18.29 18.33 18.31 18.35 18.25 18.22 18.32 18.32 18.34 18.29 18.33 18.39 18.40 18.30 18.26 18.26 18.08 18.08 18.23 18.31 18.36 18.38 18.36 18.37 18.25 18.31 18.27 18.32 18.31 18.36 18.35 18.37 18.19 18.15 18.31 18.42 18.42 18.44 18.44 18.50 18.29 18.41 18.30 18.22 18.17 18.17 18.17 18.06 17.94 17.73 17.95 17.99 18.13 18.18 18.20 18.27 18.37 18.32 18.33 18.35 18.25 18.26 18.20 18.18 18.20 18.18 18.24 18.16 18.19 18.12
18.07 17.96 17.97 18.16 18.17 18.22 18.29 18.34 18.39 18.36 18.34 18.26 18.23 18.25 18.29 18.33 18.32 18.35 18.43 18.29 18.18 18.25 18.02 17.95 17.69 18.08 18.25 18.32 18.37 18.38 18.26 18.21 18.25 18.25 18.31 18.36 18.32 18.32 18.35 18.31 18.22 18.13 18.33 18.45 18.41 18.38 18.31 18.19 18.22 18.19 18.17 18.12 18.10 18.06 17.96 17.86 17.60 17.77 17.84 17.93 17.99 18.14 18.22 18.27 18.40 18.36 18.34 18.25 18.24 18.24 18.21 18.27 18.23 18.24 18.20 18.13 18.07
18.18 18.11 17.95 18.12 18.18 18.18 18.29 18.27 18.32 18.33 18.31 18.26 18.09 18.13 18.18 18.25 18.29 18.26 18.32 18.12 18.08 18.14 17.99 18.09 17.93 17.76 18.27 18.26 18.29 18.30 18.22 18.23 18.24 18.26 18.31 18.36 18.32 18.31 18.36 18.29 18.24 18.32 18.49 18.37 18.41 18.34 18.13 18.12 18.19 18.18 18.03 17.96 17.98 18.00 17.99 17.96 17.74 17.64 17.69 17.84 17.90 17.92 17.92 18.10 18.37 18.46 18.42 18.33 18.32 18.40 18.28 18.35 18.27 18.24 18.16 18.15 18.07
18.00 17.90 17.83 18.22 18.25 18.19 18.28 18.32 18.28 18.34 18.34 18.26 18.05 18.02 18.02 18.22 18.21 18.25 18.24 18.11 18.20 18.01 18.19 18.15 17.84 17.96 18.24 18.31 18.32 18.24 18.25 18.21 18.24 18.25 18.28 18.30 18.28 18.32 18.36 18.28 18.20 18.36 18.39 18.33 18.33 18.28 18.03 18.05 18.12 18.16 18.07 18.12 18.02 17.99 18.17 18.12 17.95 17.75 17.90 17.81 17.89 17.98 17.94 18.09 18.39 18.42 18.34 18.39 18.35 18.27 18.25 18.24 18.20 18.11 18.16 18.12 18.10
17.77 17.88 17.96 18.09 18.31 18.16 18.16 18.22 18.25 18.21 18.22 18.18 18.05 17.96 17.93 18.07 18.15 18.07 18.02 18.05 18.07 18.12 18.21 18.25 18.11 18.05 18.14 18.25 18.26 18.20 18.16 18.21 18.27 18.31 18.36 18.25 18.25 18.28 18.33 18.35 18.29 18.32 18.26 18.23 18.28 18.14 17.99 18.06 18.16 18.14 18.09 18.26 18.14 18.16 18.16 18.14 18.00 17.72 17.87 17.94 18.06 18.05 17.83 17.82 17.99 18.28 18.28 18.31 18.22 18.24 18.25 18.30 18.18 18.14 18.16 18.14 18.06
17.79 17.82 18.13 18.21 18.18 18.20 18.21 18.18 18.23 18.15 18.23 18.20 18.03 17.97 18.06 18.06 18.06 18.05 17.95 17.92 17.91 17.82 18.12 18.04 17.88 18.01 18.10 18.19 18.23 18.23 18.12 18.11 18.29 18.34 18.31 18.27 18.28 18.29 18.31 18.20 18.18 18.22 18.19 18.23 18.17 18.14 18.07 18.12 18.20 18.18 18.05 18.24 18.24 18.11 18.08 18.08 17.90 17.61 17.70 17.95 18.09 18.14 18.16 18.02 17.91 18.10 18.11 18.06 18.09 18.11 18.21 18.23 18.24 18.29 18.23 18.22 18.14
18.17 18.10 18.06 18.16 18.15 18.19 18.20 18.20 18.10 18.12 18.20 18.19 17.99 17.99 17.99 18.06 17.92 18.13 18.01 18.00 17.95 17.69 18.10 17.92 17.54 18.06 18.06 18.17 18.24 18.10 18.18 18.14 18.22 18.28 18.31 18.27 18.25 18.26 18.29 18.27 18.11 18.20 18.18 18.11 17.97 18.17 18.12 18.15 18.10 18.16 18.10 18.14 18.27 18.23 18.10 18.02 17.88 17.71 17.53 17.85 18.11 18.25 18.31 18.14 18.08 18.03 18.09 18.12 17.97 18.06 18.15 18.18 18.12 18.18 18.22 18.23 18.15
18.08 18.12 18.06 17.87 18.20 18.25 18.23 18.20 18.13 18.03 18.09 18.16 17.96 17.97 17.86 17.96 17.94 17.91 18.00 18.07 18.21 18.05 17.72 17.77 17.79 18.07 18.04 18.23 18.27 18.15 18.16 18.18 18.22 18.23 18.28 18.30 18.26 18.24 18.24 18.23 18.11 18.12 18.08 18.09 18.03 18.02 17.96 18.04 18.16 18.15 18.09 18.12 18.22 18.24 18.08 18.06 18.18 18.06 17.86 17.90 18.04 18.17 18.37 18.20 18.19 18.11 18.10 18.12 18.14 18.13 18.09 18.09 18.14 18.17 18.21 18.19 18.16
17.94 17.80 17.77 17.88 18.21 18.17 18.14 18.12 18.06 18.04 18.00 18.11 18.08 18.03 17.93 17.84 17.94 17.88 17.74 17.89 18.14 18.15 17.96 17.27 17.46 18.02 18.03 18.28 18.27 18.23 18.26 18.26 18.26 18.25 18.27 18.27 18.23 18.19 18.18 18.16 18.09 17.99 18.02 17.98 18.12 18.02 17.93 18.05 18.14 18.16 18.10 18.09 18.22 18.24 18.16 18.35 18.36 18.46 18.20 17.86 17.98 18.14 18.31 18.39 18.28 18.21 18.13 18.01 18.08 18.14 18.09 18.09 18.08 18.02 18.15 18.15 18.15
17.63 17.70 17.68 17.84 18.01 18.00 17.99 17.91 17.95 17.97 17.92 18.10 17.96 18.01 17.96 17.90 17.89 17.98 17.83 17.85 17.87 17.92 17.29 17.61 17.67 17.99 18.06 18.14 18.19 18.23 18.21 18.23 18.23 18.26 18.26 18.23 18.21 18.19 18.16 18.14 17.98 17.80 18.06 17.79 17.95 18.07 17.95 18.02 18.07 18.11 18.06 18.10 18.21 18.33 18.29 18.28 18.29 18.36 18.25 17.92 17.95 17.90 18.08 18.19 18.40 18.32 18.08 17.95 17.95 18.04 18.03 18.05 18.05 18.01 18.04 18.08 18.13
17.38 17.45 17.67 17.60 17.77 17.91 17.91 17.81 17.88 17.93 18.00 18.04 17.83 17.96 17.90 17.90 17.74 17.83 17.82 18.03 17.73 17.40 17.36 17.95 18.02 17.97 18.03 18.03 18.17 18.07 18.21 18.24 18.19 18.21 18.22 18.21 18.24 18.16 18.14 18.11 17.82 17.64 18.09 17.83 17.71 17.83 18.19 18.23 18.27 18.29 18.13 18.13 18.16 18.27 18.22 18.16 18.16 18.14 18.02 18.02 18.00 17.91 17.99 18.15 18.26 18.10 18.09 17.96 17.87 17.83 17.96 18.00 17.93 17.96 18.01 18.18 18.21
17.64 17.56 17.38 17.54 17.94 17.95 17.85 17.78 17.90 17.95 18.02 17.97 17.76 17.86 17.82 17.88 17.84 17.78 17.71 17.90 17.65 17.33 17.64 18.03 18.10 18.14 17.99 17.97 17.92 18.02 18.13 18.05 18.02 18.17 18.23 18.21 18.21 18.16 18.12 18.01 17.93 17.99 18.03 18.09 17.75 17.99 18.23 18.26 18.25 18.26 18.27 18.24 18.06 18.26 18.08 18.08 18.17 18.31 18.16 18.14 18.26 18.09 17.94 17.86 18.13 18.19 18.11 18.13 18.03 17.97 17.95 17.99 17.98 18.00 17.97 18.07 18.15
17.55 17.61 17.81 17.86 17.77 17.75 17.75 17.80 17.85 17.79 17.83 17.76 17.74 17.79 17.86 17.84 17.76 17.66 17.72 17.70 17.42 17.27 17.35 17.26 17.93 18.09 17.96 17.97 17.93 18.06 18.07 17.93 18.08 18.09 18.14 18.16 18.14 18.11 18.04 17.89 17.80 18.16 18.11 18.15 18.15 18.13 18.19 18.19 18.18 18.20 18.22 18.22 18.11 18.23 18.14 18.18 18.29 18.17 18.09 18.12 18.22 18.03 17.89 17.85 17.94 18.03 18.02 18.02 18.00 17.89 17.88 17.89 17.78 17.91 17.91 17.98 17.99
17.69 17.80 17.76 17.84 17.80 17.82 17.72 17.76 17.78 17.78 17.82 17.68 17.77 17.77 17.81 17.87 17.86 17.59 17.74 17.86 17.53 16.83 17.01 17.12 17.75 18.06 17.93 18.07 18.02 18.07 18.02 18.03 18.09 18.11 18.07 18.06 18.05 18.09 17.94 17.41 17.57 18.11 18.21 18.20 18.15 18.20 18.24 18.21 18.19 18.10 18.14 18.16 18.23 18.27 18.18 18.13 18.21 18.08 17.99 18.16 18.04 18.14 17.92 17.89 17.94 17.98 17.95 17.93 17.84 17.90 17.84 17.81 17.75 17.78 17.93 17.83 17.94
17.71 17.75 17.91 17.90 17.82 17.81 17.75 17.85 17.79 17.77 17.78 17.56 17.70 17.70 17.75 17.81 17.75 17.68 17.80 17.82 17.65 16.99 16.82 17.17 17.26 17.43 18.03 17.99 18.11 18.08 18.01 18.00 18.06 18.02 18.04 17.94 18.08 17.96 17.62 17.21 17.19 18.08 18.13 18.16 18.19 18.20 18.18 18.14 18.13 18.09 18.23 18.20 18.23 18.22 18.15 18.24 18.23 18.16 18.22 18.12 18.14 18.15 18.10 18.08 18.14 18.04 17.97 17.84 17.83 18.00 17.89 17.87 17.72 17.75 17.87 17.80 18.00
17.71 17.83 17.84 17.95 17.90 17.86 17.83 17.81 17.77 17.83 17.70 17.70 17.64 17.70 17.67 17.85 17.78 17.82 17.65 17.43 17.51 16.84 16.40 17.00 16.82 17.25 17.88 18.03 17.92 17.98 17.98 17.90 17.97 18.00 18.01 18.05 18.12 17.80 17.58 17.05 17.39 17.76 18.14 18.21 18.16 18.17 18.17 18.07 18.11 18.13 18.19 18.20 18.21 18.19 18.13 18.23 18.22 18.21 18.23 18.17 18.14 18.14 18.04 18.14 18.03 18.04 17.97 17.91 17.94 17.94 17.89 17.74 17.73 17.71 17.81 17.76 17.88
17.84 17.69 17.85 17.98 17.89 18.01 17.88 17.96 17.83 17.77 17.81 17.85 17.69 17.77 17.69 17.82 17.83 17.77 17.89 17.75 17.59 16.99 16.63 16.91 16.80 16.63 17.48 17.80 17.83 17.98 17.99 17.96 17.87 17.72 17.96 17.90 18.15 17.86 17.55 17.33 17.48 17.95 18.15 18.13 18.16 18.15 18.13 18.09 18.14 18.12 18.17 18.19 18.20 18.19 18.14 18.17 18.20 18.18 18.19 18.18 18.17 18.15 18.22 18.07 18.10 18.01 17.84 17.90 17.99 17.98 18.05 17.86 17.69 17.72 17.78 17.76 17.76
