Files/BOM data/2019073020190730.grid
ncols 839
nrows 679
xllcenter 112.0500
yllcenter -43.9500
cellsize 0.0500
nodata_value 99999.90
[rows 510 to 543 of 679, columns 693 to 769 of 839]
10.29 10.69 11.07 11.30 11.60 11.57 11.55 11.71 11.97 12.15 12.17 11.86 12.26 12.15 12.07 12.19 11.74 11.46 10.78 10.74 11.40 11.71 11.70 10.60 11.76 11.95 11.32 10.46 10.51 10.15 11.35 12.20 12.27 11.88 11.86 11.08 11.18 11.64 11.81 11.92 12.05 12.18 12.00 12.19 12.14 12.24 12.28 12.24 12.22 12.22 12.14 12.22 12.21 12.12 12.28 12.29 12.31 12.13 12.07 12.16 12.17 11.87 11.29 11.70 11.19 10.27 10.35 10.13 10.45 10.79 11.30 11.74 11.67 11.82 11.82 11.82 11.52
10.38 10.70 10.92 11.28 11.32 11.16 11.50 11.75 11.86 11.97 12.02 11.85 12.08 12.30 12.21 12.26 12.30 12.23 11.76 10.24 11.52 10.67 10.71 11.03 10.47 11.42 11.09 10.89 10.57 9.77 9.67 11.94 12.18 11.90 11.60 11.63 12.02 12.06 11.63 11.69 11.96 12.12 12.08 12.20 12.13 12.22 12.20 12.12 12.14 12.16 12.19 12.27 12.29 12.17 12.14 12.20 12.28 12.03 11.97 12.07 12.01 11.90 11.19 11.06 10.36 10.17 10.07 10.49 10.79 11.09 11.33 11.79 11.86 11.82 11.82 11.82 11.82
10.69 10.92 10.95 11.28 11.34 11.38 11.45 11.65 11.35 11.25 11.84 11.75 11.86 12.02 12.20 12.25 12.28 12.29 11.33 11.22 11.96 11.01 10.73 11.66 11.55 11.65 10.80 10.16 10.13 10.19 9.93 11.56 12.15 11.45 11.15 11.93 11.89 11.87 11.80 11.51 11.94 12.07 11.96 12.20 12.14 12.21 12.18 12.16 11.95 11.82 11.98 12.20 12.11 12.16 11.89 11.98 12.15 11.96 11.93 12.13 11.97 11.59 11.38 11.21 10.43 10.46 10.26 10.60 10.68 10.91 11.16 11.45 11.32 11.32 11.32 11.82 11.82
10.81 10.73 10.52 10.70 10.89 10.89 11.12 11.25 11.26 11.46 11.95 11.75 11.74 12.03 11.58 11.89 12.18 12.26 11.86 12.11 12.13 12.04 11.60 12.08 11.91 11.77 11.62 11.56 10.86 10.41 10.10 11.32 12.07 11.97 11.72 12.02 11.84 11.69 11.66 11.06 11.68 12.03 11.89 12.16 12.13 12.16 12.15 12.04 11.25 11.10 11.15 11.42 11.86 11.99 11.74 11.58 11.92 12.03 11.80 12.12 11.86 11.77 11.11 11.33 11.13 10.39 10.76 10.60 10.46 10.83 11.11 11.21 11.32 11.32 11.32 11.32 11.32
10.76 11.07 11.14 11.25 11.04 11.08 11.00 11.31 11.03 12.12 12.05 12.09 12.02 12.10 11.85 12.22 12.20 12.16 11.77 12.15 12.25 12.16 11.78 12.04 12.06 12.06 11.89 11.47 10.11 10.71 10.39 11.01 11.84 11.92 11.98 12.03 12.07 11.78 11.06 11.13 11.50 11.35 11.01 11.49 11.92 11.96 11.75 11.67 10.99 10.89 11.08 11.32 11.50 11.80 11.83 11.35 11.64 11.73 11.88 11.86 11.79 11.01 11.46 11.01 10.84 10.72 10.75 10.71 10.59 10.95 11.11 11.21 11.21 11.32 11.32 11.32 11.32
11.12 11.45 11.58 11.93 11.87 11.87 11.36 11.23 11.49 12.05 12.11 12.15 12.22 12.01 11.75 11.66 11.39 11.75 11.34 12.03 12.23 12.06 11.71 12.17 12.14 12.17 11.91 10.73 10.02 10.32 10.82 11.23 11.87 12.04 12.04 11.97 11.79 11.57 11.24 11.27 10.77 10.69 10.57 10.78 11.17 11.52 11.45 11.37 10.85 10.99 11.49 11.50 11.28 11.51 11.67 11.28 11.60 11.91 11.73 11.91 11.62 11.36 10.81 10.65 10.78 10.93 10.60 11.30 11.02 11.33 11.41 11.41 11.41 11.21 11.32 11.32 11.32
11.50 11.62 11.95 12.03 12.15 11.97 11.78 11.87 12.20 12.19 12.19 11.80 11.91 11.19 10.60 11.02 11.62 11.30 11.44 11.95 12.22 12.19 12.17 12.14 12.15 12.17 12.12 11.66 10.85 10.77 11.22 11.67 11.54 12.09 12.10 12.03 11.56 11.43 11.14 11.21 10.81 10.58 10.57 11.07 11.06 10.89 11.06 11.05 10.71 10.95 11.20 11.34 11.50 11.56 11.55 10.99 11.37 11.64 11.35 11.51 11.75 11.30 11.07 11.11 10.71 10.71 11.08 11.24 11.37 11.28 11.41 11.41 11.41 11.41 11.41 11.32 11.32
11.40 11.61 11.82 11.85 11.94 12.02 11.97 12.08 12.18 12.16 12.15 11.48 11.62 12.02 12.00 11.96 12.02 12.02 11.99 12.14 12.21 12.18 12.15 12.14 12.06 12.04 12.04 11.84 11.56 11.46 11.55 11.63 11.71 12.02 12.08 11.36 10.80 10.77 10.50 10.52 10.38 10.14 10.36 10.63 10.92 10.90 10.90 11.21 10.92 10.95 11.27 11.43 11.51 11.55 11.54 10.97 10.76 11.34 11.25 11.21 11.30 11.07 10.58 10.54 10.25 10.22 10.74 11.48 11.47 11.28 11.28 11.41 11.41 11.41 11.41 11.41 11.41
11.61 11.91 11.92 12.10 12.10 12.15 12.15 12.10 12.12 12.16 12.16 11.96 11.65 11.94 12.00 12.00 12.07 11.79 11.96 12.04 12.18 12.18 12.16 12.15 12.14 12.11 11.81 11.56 11.46 10.81 11.75 11.75 11.75 11.89 10.97 10.81 9.96 10.39 10.28 10.20 10.20 10.20 10.44 10.57 10.66 10.75 10.90 11.00 10.97 11.26 11.34 11.36 11.40 11.44 11.07 10.74 10.18 10.76 11.27 10.38 11.21 11.09 10.46 10.41 9.84 10.68 10.93 11.44 11.08 11.08 11.08 11.28 11.41 11.41 11.41 11.41 11.41
11.75 11.88 12.07 12.08 12.13 12.12 12.00 12.10 12.12 12.16 12.14 12.10 11.83 12.08 11.59 10.96 11.42 11.93 11.98 11.88 11.85 12.16 12.12 12.12 12.14 12.04 11.84 11.49 11.02 11.37 12.10 11.74 11.87 11.49 11.34 11.07 9.12 9.79 10.39 10.30 10.30 10.35 10.53 10.65 10.78 10.91 10.88 10.90 10.81 11.19 11.06 11.46 11.34 10.87 10.77 10.17 9.94 10.31 11.18 10.64 10.53 10.66 10.53 10.42 10.50 10.65 10.60 11.54 11.16 11.16 11.16 11.16 11.16 11.41 11.41 11.41 11.41
11.62 11.92 12.05 12.08 12.11 12.11 12.08 12.09 12.09 12.02 12.14 11.90 12.13 12.07 11.60 10.55 11.43 11.98 11.82 11.72 11.70 12.03 12.00 12.07 11.86 11.80 11.84 11.28 11.06 11.26 11.34 10.63 11.85 10.81 9.75 10.32 10.26 10.41 10.63 10.43 10.40 10.57 10.79 11.07 11.08 11.05 11.03 10.89 10.99 11.09 11.02 11.24 11.04 10.49 10.03 9.54 9.97 9.16 10.15 10.43 10.64 10.49 10.51 10.38 10.44 10.53 10.96 11.45 11.16 11.16 11.16 11.16 11.16 11.16 11.16 11.41 11.41
11.32 11.54 11.92 12.03 12.11 12.11 12.09 12.09 12.10 12.02 12.07 11.80 12.06 12.00 11.61 11.27 11.63 11.65 10.81 11.48 10.61 11.76 12.09 11.99 12.04 12.03 11.98 11.93 12.06 11.28 10.25 11.33 11.47 8.38 9.86 9.23 10.07 10.50 10.60 10.47 10.90 10.92 11.05 11.00 11.25 11.26 11.20 10.73 11.03 10.77 10.84 10.63 10.28 10.07 9.84 9.63 9.33 9.03 9.96 10.34 10.38 10.52 10.41 9.87 10.06 10.35 10.73 11.27 11.27 11.03 11.03 11.03 11.03 11.03 11.03 11.03 11.03
11.49 11.59 11.54 11.96 12.08 12.09 12.07 12.07 12.07 12.06 12.05 11.95 11.99 11.80 11.80 11.88 11.39 11.31 11.93 11.94 11.80 11.82 12.07 12.06 12.00 12.09 12.08 11.98 12.01 10.72 9.89 11.21 11.39 7.17 6.76 7.14 9.94 10.67 10.72 10.95 10.92 11.18 11.13 11.04 11.06 10.85 10.39 10.11 10.05 10.32 9.75 9.87 9.08 9.22 9.93 9.39 9.21 9.46 9.51 9.89 10.29 10.30 10.13 9.63 10.09 10.20 10.65 11.28 11.03 11.03 11.03 11.03 11.03 11.03 11.03 11.03 11.03
10.83 11.33 11.01 11.47 11.67 11.97 12.01 12.01 12.07 12.06 12.05 12.05 11.95 11.78 11.97 11.64 10.83 11.27 11.90 11.97 12.01 12.04 12.04 12.04 12.05 12.04 12.00 12.07 11.91 11.39 11.16 10.94 10.87 6.92 4.34 7.92 10.58 10.65 10.46 10.79 10.56 10.73 10.72 10.85 10.70 10.71 9.92 9.96 9.40 9.65 9.88 9.37 9.19 9.85 9.41 9.33 9.06 8.84 9.03 9.51 9.85 9.96 9.91 9.93 10.30 10.18 10.55 10.41 11.03 11.03 11.03 11.03 11.03 11.03 11.03 11.03 11.03
9.85 10.09 11.02 11.52 11.85 11.70 11.91 12.02 12.02 11.97 12.02 12.03 12.02 11.95 11.99 11.74 10.83 11.43 11.94 11.92 11.86 11.75 11.92 12.02 12.00 12.01 12.02 12.03 11.93 11.91 11.39 10.90 9.93 9.28 4.86 7.92 10.82 10.74 10.48 10.43 10.04 10.01 10.27 10.33 10.39 10.28 9.55 9.15 9.10 9.18 9.49 9.25 9.06 8.97 8.98 9.06 8.91 8.40 8.82 9.48 10.01 9.78 9.49 9.88 9.44 10.09 10.37 10.51 11.05 11.05 11.05 11.05 11.05 11.05 11.05 11.05 11.05
11.04 10.87 11.17 11.75 11.78 11.55 11.61 11.99 11.98 11.98 12.00 12.01 12.00 12.00 11.99 11.98 11.71 11.48 11.84 11.72 11.77 11.67 11.96 11.98 11.97 11.87 11.98 11.98 11.94 11.98 11.15 10.91 11.30 9.86 5.24 8.05 11.14 11.04 10.75 9.97 9.88 10.09 10.59 10.69 10.34 9.69 9.26 8.77 8.41 8.49 8.56 8.75 8.73 8.53 8.25 8.43 8.52 8.39 9.12 9.04 10.04 9.96 9.52 9.81 9.72 9.98 10.27 10.52 11.18 11.18 11.18 11.18 11.18 11.18 11.18 11.18 11.18
10.20 9.82 11.14 11.85 11.51 10.74 11.75 11.96 11.74 11.94 11.96 11.99 11.98 11.97 11.96 11.94 11.84 11.85 11.84 11.66 11.83 11.89 11.94 11.90 11.85 11.88 11.93 11.96 11.81 11.95 11.85 11.36 11.78 7.48 9.26 11.26 11.45 10.85 10.65 9.98 9.78 10.18 10.76 10.57 9.88 8.81 8.33 7.98 8.22 8.01 7.98 8.27 7.99 8.45 8.64 8.68 8.56 8.41 8.50 9.07 9.56 9.95 9.39 9.96 10.17 9.96 10.51 10.89 11.18 11.18 11.18 11.18 11.18 11.18 11.18 11.18 11.18
10.70 9.41 9.95 11.50 11.30 10.48 11.70 11.93 11.73 11.92 11.92 11.94 11.94 11.94 11.92 11.92 11.91 11.89 11.65 11.63 11.76 11.86 11.88 11.82 11.79 11.84 11.93 11.91 11.49 11.86 11.88 11.21 7.70 5.86 7.59 8.92 10.38 10.29 10.50 10.49 10.19 10.48 10.44 10.02 9.11 8.14 8.14 7.99 7.76 7.78 7.45 7.35 7.83 8.12 8.30 8.26 7.99 9.00 8.90 9.05 9.58 9.57 9.91 9.67 9.47 9.20 9.83 10.56 10.56 10.56 11.18 11.18 11.18 11.18 11.18 11.18 11.18
11.33 10.45 10.63 11.30 11.38 11.48 11.75 11.90 11.53 11.88 11.93 11.94 11.89 11.91 11.90 11.90 11.89 11.87 11.83 11.70 11.68 11.83 11.62 11.60 11.63 11.88 11.89 11.89 11.85 11.87 11.01 5.90 3.54 6.36 8.62 10.78 10.39 10.23 10.35 10.26 10.20 10.56 10.01 8.71 7.95 7.82 7.53 7.20 6.82 6.68 7.01 7.03 6.90 7.40 8.01 7.82 8.18 8.88 8.70 8.91 8.84 9.03 9.31 10.12 10.20 9.49 9.73 10.87 10.87 10.87 10.87 10.87 11.18 11.18 11.18 11.18 11.18
11.38 11.56 11.59 11.44 11.14 10.27 11.68 11.85 11.14 11.53 11.80 11.89 11.90 11.92 11.89 11.88 11.87 11.86 11.57 11.37 11.42 11.64 11.50 11.11 11.07 11.33 11.72 11.87 11.83 11.79 10.19 6.31 8.15 11.22 10.90 10.79 10.31 10.31 10.06 9.28 10.18 9.88 9.24 8.12 7.86 7.70 7.45 7.25 6.78 6.74 6.73 6.53 6.62 6.68 6.80 7.09 7.07 8.04 8.74 8.42 8.58 8.57 9.14 10.06 9.51 9.89 10.62 10.87 10.87 10.87 10.87 10.87 10.87 10.87 10.87 11.18 11.18
11.85 11.64 11.48 11.56 11.48 11.10 11.34 11.84 11.04 11.47 11.81 11.78 11.85 11.87 11.86 11.86 11.65 11.52 11.21 11.22 11.47 11.50 11.55 11.43 11.46 11.14 10.95 11.83 11.85 11.86 10.97 9.54 8.91 9.63 10.75 10.33 10.46 10.18 10.10 9.52 9.94 8.79 8.38 8.05 7.45 7.29 7.24 7.20 6.86 6.70 6.67 6.62 6.58 6.66 6.75 6.78 6.82 7.57 8.31 8.56 8.26 8.51 8.68 9.38 9.99 10.27 10.92 10.92 10.92 10.87 10.87 10.87 10.87 10.87 10.87 10.87 10.87
11.85 11.74 11.75 11.57 11.52 11.73 11.47 11.25 11.71 11.23 11.50 11.50 11.81 11.83 11.82 11.81 11.34 11.12 11.41 11.07 10.97 10.73 11.27 11.51 11.47 11.28 11.52 11.64 11.76 11.76 11.52 10.15 8.98 9.00 9.66 9.57 9.71 9.82 9.87 9.71 9.22 8.11 8.15 7.63 7.45 7.20 7.01 6.99 6.82 6.86 6.66 6.71 7.08 7.33 7.80 7.80 7.66 7.93 7.95 7.99 8.06 7.79 8.04 8.73 9.96 9.71 10.70 10.70 10.70 10.70 10.70 10.87 10.87 10.87 10.87 10.87 10.87
11.76 11.19 11.39 11.70 11.65 10.35 10.73 10.93 11.71 11.55 11.32 11.52 11.73 11.75 11.71 11.73 10.89 10.50 11.22 11.31 11.06 11.10 11.27 11.39 11.16 11.10 10.89 11.49 11.02 11.32 11.08 10.81 8.61 8.52 9.11 9.28 9.24 9.99 10.24 9.62 8.45 8.30 8.00 7.44 7.40 7.10 6.81 7.22 7.45 6.98 6.78 7.15 7.42 7.72 8.22 8.74 8.19 7.55 8.47 8.67 9.00 8.52 8.47 8.66 9.55 10.19 10.70 10.70 10.70 10.70 10.70 10.70 10.70 10.70 10.87 10.87 10.87
10.99 9.86 10.76 11.58 11.75 11.50 10.98 10.69 11.36 11.67 11.10 11.08 11.17 11.54 11.50 11.59 11.04 9.80 10.33 11.25 10.97 11.18 11.33 10.88 10.88 10.92 11.04 11.39 10.43 10.26 10.54 9.68 8.63 8.23 9.26 9.49 9.83 10.25 9.17 9.19 8.77 8.32 7.96 7.65 7.40 7.14 7.24 7.33 7.46 7.34 7.49 7.38 7.52 8.18 8.52 9.14 9.09 8.48 7.92 8.12 8.16 8.51 8.95 9.47 9.87 10.63 10.63 10.63 10.70 10.70 10.70 10.70 10.70 10.70 10.70 10.70 10.70
11.17 10.89 11.34 11.66 11.65 11.52 11.52 11.27 11.09 11.39 11.41 10.14 8.72 10.47 11.37 11.27 11.20 10.10 9.67 10.46 10.69 11.09 10.77 10.93 11.27 11.20 11.23 11.01 10.43 9.89 9.93 8.79 9.12 9.32 9.64 10.07 9.83 8.91 7.84 8.18 8.79 8.23 7.71 8.07 7.66 7.51 7.74 7.27 7.31 7.61 7.86 7.84 7.32 7.25 8.03 8.61 8.96 9.12 8.77 8.72 8.91 9.03 9.36 10.39 10.53 10.93 10.93 10.93 10.93 10.93 10.70 10.70 10.70 10.70 10.70 10.70 10.70
11.50 11.28 11.44 11.50 11.16 10.81 11.08 11.28 10.87 10.90 10.96 11.22 10.11 8.49 9.27 11.08 10.79 10.23 9.75 10.00 10.53 10.34 10.47 11.11 11.09 10.49 10.62 10.24 10.53 9.49 8.23 7.89 8.12 9.43 10.57 9.01 8.20 7.47 7.49 7.88 8.20 8.23 7.56 7.56 7.73 7.63 7.66 7.38 7.47 7.85 7.61 7.65 7.65 7.49 7.58 8.34 8.79 8.43 8.61 8.58 9.17 9.28 9.40 9.88 10.14 10.93 10.93 10.93 10.93 10.93 10.93 10.93 10.93 10.70 10.70 10.70 10.70
11.71 11.68 11.29 11.46 11.12 10.90 10.86 11.06 11.26 10.99 10.13 11.10 8.47 6.19 9.47 10.54 10.19 9.97 9.25 8.83 9.54 9.22 9.91 10.41 10.25 9.90 9.48 9.01 9.64 9.82 7.86 8.13 7.98 8.65 9.48 8.81 7.58 7.34 7.52 7.68 7.65 7.37 7.06 7.19 7.11 7.09 7.18 7.88 7.95 7.72 8.06 8.16 7.92 7.72 8.17 8.03 8.50 8.46 8.94 9.02 9.82 9.35 8.75 8.67 9.43 9.43 9.43 10.93 10.93 10.93 10.93 10.93 10.93 10.93 10.93 10.93 10.70
11.70 11.69 11.61 11.47 11.47 11.39 11.04 11.06 10.94 10.83 9.20 6.76 6.70 8.32 10.05 9.93 9.44 8.85 8.65 7.97 8.00 8.45 9.34 9.38 9.43 9.39 9.48 9.22 9.34 8.28 8.36 9.32 8.96 9.22 9.26 8.79 7.99 7.62 7.87 7.69 7.50 7.47 7.27 7.40 7.14 7.15 6.99 7.46 7.26 7.49 7.51 7.66 7.73 7.92 8.01 8.07 7.87 8.19 8.72 9.16 9.21 9.05 8.38 9.12 9.43 9.43 9.43 9.43 9.43 10.93 10.93 10.93 10.93 10.93 10.93 10.93 10.70
11.68 11.66 11.63 11.62 11.58 11.59 11.39 11.32 11.21 10.50 8.91 6.84 8.17 9.55 9.57 8.97 8.31 8.23 7.95 7.64 7.81 8.29 8.71 8.79 9.77 9.73 10.02 8.77 7.98 7.76 7.86 8.15 8.96 9.01 9.23 8.29 7.74 8.27 7.75 6.92 6.93 7.54 7.60 7.67 7.96 7.68 7.74 8.24 8.49 8.25 7.23 7.12 7.83 8.08 8.82 8.23 8.24 7.74 7.97 8.89 9.99 9.82 9.30 9.23 9.23 10.56 10.56 10.56 10.56 10.56 10.56 10.56 10.93 10.93 10.93 10.93 10.70
11.63 11.63 11.61 11.60 11.60 11.60 11.56 11.59 11.00 9.14 10.80 10.14 10.19 9.47 8.69 7.95 7.93 7.71 7.23 7.08 7.14 7.64 8.11 8.37 9.11 9.58 9.20 8.36 7.86 8.20 8.12 8.15 8.24 9.14 8.84 8.99 8.79 8.97 8.12 6.63 7.25 8.34 7.98 8.69 8.29 8.17 8.52 8.28 8.09 7.92 7.68 7.33 6.68 6.53 7.87 8.02 8.71 8.64 7.58 8.57 9.52 9.92 10.35 10.31 10.56 10.56 10.56 10.56 10.56 10.56 9.30 9.30 9.30 9.30 9.30 9.30 10.70
11.54 11.14 11.34 11.20 11.23 11.31 11.24 11.15 10.58 9.89 9.08 8.80 9.12 8.47 8.05 7.60 7.65 7.85 7.32 7.19 7.20 7.28 7.63 8.06 8.38 8.64 8.51 8.00 7.74 7.58 8.10 8.38 8.00 8.32 8.82 8.71 9.11 8.89 8.57 7.63 8.11 8.07 7.67 8.29 8.58 8.13 8.02 8.03 8.28 8.36 8.21 7.52 7.14 7.54 8.21 7.61 8.98 8.12 8.06 7.95 7.86 9.23 9.54 10.26 10.66 10.66 10.66 9.30 9.30 9.30 9.30 9.30 9.30 9.30 9.30 9.30 10.70
10.81 10.41 10.53 10.27 10.00 10.27 9.02 9.81 9.75 9.05 8.33 8.20 7.47 7.30 7.50 7.54 7.69 7.37 7.35 7.19 6.76 6.76 7.32 7.06 7.19 7.70 7.68 7.57 7.54 7.38 7.78 8.14 8.72 8.09 8.17 7.83 8.38 7.78 8.06 7.99 7.51 7.14 7.09 7.60 8.58 8.58 7.92 7.67 7.45 7.53 7.54 6.59 7.42 9.14 7.68 8.18 9.29 9.53 9.17 9.33 8.35 7.59 8.22 9.57 10.66 9.30 9.30 9.30 9.30 9.30 9.30 9.30 9.30 9.30 9.30 9.30 10.70
9.46 9.46 9.90 9.59 9.92 9.20 8.63 8.17 8.24 8.14 6.80 6.57 6.99 6.67 6.84 7.52 7.33 7.07 6.97 7.67 7.49 7.30 7.11 6.78 6.64 6.77 7.07 7.59 7.97 7.78 7.66 8.13 8.62 8.52 7.41 7.10 7.64 6.86 6.28 6.67 7.08 6.73 6.29 7.21 7.28 7.43 6.65 6.27 5.88 6.73 7.59 7.55 7.82 8.93 8.12 9.20 9.18 10.22 10.22 9.70 9.01 8.93 7.79 8.36 8.73 9.30 9.30 9.30 9.30 9.30 9.30 9.30 9.30 9.30 9.30 9.30 99999.90
8.82 9.21 10.05 8.44 8.34 7.72 7.32 7.37 7.21 6.82 6.36 6.07 6.72 6.66 7.06 6.97 6.91 7.11 6.89 7.68 7.87 7.34 6.86 6.51 6.43 6.46 6.67 7.39 8.36 8.29 7.89 8.34 7.87 8.85 8.42 8.16 7.70 6.54 6.12 6.70 6.67 6.45 5.99 6.46 7.05 7.09 6.55 6.36 6.86 7.57 8.33 8.79 8.73 7.97 8.22 8.58 8.66 9.04 8.91 7.24 7.30 8.43 8.62 8.48 8.12 6.85 6.85 6.85 6.85 6.85 6.85 6.85 6.85 6.85 6.85 6.85 99999.90
