Files/BOM data/2019073020190730.grid
ncols 839
nrows 679
xllcenter 112.0500
yllcenter -43.9500
cellsize 0.0500
nodata_value 99999.90
[rows 374 to 407 of 679, columns 462 to 538 of 839]
15.07 14.79 14.75 14.71 14.33 14.01 14.17 13.65 13.26 13.27 13.33 12.93 13.16 13.50 13.47 12.87 12.78 12.46 12.47 12.88 13.02 12.86 13.09 13.19 13.78 13.27 13.03 13.48 12.65 12.62 12.61 12.84 12.56 12.70 12.81 13.60 14.03 13.59 11.62 12.59 12.51 13.75 12.94 13.34 14.18 14.28 13.71 13.21 12.93 13.35 13.62 13.53 13.90 13.88 14.04 13.66 14.30 14.69 14.48 14.10 14.02 14.16 14.35 14.11 13.66 13.22 13.40 13.47 13.58 14.06 13.25 13.43 13.49 13.61 14.11 14.08 14.07
14.66 14.64 14.60 14.82 14.93 14.22 13.65 13.53 13.20 12.60 12.83 13.25 13.67 13.39 13.21 12.33 12.42 12.10 11.96 12.59 12.47 13.24 12.89 13.28 12.91 12.81 12.41 12.61 12.12 11.81 11.73 11.44 11.87 12.11 11.60 13.21 13.63 11.83 11.20 11.09 11.30 12.36 12.17 13.47 14.01 13.28 12.41 13.40 13.09 13.12 12.73 13.59 13.50 13.52 13.89 13.79 14.81 14.89 15.17 14.66 13.78 13.66 13.85 13.67 13.33 12.71 12.38 13.37 14.43 13.97 13.29 13.69 13.51 13.02 13.74 14.12 14.19
14.97 14.83 14.81 14.86 14.95 13.88 14.24 13.83 13.68 13.26 12.62 13.05 12.93 12.67 12.79 12.40 12.31 11.95 12.26 12.07 12.58 12.77 12.96 13.16 12.68 12.60 12.12 11.99 12.22 12.50 11.57 10.93 10.52 10.10 9.44 11.47 10.67 10.09 9.96 8.91 9.31 11.37 10.03 11.43 12.44 11.53 12.28 12.87 12.50 12.71 13.19 14.03 14.44 13.95 13.55 13.98 14.11 14.18 14.17 14.72 14.56 14.11 13.81 13.46 13.77 14.30 13.88 13.76 13.71 13.50 14.07 13.98 13.87 13.34 14.11 14.08 13.53
15.37 15.12 14.71 14.68 14.38 14.32 14.90 14.09 13.52 12.74 13.19 13.04 13.09 12.77 12.83 12.22 11.72 11.65 11.62 11.74 12.00 12.31 11.95 12.52 12.54 11.95 11.63 11.11 11.41 11.48 11.39 11.29 10.96 9.55 9.41 9.43 9.97 9.25 8.90 9.52 10.60 11.71 10.76 10.82 10.93 11.54 12.17 12.15 11.72 12.83 13.51 14.50 14.73 14.77 14.10 13.80 14.43 13.99 14.41 14.74 14.06 14.07 13.76 14.12 14.31 14.47 14.05 13.97 14.12 13.90 14.51 14.44 14.56 14.63 14.15 13.43 13.90
15.30 15.02 14.90 14.24 14.48 14.53 15.02 14.63 13.30 13.24 13.19 12.47 12.58 12.55 12.32 12.36 11.73 11.33 11.62 12.10 12.47 12.35 11.35 11.32 11.37 11.49 11.40 11.30 11.20 10.60 10.04 9.92 10.77 10.46 10.38 10.24 10.80 10.65 9.59 10.65 11.79 12.68 13.01 12.50 12.53 12.90 13.83 13.43 12.56 12.86 14.74 14.69 14.20 14.33 14.13 13.98 14.35 13.70 14.00 14.08 13.93 13.51 13.22 13.72 13.56 14.41 14.72 14.11 14.20 14.70 14.39 14.53 14.69 14.12 14.24 14.28 13.99
15.07 14.93 15.08 14.64 14.85 15.02 15.14 14.50 13.44 13.79 13.90 12.91 12.05 11.71 12.31 12.29 12.00 11.73 12.06 12.42 12.19 12.01 11.67 11.31 11.52 11.58 12.51 11.47 10.54 10.25 10.31 10.73 11.17 11.14 11.24 11.35 12.02 11.71 10.95 11.63 12.04 12.15 13.61 13.53 13.84 14.49 14.28 13.69 12.68 12.78 13.28 13.96 13.97 14.74 14.49 14.84 14.28 13.37 13.86 14.17 14.48 14.38 13.82 14.27 13.99 14.61 13.80 13.96 14.00 14.09 14.20 14.35 14.30 14.11 14.13 13.96 14.30
14.86 14.70 14.88 14.81 15.06 15.06 15.19 14.41 14.16 14.63 14.90 14.14 12.94 12.44 12.58 12.08 11.87 12.20 12.00 11.68 11.36 10.96 10.96 11.34 11.74 12.44 12.02 12.02 11.55 10.84 11.31 12.38 11.88 12.27 12.19 12.59 12.68 12.56 12.52 13.71 13.27 13.27 13.20 14.00 14.28 14.25 13.82 14.10 13.46 13.58 14.35 14.12 14.20 14.90 14.59 14.08 13.21 13.92 14.14 14.58 14.47 14.07 14.15 14.22 13.67 14.05 14.52 14.28 14.09 14.01 14.39 14.72 14.49 14.58 14.28 14.18 14.17
15.05 15.03 14.96 14.64 14.82 15.18 15.09 15.00 14.82 14.79 14.83 14.26 13.62 13.78 13.67 12.79 12.18 12.02 12.56 12.13 11.90 11.25 11.01 12.63 13.09 12.08 11.54 12.51 12.39 11.92 11.27 12.78 13.41 12.33 12.18 12.97 13.77 13.62 14.48 14.42 14.40 14.38 13.96 13.99 13.88 13.97 13.66 13.80 13.92 14.37 15.09 14.91 15.01 14.98 14.75 14.66 14.54 14.27 14.10 14.57 14.66 13.81 14.24 14.97 15.20 15.01 14.72 14.35 14.45 14.18 14.27 14.15 14.28 14.52 14.04 14.00 14.20
14.90 15.09 15.13 14.99 14.80 15.16 14.92 14.99 14.99 15.04 14.93 13.97 13.68 13.69 13.69 12.86 12.94 12.45 12.34 12.94 12.53 12.12 12.23 13.20 12.54 12.58 12.61 12.80 13.02 13.14 13.30 13.29 13.53 13.32 12.75 13.73 14.09 14.20 14.49 14.43 14.07 14.21 14.40 14.58 14.23 13.64 13.43 13.84 14.18 14.60 14.56 14.32 14.53 14.69 14.42 14.27 14.20 14.18 14.59 14.52 14.74 14.42 14.52 14.77 14.25 14.69 14.49 14.09 14.20 14.30 14.17 13.85 14.19 14.12 14.04 14.62 14.96
14.95 15.08 15.15 15.03 14.95 15.21 15.06 15.02 15.13 15.17 15.01 14.72 14.84 14.30 13.70 13.15 13.53 13.66 13.69 13.24 13.54 13.16 12.76 13.24 13.12 13.25 13.83 13.41 13.81 14.07 14.42 13.99 13.79 13.93 14.10 14.89 14.22 13.66 13.64 14.07 13.97 14.04 14.39 14.54 14.05 14.03 14.11 14.04 14.34 15.10 14.45 13.93 14.18 14.17 14.51 14.48 14.15 14.45 14.65 14.53 14.82 14.91 14.63 13.98 13.88 14.22 14.25 14.20 14.16 13.88 14.13 14.03 14.40 14.55 15.06 14.86 14.71
14.42 14.72 14.91 14.93 14.97 15.05 14.84 15.06 15.10 15.18 14.92 15.00 14.97 14.47 14.08 13.75 14.24 14.66 14.65 13.86 13.48 13.88 13.45 13.26 13.09 14.17 14.84 14.73 14.38 13.83 14.25 14.19 14.22 14.13 14.36 14.38 14.20 13.93 13.89 14.37 13.50 13.39 13.66 13.30 14.10 14.48 13.96 13.61 14.00 14.06 14.06 14.09 14.02 14.69 15.00 14.49 14.31 14.33 14.45 14.71 14.90 14.76 14.68 14.40 14.33 14.65 14.61 14.16 13.65 14.09 14.51 14.15 14.24 14.45 14.47 14.95 15.02
14.27 14.26 14.62 14.70 14.74 14.70 14.68 14.94 14.92 14.90 14.85 14.72 14.67 14.45 14.59 14.55 14.05 14.68 14.68 14.01 13.83 14.08 14.28 14.36 14.93 14.96 14.73 14.59 14.25 13.91 13.95 13.62 13.45 14.27 14.35 13.99 13.81 13.53 13.64 13.77 14.18 14.67 14.22 14.69 13.22 13.62 14.48 14.27 14.14 14.67 14.88 14.64 14.64 14.49 14.60 14.49 14.45 14.61 14.55 14.58 14.63 14.55 14.28 14.52 14.65 14.57 14.34 13.86 13.58 14.02 14.36 14.75 14.82 14.88 14.71 15.09 14.88
13.95 13.88 13.99 14.29 14.51 14.59 14.52 14.62 14.74 14.91 14.69 14.66 14.40 14.42 14.26 14.19 14.30 14.04 14.37 14.28 14.34 14.59 14.26 14.48 14.60 14.12 14.28 14.20 14.03 14.65 14.51 14.18 14.56 14.84 14.24 13.57 13.47 14.40 14.69 14.27 14.31 14.76 14.83 14.52 14.46 14.41 14.57 14.42 14.86 15.00 14.71 14.89 14.65 14.98 14.73 14.67 14.52 14.30 14.86 14.97 14.78 14.39 14.28 14.08 14.39 14.21 14.44 14.33 13.97 14.44 14.84 14.96 15.11 15.13 15.02 15.19 15.13
13.94 13.80 14.13 13.97 14.18 14.32 14.68 14.57 14.53 14.72 14.89 14.92 14.75 14.69 14.64 14.65 14.42 14.20 14.26 14.17 14.36 14.50 14.18 14.50 14.12 14.16 14.29 13.80 14.26 14.75 14.43 14.50 14.54 14.83 13.89 14.20 14.55 14.91 14.93 14.42 15.06 14.94 15.10 14.99 14.59 14.63 14.69 14.71 14.45 14.77 14.58 14.89 14.80 14.66 14.79 14.74 14.84 14.76 14.58 14.38 14.51 14.50 14.49 14.41 14.33 14.01 14.20 14.50 14.52 14.70 14.94 14.91 14.85 14.99 14.83 15.11 15.11
13.83 13.92 14.05 13.92 14.28 14.53 14.27 14.31 14.42 15.03 14.97 14.74 14.70 14.70 14.76 14.56 14.04 14.28 14.03 14.18 14.40 13.79 13.45 13.78 14.48 14.47 13.94 14.21 14.38 14.46 14.39 14.51 14.70 14.77 14.75 14.25 14.34 14.61 14.78 14.91 14.77 14.75 14.93 14.58 14.34 14.27 14.59 14.75 14.67 14.62 14.53 14.84 15.02 14.96 14.92 14.94 14.85 14.65 14.88 14.95 14.98 14.73 14.68 14.71 14.78 14.35 14.78 15.02 14.86 15.03 15.03 14.80 14.95 14.89 14.93 14.91 14.95
13.39 14.10 14.00 14.16 14.01 13.88 14.07 14.19 14.28 14.69 14.64 14.73 14.72 14.58 14.75 14.48 14.22 14.28 14.27 14.62 14.58 14.67 14.25 13.63 14.13 14.30 14.39 14.55 13.95 14.40 14.54 14.33 14.59 14.83 14.69 14.74 14.70 14.61 14.56 14.65 14.52 14.91 14.91 14.88 15.06 15.08 15.06 15.03 15.02 14.96 15.16 15.03 14.88 14.87 15.01 14.67 14.28 14.98 15.07 14.83 14.83 14.72 14.65 14.39 14.64 14.82 15.13 15.05 14.97 15.07 14.91 14.60 15.01 15.02 14.91 14.94 15.02
13.81 14.09 14.49 14.20 14.55 14.38 14.28 14.38 14.34 14.24 14.64 14.72 14.43 14.49 14.53 14.35 14.00 14.18 14.38 14.39 14.41 14.75 13.99 14.01 13.65 14.31 14.11 14.24 14.49 14.46 14.83 14.80 14.85 14.73 14.54 14.66 14.67 14.57 14.64 14.65 14.58 14.87 14.98 15.12 14.95 14.80 14.90 14.98 14.85 14.77 14.95 15.08 14.95 14.96 14.85 14.72 15.05 14.90 14.98 14.82 14.66 14.52 14.93 14.72 15.02 14.81 14.87 15.01 14.96 14.98 14.82 15.03 15.01 15.06 15.01 15.06 15.01
13.89 13.77 14.40 14.73 14.78 14.76 14.85 14.52 14.40 14.54 14.36 14.48 14.19 14.33 14.39 14.31 14.16 14.32 14.50 14.22 14.35 14.46 14.06 13.90 13.71 14.00 13.99 14.59 14.51 14.56 14.59 14.68 14.62 14.56 14.43 14.55 14.84 14.46 14.52 15.01 14.94 15.04 15.01 14.91 14.92 15.00 15.02 14.83 15.04 14.99 14.79 15.05 15.02 14.93 14.89 14.94 14.58 14.50 14.53 14.69 14.58 14.19 14.65 15.03 14.90 14.81 15.02 14.88 14.75 14.76 14.45 14.82 14.91 15.06 15.06 15.02 15.03
13.84 14.01 13.81 14.30 14.61 14.69 14.69 14.76 14.54 14.17 13.98 14.02 13.90 14.20 13.84 14.56 14.29 14.46 14.44 14.48 14.39 14.01 13.87 14.14 14.25 14.56 14.77 14.54 14.23 14.21 14.54 14.54 14.30 14.51 14.52 14.48 14.68 14.61 14.81 15.03 15.03 14.95 14.75 14.64 14.78 14.76 14.96 14.83 15.01 14.99 14.82 14.88 14.78 14.69 14.84 14.68 14.62 14.42 14.72 14.83 14.86 14.89 14.96 14.71 14.97 15.07 14.82 14.93 14.79 14.81 14.93 14.99 15.00 14.97 14.90 14.93 14.99
13.47 13.60 14.19 14.27 14.30 14.53 14.53 14.26 14.18 14.52 13.84 13.71 13.95 14.06 13.28 13.48 14.09 14.44 14.33 14.52 14.30 14.13 14.49 14.65 14.72 14.47 14.60 14.35 14.14 14.46 14.59 14.47 14.51 14.56 14.55 14.64 15.08 15.01 14.98 15.00 14.95 14.78 14.74 14.90 15.00 14.89 15.02 15.02 14.85 14.82 14.94 14.66 14.71 14.81 14.81 14.74 14.82 14.90 14.89 14.92 15.01 14.81 14.86 14.97 14.84 14.71 14.67 14.85 14.57 14.78 14.73 14.83 14.91 14.82 14.88 15.02 15.04
13.66 13.73 13.70 13.92 14.29 14.32 14.26 14.06 13.64 13.71 13.64 13.64 14.09 14.18 14.35 13.98 14.09 14.31 14.41 14.21 14.09 14.23 14.38 14.51 14.70 14.77 14.55 14.33 14.33 14.54 14.48 14.73 14.76 14.69 14.70 14.77 14.82 14.94 15.05 14.99 15.03 15.06 15.01 14.96 14.97 14.92 14.88 14.76 14.75 14.70 14.57 14.90 14.73 14.89 14.73 14.75 14.80 14.79 15.01 14.90 14.88 14.95 14.96 14.89 14.74 14.44 14.16 14.59 14.81 14.61 14.79 14.93 15.00 14.96 14.97 14.96 14.97
13.67 13.78 13.75 13.85 14.20 14.19 13.99 13.94 14.11 14.02 13.81 13.95 14.22 14.46 14.43 14.29 14.66 14.69 14.82 14.37 14.33 14.11 14.31 14.25 14.37 14.35 14.32 14.68 14.69 14.73 14.59 14.84 14.86 14.73 14.87 14.72 14.96 14.95 14.87 14.87 14.78 14.78 14.98 14.95 14.96 14.76 14.81 14.98 14.99 14.89 14.56 14.67 14.60 14.83 14.71 14.77 14.82 14.93 14.95 14.83 14.93 14.96 14.93 14.74 14.71 14.38 14.63 14.62 14.50 14.38 14.79 14.88 14.90 14.76 14.88 14.89 14.97
13.16 13.55 13.61 13.70 13.76 13.96 14.24 14.11 13.88 13.61 14.00 13.61 14.15 13.81 14.16 14.68 14.07 14.59 14.08 14.34 14.26 14.10 14.42 14.13 14.14 14.37 14.21 14.42 14.66 14.73 14.71 14.70 14.76 14.78 15.01 14.90 14.97 14.87 15.08 15.02 14.92 15.00 15.00 15.04 14.94 14.95 15.00 14.87 14.85 14.79 14.76 14.74 14.58 14.77 14.72 14.76 14.91 14.90 14.93 14.90 14.81 14.73 14.65 14.66 14.60 14.57 14.28 14.70 14.52 14.49 14.86 14.97 14.84 14.93 14.96 14.89 14.93
12.48 12.67 12.77 12.95 13.33 14.00 14.05 13.96 13.80 13.76 13.45 13.17 13.69 13.37 13.72 13.63 14.07 13.96 13.71 13.88 14.33 14.32 14.38 14.50 14.66 14.83 14.97 14.82 14.76 14.75 14.78 14.62 14.44 14.80 14.99 14.87 14.98 14.86 14.92 14.69 14.98 14.87 14.72 14.86 14.86 14.79 14.72 14.61 14.52 14.54 14.53 14.69 14.69 14.71 14.90 14.89 14.84 14.84 14.78 14.76 14.58 14.37 14.63 14.58 14.50 14.33 14.75 14.93 14.88 14.97 14.98 14.79 14.84 14.81 14.88 14.86 14.83
12.24 11.69 11.92 12.42 12.39 12.41 13.19 13.89 14.06 13.77 13.66 13.50 13.68 13.68 13.67 14.07 13.91 14.04 14.13 13.96 14.29 14.30 14.44 14.40 14.37 14.71 14.46 14.74 14.64 14.80 14.57 14.64 14.64 14.63 14.79 14.82 14.72 14.68 14.62 14.65 14.92 14.86 14.73 14.77 14.50 14.54 14.56 14.44 14.52 14.71 14.57 14.78 14.71 14.89 14.82 14.75 14.68 14.64 14.72 14.65 14.70 14.51 14.56 14.70 14.77 14.83 14.77 14.92 14.91 14.96 14.87 14.77 14.65 14.84 14.91 14.78 14.82
12.48 12.31 11.87 12.11 12.28 12.51 12.85 13.23 13.75 13.71 13.82 13.59 13.83 14.02 13.48 13.26 13.78 13.79 14.03 14.30 14.20 14.28 14.30 14.27 14.44 14.69 14.58 14.74 14.46 14.46 14.54 14.57 14.53 14.71 14.67 14.57 14.39 14.43 14.51 14.55 14.60 14.56 14.62 14.53 14.56 14.62 14.62 14.68 14.87 14.90 14.80 14.79 14.66 14.85 14.80 14.55 14.62 14.84 14.83 14.51 14.63 14.87 14.94 14.92 14.95 14.88 14.82 14.90 14.95 14.85 14.76 14.78 14.91 14.97 14.96 14.89 14.90
12.34 12.23 12.37 12.37 12.36 12.85 13.00 12.65 13.22 13.58 13.68 13.74 13.61 13.81 13.83 13.49 13.66 13.89 13.79 14.19 14.56 14.42 14.45 14.65 14.50 14.48 14.46 14.66 14.48 14.42 14.52 14.49 14.45 14.09 14.11 14.35 14.42 14.49 14.43 14.32 14.23 14.49 14.61 14.78 14.61 14.68 14.65 14.74 14.88 14.79 14.67 14.80 14.76 14.79 14.75 14.66 14.78 14.73 14.76 14.87 14.92 14.89 14.99 14.95 14.94 14.95 14.96 14.94 14.80 14.78 14.80 14.82 14.82 14.87 14.84 14.91 14.93
12.33 12.13 11.96 12.27 12.58 12.58 13.05 13.04 13.21 13.10 13.14 13.26 13.51 13.52 13.54 13.49 13.36 13.52 13.64 13.71 13.95 14.34 14.28 14.43 14.77 14.65 14.64 14.70 14.44 14.45 14.68 14.35 14.21 14.14 14.18 14.46 14.43 14.47 14.54 14.61 14.64 14.73 14.91 14.83 14.71 14.54 14.65 14.63 14.47 14.75 14.87 14.80 14.79 14.78 14.78 14.74 14.70 14.84 14.79 14.81 14.84 14.86 14.82 14.98 14.93 14.88 14.89 14.84 14.85 14.83 14.78 14.83 14.86 14.84 14.86 14.80 14.83
12.02 12.28 12.51 11.91 12.30 12.81 12.95 12.81 13.00 12.87 13.12 13.23 13.19 13.04 13.00 12.86 13.20 13.33 13.49 13.63 13.90 14.11 14.43 14.60 14.69 14.55 14.52 14.31 14.25 14.57 14.43 14.37 14.23 14.07 14.18 14.43 14.63 14.73 14.91 14.84 14.65 14.73 14.64 14.48 14.34 14.36 14.44 14.43 14.36 14.85 14.77 14.71 14.71 14.61 14.56 14.77 14.90 14.83 14.88 14.88 14.76 14.79 14.84 14.85 14.85 14.80 14.78 14.82 14.78 14.67 14.67 14.71 14.81 14.85 14.79 14.81 14.82
11.54 11.65 11.95 11.51 11.47 12.15 12.61 12.74 12.67 12.84 12.43 12.40 12.38 12.84 13.17 13.09 12.98 13.16 13.33 13.55 13.72 13.79 13.99 14.20 14.46 14.54 14.43 14.26 14.28 14.30 14.17 14.21 14.25 14.38 14.48 14.72 14.78 14.81 14.87 14.77 14.75 14.78 14.52 14.53 14.52 14.80 14.68 14.59 14.87 14.84 14.72 14.60 14.68 14.64 14.86 14.84 14.83 14.86 14.84 14.82 14.81 14.90 14.85 14.78 14.80 14.70 14.67 14.56 14.44 14.61 14.68 14.79 14.84 14.81 14.75 14.81 14.80
11.53 11.43 11.48 11.07 10.69 11.22 11.82 11.82 12.34 12.31 12.03 11.68 11.61 11.70 12.06 12.04 12.40 12.84 12.89 13.16 13.30 13.72 13.91 13.99 14.09 14.07 14.25 14.31 14.22 14.33 14.47 14.35 14.47 14.45 14.58 14.70 14.69 14.76 14.81 14.76 14.83 14.43 14.15 14.28 14.50 14.63 14.88 14.88 14.89 14.84 14.74 14.59 14.68 14.77 14.76 14.80 14.82 14.79 14.81 14.79 14.83 14.78 14.78 14.68 14.71 14.63 14.59 14.55 14.74 14.64 14.66 14.74 14.73 14.75 14.77 14.77 14.81
12.27 11.81 11.37 10.70 10.83 11.08 11.21 11.48 11.32 11.46 11.52 11.37 11.15 10.95 11.35 12.15 12.56 12.76 12.72 12.80 13.26 13.52 13.58 13.85 13.97 14.23 14.29 14.52 14.56 14.61 14.60 14.57 14.43 14.71 14.77 14.79 14.77 14.80 14.75 14.82 14.78 14.69 14.10 14.02 14.33 14.28 14.86 14.87 14.78 14.85 14.77 14.82 14.81 14.84 14.85 14.83 14.75 14.74 14.70 14.75 14.70 14.60 14.62 14.60 14.50 14.35 14.49 14.54 14.55 14.54 14.54 14.68 14.60 14.69 14.75 14.73 14.76
12.18 12.05 11.53 10.88 10.93 10.82 11.01 11.30 11.36 11.52 11.68 11.75 11.78 11.99 11.79 12.36 12.70 12.93 12.64 12.70 12.78 13.28 13.30 13.76 13.72 14.01 14.08 14.37 14.58 14.56 14.50 14.56 14.44 14.60 14.70 14.60 14.67 14.73 14.82 14.75 14.76 14.79 14.73 14.54 14.63 14.36 14.47 14.79 14.77 14.54 14.64 14.74 14.77 14.79 14.80 14.77 14.80 14.71 14.76 14.67 14.68 14.66 14.81 14.59 14.71 14.65 14.49 14.52 14.30 14.37 14.43 14.48 14.67 14.76 14.72 14.68 14.66
11.90 11.81 11.29 11.29 11.03 10.39 10.08 10.36 10.90 11.21 11.60 11.72 11.83 11.79 11.44 11.25 11.54 11.36 11.66 12.20 12.79 13.29 13.33 13.43 13.39 13.33 13.79 14.14 14.14 14.18 14.31 14.39 14.59 14.61 14.67 14.71 14.74 14.54 14.70 14.42 14.66 14.71 14.69 14.75 14.85 14.58 14.10 14.33 14.54 14.56 14.61 14.71 14.74 14.75 14.79 14.80 14.77 14.77 14.75 14.73 14.71 14.70 14.73 14.71 14.75 14.62 14.51 14.59 14.55 14.55 14.60 14.68 14.73 14.75 14.72 14.70 14.71
