Files/BOM data/2019071820190718.grid
ncols 839
nrows 679
xllcenter 112.0500
yllcenter -43.9500
cellsize 0.0500
nodata_value 99999.90
[rows 442 to 475 of 679, columns 693 to 769 of 839]
12.59 12.69 12.66 12.67 12.60 12.45 12.60 12.69 12.80 12.79 12.72 12.77 12.69 12.75 12.63 12.55 12.42 12.47 12.41 12.54 12.41 12.41 12.33 12.36 12.16 12.59 12.71 12.61 12.85 12.80 12.73 12.59 12.31 12.33 12.48 12.66 12.68 12.66 12.57 12.35 12.26 12.15 12.14 12.15 11.85 11.77 12.16 12.24 12.10 12.03 11.99 12.16 12.36 12.36 12.02 11.91 11.72 11.42 11.54 11.26 11.33 11.31 11.30 11.31 11.49 11.78 11.64 11.67 11.85 11.88 12.13 12.29 12.28 12.51 12.54 12.58 12.59
12.55 12.61 12.38 12.62 12.67 12.68 12.68 12.78 12.77 12.77 12.72 12.63 12.71 12.79 12.67 12.52 12.61 12.69 12.69 12.50 12.39 12.50 12.46 12.24 12.16 12.57 12.73 12.83 12.84 12.78 12.55 12.53 12.30 12.07 12.47 12.46 12.69 12.69 12.44 12.18 12.08 12.15 12.11 12.04 12.06 11.79 11.80 12.03 12.01 12.13 12.13 12.26 12.14 11.99 11.73 11.54 11.52 11.46 11.17 11.30 11.18 11.25 11.37 11.71 11.67 11.86 11.87 12.00 11.90 11.96 12.53 12.43 12.48 12.48 12.47 12.58 12.66
12.32 12.42 12.54 12.52 12.61 12.65 12.59 12.63 12.60 12.71 12.66 12.59 12.53 12.68 12.62 12.63 12.57 12.66 12.51 12.42 12.52 12.46 12.52 12.48 12.41 12.50 12.65 12.74 12.68 12.49 12.44 12.42 12.31 12.23 12.33 12.49 12.34 12.53 12.47 12.27 11.99 11.98 12.03 11.90 11.53 11.59 11.82 11.69 11.72 11.91 12.02 12.04 12.01 11.95 11.90 11.17 11.22 11.26 11.52 11.59 11.35 11.51 11.69 11.67 11.93 11.97 12.37 12.49 12.23 12.35 12.49 12.54 12.59 12.60 12.51 12.63 12.61
12.03 12.35 12.56 12.51 12.46 12.52 12.47 12.56 12.61 12.67 12.63 12.58 12.50 12.55 12.67 12.53 12.56 12.56 12.59 12.53 12.32 12.53 12.46 12.45 12.39 12.51 12.53 12.68 12.62 12.52 12.31 12.25 12.37 12.28 12.23 12.32 12.32 12.24 12.36 11.88 12.23 12.10 12.06 11.77 11.50 11.38 11.55 11.70 11.41 11.44 11.75 11.96 11.86 11.63 11.40 11.16 11.31 11.43 11.61 11.77 11.72 11.86 11.94 11.89 12.18 12.53 12.48 12.54 12.46 12.53 12.57 12.57 12.62 12.67 12.70 12.66 12.58
11.60 12.38 12.23 12.35 12.51 12.27 12.26 12.52 12.43 12.58 12.61 12.62 12.40 12.58 12.61 12.54 12.44 12.33 12.43 12.52 12.48 12.45 12.31 12.28 12.39 12.49 12.50 12.64 12.50 12.45 12.17 12.32 12.31 12.28 12.15 12.20 12.43 12.10 12.01 11.78 12.09 12.11 11.63 11.45 11.32 11.46 11.51 11.55 11.45 11.61 11.61 11.60 11.32 11.14 11.11 11.13 11.32 11.53 11.84 11.72 11.82 11.89 11.89 12.08 12.47 12.55 12.54 12.55 12.58 12.63 12.61 12.64 12.67 12.67 12.68 12.68 12.65
11.07 11.49 11.89 12.13 12.23 12.47 12.18 12.39 12.16 12.19 12.40 12.47 12.41 12.53 12.37 11.96 12.20 12.43 12.44 12.31 12.42 12.44 12.46 12.49 12.54 12.62 12.49 12.40 12.54 12.39 11.90 12.23 12.53 12.29 12.18 12.18 12.32 12.28 12.03 11.94 11.96 11.81 11.66 11.46 11.48 11.61 11.38 11.53 11.68 11.44 11.36 11.33 11.11 11.07 11.05 11.32 11.72 11.82 11.57 11.89 11.94 12.06 11.98 12.36 12.23 12.18 12.40 12.43 12.55 12.61 12.60 12.65 12.65 12.65 12.64 12.61 12.51
10.76 10.73 10.29 11.10 11.38 11.00 11.31 11.36 11.65 11.80 12.14 12.06 12.12 11.97 12.00 12.08 12.09 12.07 12.34 12.30 12.20 12.33 12.30 12.44 12.52 12.51 12.37 12.27 12.37 12.28 12.07 12.23 12.44 12.30 12.07 12.04 12.06 12.03 12.02 11.71 11.73 11.83 11.59 11.54 11.71 11.76 11.41 11.50 11.49 11.59 11.17 11.29 11.12 11.09 11.05 11.42 11.52 11.48 11.75 11.87 12.15 12.32 12.47 12.18 12.37 12.24 12.45 12.49 12.44 12.53 12.56 12.51 12.57 12.63 12.63 12.62 12.64
10.43 10.36 10.40 10.79 10.50 10.19 10.30 10.34 10.54 10.91 11.05 11.23 11.64 11.88 12.03 11.95 11.99 12.19 12.22 12.27 12.22 12.21 12.31 12.45 12.51 12.47 12.28 12.11 12.25 12.19 12.12 12.45 12.42 12.28 12.13 12.29 12.04 11.84 11.81 11.78 11.74 11.56 11.52 11.66 11.76 11.62 11.37 11.42 11.51 11.43 11.29 11.14 10.98 11.29 11.47 11.47 11.63 11.74 11.87 12.05 12.03 12.24 12.13 12.41 12.31 12.49 12.42 12.44 12.40 12.51 12.56 12.58 12.57 12.63 12.63 12.61 12.61
10.43 10.37 10.46 10.63 10.37 10.41 10.62 10.59 10.26 10.32 10.51 10.71 10.99 10.91 11.15 11.33 11.46 11.63 11.97 12.03 12.09 12.02 12.10 12.30 12.26 12.27 12.30 12.19 12.50 12.42 12.47 12.43 12.46 12.33 12.25 12.20 11.97 11.92 11.73 11.56 11.37 11.42 11.58 11.56 11.48 11.38 11.29 11.53 11.29 11.49 11.40 11.14 10.93 11.29 11.74 11.69 11.61 11.78 11.88 12.03 12.06 12.04 12.27 12.28 12.40 12.48 12.45 12.36 12.39 12.54 12.55 12.58 12.56 12.50 12.60 12.58 12.60
10.13 9.99 10.43 10.20 9.81 9.88 9.91 9.77 9.61 9.80 10.23 10.19 10.61 10.69 10.72 11.33 11.03 11.49 11.34 11.59 11.60 11.60 11.66 11.86 11.85 12.04 12.26 12.22 12.51 12.40 12.45 12.50 12.41 12.13 12.14 11.95 12.01 11.91 11.60 11.31 11.17 11.42 11.46 11.34 11.37 11.35 11.59 11.46 11.32 11.40 11.40 11.14 11.14 11.51 11.62 11.72 11.70 11.87 11.90 12.07 12.20 12.11 12.19 12.33 12.42 12.40 12.46 12.36 12.42 12.52 12.57 12.57 12.54 12.56 12.58 12.57 12.58
10.25 10.16 10.12 10.17 9.93 9.96 9.78 9.64 9.61 9.47 9.91 10.19 10.36 10.37 10.55 10.99 11.16 11.00 11.26 11.39 11.42 11.71 11.56 11.27 11.07 11.46 11.81 11.84 12.20 12.25 12.43 12.48 12.06 11.76 12.01 11.94 11.71 11.58 11.42 11.01 11.30 11.61 11.39 11.28 11.31 11.50 11.56 11.42 11.07 11.40 10.99 11.37 11.14 11.61 11.49 11.77 11.82 12.02 12.01 11.99 12.16 12.20 12.17 12.29 12.25 12.36 12.27 12.32 12.30 12.40 12.53 12.54 12.53 12.55 12.56 12.55 12.55
9.96 9.78 9.66 9.50 9.46 9.20 9.36 9.88 9.76 9.78 9.92 10.14 9.92 10.37 10.86 11.14 10.91 10.80 11.11 11.05 10.82 11.51 11.18 11.27 11.59 11.62 11.83 11.72 12.09 12.28 12.36 12.39 11.99 11.58 11.80 11.65 11.64 11.54 11.54 11.34 11.53 11.18 11.18 11.29 11.28 11.53 11.47 11.37 11.07 10.99 10.99 11.37 11.76 11.77 11.83 11.93 11.98 12.04 12.07 12.02 12.10 12.22 12.27 12.26 12.24 12.23 12.38 12.28 12.34 12.19 12.41 12.51 12.52 12.53 12.54 12.53 12.53
9.80 9.60 9.47 9.29 9.28 9.36 9.61 9.75 9.96 9.59 9.85 9.49 10.00 10.60 11.17 11.03 11.01 10.82 11.25 11.09 10.72 11.22 11.39 11.55 11.76 12.11 11.99 12.04 12.24 12.36 12.40 12.18 11.85 11.42 11.68 11.30 11.43 11.46 11.22 11.45 11.31 11.10 11.25 11.36 11.39 11.28 11.14 11.24 11.43 11.43 10.99 11.27 11.47 11.79 12.01 12.15 12.08 12.08 12.15 12.28 12.23 12.32 12.15 12.28 12.30 12.24 12.29 12.30 12.23 12.28 12.32 12.48 12.50 12.50 12.49 12.49 12.49
9.61 9.71 9.59 9.45 9.19 9.20 9.52 9.51 9.85 9.90 9.97 9.60 10.15 10.22 10.81 10.87 10.93 10.74 11.19 11.17 11.23 11.38 11.46 11.49 11.79 12.04 12.14 12.27 12.21 12.24 12.38 12.25 11.75 11.09 11.32 10.97 11.29 11.39 11.39 11.43 11.52 11.50 11.61 11.18 11.52 11.40 11.26 10.88 11.00 11.00 11.50 11.27 11.16 11.50 11.93 12.05 12.27 12.24 12.41 12.20 12.22 12.12 12.15 12.14 12.19 12.18 12.15 12.20 12.42 12.40 12.41 12.47 12.48 12.47 12.47 12.47 12.47
9.43 9.60 9.54 9.41 8.94 9.63 9.69 9.02 9.51 9.90 10.26 10.04 10.22 10.39 10.81 11.26 11.02 11.11 11.42 11.34 11.33 11.61 11.63 11.63 11.88 12.11 12.17 12.27 12.12 12.47 12.35 12.17 11.79 11.10 11.17 11.06 10.88 11.17 11.42 11.51 11.30 11.37 11.36 11.43 11.66 11.74 11.31 11.01 10.78 11.06 11.50 11.50 11.49 11.34 11.80 11.97 12.02 12.38 12.32 12.29 12.14 12.19 12.21 12.07 12.14 12.14 12.21 12.15 12.33 12.39 12.45 12.45 12.45 12.42 12.45 12.45 12.45
9.23 9.29 9.19 9.21 9.40 9.84 9.62 9.39 9.68 10.08 10.43 10.60 10.24 10.22 10.75 11.29 11.30 11.37 11.38 11.16 11.29 11.85 11.65 11.61 11.94 11.94 12.17 12.09 12.01 12.12 12.09 11.63 11.37 10.64 10.87 11.04 10.90 11.10 11.38 11.50 11.18 11.30 11.51 11.34 11.54 11.38 11.50 11.31 10.77 10.76 11.20 11.20 11.90 11.67 11.90 11.94 11.94 12.07 12.29 12.26 12.25 12.33 12.21 12.28 12.36 12.22 12.18 12.30 12.39 12.43 12.42 12.39 12.39 12.42 12.42 12.42 12.43
9.04 9.06 9.27 9.60 9.28 9.64 9.60 9.54 9.81 9.90 10.58 10.81 10.36 10.26 10.78 10.84 11.39 11.27 11.33 11.32 11.21 11.76 11.89 11.94 11.98 11.96 12.03 12.00 12.09 11.70 11.46 11.35 11.28 10.53 10.58 10.90 10.51 11.12 11.55 11.53 11.24 11.39 11.65 11.54 11.40 10.95 11.41 11.24 10.96 11.14 11.14 11.87 11.98 12.01 12.02 12.01 12.00 12.12 12.00 12.10 12.29 12.32 12.25 12.22 12.38 12.15 12.37 12.32 12.28 12.39 12.40 12.36 12.39 12.40 12.40 12.40 12.40
9.23 9.51 9.41 9.59 9.57 9.68 9.98 10.06 9.99 10.21 10.35 10.62 10.97 10.93 11.05 11.17 11.47 11.46 11.32 11.48 11.68 11.80 11.79 11.59 11.81 11.92 12.11 12.22 11.89 11.11 11.49 11.23 11.53 10.31 10.25 10.40 10.66 10.95 11.77 11.53 11.30 11.03 11.22 11.42 11.57 11.42 10.91 11.10 11.37 11.33 11.74 11.74 12.09 12.05 12.10 12.12 11.97 12.05 12.05 12.09 12.25 12.31 12.31 12.27 12.07 12.37 12.23 12.38 12.33 12.41 12.40 12.41 12.38 12.39 12.38 12.38 12.38
9.62 9.73 9.55 9.77 9.60 9.84 9.92 9.60 9.62 10.11 9.91 10.78 11.12 11.25 11.51 11.62 11.23 11.43 11.27 11.59 11.82 11.65 11.67 11.80 12.08 12.18 12.01 11.67 11.43 11.34 11.28 11.13 10.99 10.66 10.59 10.39 10.41 11.12 11.32 11.14 11.16 11.11 11.19 11.08 11.06 10.70 10.53 10.71 11.19 11.43 11.79 11.84 12.04 12.24 12.07 12.00 11.93 11.98 12.18 12.13 12.02 12.11 12.12 11.96 12.21 12.13 12.36 12.37 12.38 12.31 12.40 12.36 12.37 12.36 12.36 12.36 12.36
9.45 9.59 9.73 9.72 9.73 9.89 9.64 10.04 10.25 10.44 10.34 11.03 10.75 11.34 11.34 11.29 11.44 11.46 11.57 11.70 11.85 11.86 11.91 11.85 11.82 11.73 11.76 11.40 11.52 11.23 11.46 10.74 11.34 10.86 10.81 10.60 10.58 11.10 11.30 10.96 11.11 11.53 11.28 10.76 10.70 10.84 10.54 10.24 10.81 11.59 11.84 11.93 12.14 12.15 12.14 12.01 11.97 11.89 11.97 12.10 11.88 11.90 11.92 11.87 12.09 12.30 12.33 12.35 12.26 12.20 12.23 12.37 12.35 12.33 12.34 12.34 12.34
9.29 9.52 9.56 9.95 9.85 9.90 10.18 10.61 10.79 10.80 10.58 10.85 10.90 11.25 11.31 11.35 11.46 11.68 11.48 11.70 11.91 11.94 11.96 11.47 11.90 11.72 11.61 11.38 11.31 11.34 11.42 11.13 11.04 11.05 10.88 10.92 10.40 10.95 10.88 11.04 11.40 11.30 10.88 10.47 10.49 10.50 10.77 10.34 10.41 11.31 11.94 12.03 12.01 12.16 11.84 11.77 11.75 11.90 12.13 11.95 11.87 12.01 11.97 12.14 12.27 12.22 12.26 12.30 12.30 12.27 12.28 12.28 12.33 12.32 12.32 12.31 12.31
9.39 9.17 9.90 10.00 9.92 10.32 10.60 10.79 10.87 10.96 11.04 10.87 11.26 11.37 11.51 11.52 11.79 11.84 11.67 11.71 11.75 11.53 11.66 11.39 11.68 11.95 11.62 11.47 11.41 10.83 11.05 11.25 11.07 10.94 10.84 11.09 10.61 10.64 11.12 11.19 11.17 10.58 10.91 10.63 10.51 10.43 10.88 10.92 10.66 11.60 12.13 12.17 12.07 11.78 11.82 11.75 11.80 11.83 12.02 11.80 11.84 12.00 12.13 12.15 12.20 12.24 12.23 12.29 12.29 12.29 12.30 12.30 12.29 12.29 12.30 12.30 12.30
9.37 9.74 9.95 10.23 10.16 10.34 10.45 10.90 10.88 11.13 10.91 11.31 11.28 11.33 11.59 11.71 11.77 11.89 11.79 11.68 11.60 11.59 11.54 11.63 11.54 11.56 11.39 11.46 11.00 10.95 10.83 11.25 11.29 10.83 11.17 11.36 11.25 10.87 11.02 11.60 11.00 10.51 10.55 10.39 9.90 10.33 11.32 11.38 11.90 12.00 12.08 11.81 11.77 11.72 11.73 11.51 11.68 11.85 11.85 11.99 12.04 11.89 11.87 12.13 12.08 11.97 12.19 12.29 12.28 12.26 12.27 12.27 12.27 12.27 12.27 12.27 12.26
9.68 10.15 10.02 10.14 10.47 10.61 10.72 11.01 11.34 11.33 11.23 11.32 10.85 11.36 11.73 11.86 11.77 11.54 11.68 11.62 11.50 11.55 11.55 11.44 11.49 10.94 11.18 11.37 11.16 11.12 11.01 10.74 10.96 11.61 11.68 11.36 11.31 11.06 11.07 11.78 11.28 9.90 9.65 9.25 9.72 10.45 11.01 12.10 12.17 11.87 11.76 11.78 11.57 11.78 11.54 11.37 11.39 11.69 11.75 12.02 11.89 11.87 11.15 11.90 12.23 12.20 12.10 12.26 12.25 12.25 12.22 12.20 12.24 12.24 12.24 12.24 12.24
9.87 9.85 10.08 10.37 10.68 11.23 11.35 11.06 11.15 11.36 11.16 11.16 11.24 11.35 11.67 11.67 11.76 11.80 11.55 11.46 11.59 11.42 11.43 11.41 11.29 11.27 11.05 11.24 11.13 10.86 10.92 10.36 10.96 11.88 11.92 11.54 11.16 11.44 11.57 11.81 11.14 10.03 9.85 9.67 9.68 9.80 11.53 11.87 11.83 11.70 11.73 11.58 11.47 11.42 11.62 11.07 11.29 11.68 11.73 11.65 11.92 11.50 11.39 11.71 12.19 12.22 11.96 12.15 12.19 12.15 12.18 12.19 12.22 12.22 12.22 12.22 12.22
9.85 10.03 10.06 10.26 10.85 11.26 11.11 11.31 11.76 11.63 11.58 11.13 11.39 11.60 11.73 11.68 11.86 11.76 11.64 11.55 11.37 11.30 11.39 11.38 10.98 10.72 11.18 11.12 10.61 10.92 11.33 11.24 11.07 11.01 11.66 11.37 11.19 11.26 11.85 11.48 10.96 10.40 10.18 9.63 9.12 9.08 10.31 11.16 11.40 11.42 11.37 11.48 11.28 11.51 11.37 11.24 11.42 11.45 11.52 11.52 11.80 11.41 11.34 11.80 11.92 12.19 12.20 11.89 12.09 11.96 12.15 12.20 12.20 12.20 12.20 12.20 12.20
9.65 10.15 9.99 10.31 11.44 11.50 11.38 11.75 11.94 11.68 11.61 11.52 11.79 11.99 11.87 11.92 11.86 11.59 11.42 11.34 11.46 11.42 11.45 11.64 11.02 11.12 11.03 10.82 10.43 10.66 10.97 10.93 11.46 11.45 11.34 11.62 11.03 11.44 12.05 11.70 11.30 10.52 9.68 9.58 9.43 9.43 9.89 10.36 10.56 10.78 10.98 10.95 10.95 10.98 11.22 11.32 11.41 11.53 11.54 11.64 11.68 11.46 11.28 11.93 12.06 12.02 12.11 12.11 11.92 12.10 12.01 12.13 12.18 12.18 12.18 12.18 12.18
9.61 9.79 10.05 10.87 11.70 11.51 11.32 11.75 11.65 11.76 11.61 11.73 11.73 11.79 11.78 11.88 11.84 11.56 11.44 11.58 11.45 11.28 11.34 11.40 11.32 11.15 11.10 10.98 10.82 10.81 10.96 11.07 11.42 11.55 11.42 11.47 11.67 11.68 12.06 11.66 11.50 10.59 9.78 9.29 9.60 9.50 9.58 9.62 10.08 10.29 10.22 10.49 10.58 10.47 11.14 11.29 11.33 11.52 11.75 11.71 11.62 11.48 11.39 11.65 12.04 11.94 11.77 12.07 12.13 12.12 11.90 11.95 12.15 12.16 12.16 12.16 12.16
9.90 10.09 10.52 11.36 11.70 11.78 11.67 11.66 11.67 11.80 11.73 11.95 11.77 11.79 11.79 11.76 11.70 11.79 11.62 11.34 11.02 11.37 11.17 11.50 11.06 11.55 11.44 11.10 11.13 11.16 11.16 11.12 11.31 11.42 11.35 10.99 11.88 12.12 12.07 11.42 11.17 10.91 10.05 9.79 9.74 9.76 9.48 9.55 9.33 10.03 9.26 10.06 9.74 10.62 10.93 11.03 11.26 11.51 11.72 11.63 11.85 11.91 11.68 11.75 11.90 11.90 11.90 12.01 12.08 12.05 12.07 12.05 12.12 12.13 12.13 12.13 12.13
10.28 10.63 10.60 11.37 11.35 11.64 11.55 11.56 11.71 11.88 11.75 11.78 11.92 11.87 11.88 11.65 11.57 11.47 11.38 11.37 11.45 11.37 11.34 11.64 11.42 11.17 11.26 10.96 11.15 11.22 10.51 11.22 11.42 11.53 10.99 11.05 11.48 11.88 11.94 11.43 11.37 10.97 10.10 10.16 10.46 10.13 9.20 9.11 9.32 9.49 9.16 9.50 10.02 10.64 10.84 11.00 11.14 11.57 11.70 11.62 11.91 11.82 11.48 11.78 11.75 11.84 11.73 12.05 12.09 12.11 12.05 12.12 12.12 12.11 12.11 12.11 12.11
10.25 10.54 10.55 11.18 11.53 11.66 11.66 11.70 11.78 11.82 11.86 11.68 11.93 11.86 11.81 11.62 11.46 11.38 11.51 11.44 11.54 11.48 11.43 11.11 11.50 11.33 11.32 11.29 11.29 11.27 10.82 11.03 11.18 11.16 10.82 10.96 11.29 11.68 11.88 11.38 11.30 10.89 10.01 9.94 10.54 10.07 9.51 9.97 9.80 9.49 9.66 9.87 10.10 11.04 10.67 10.94 11.28 11.55 11.58 11.72 11.70 11.55 11.56 11.70 11.94 12.08 11.93 12.01 12.05 12.06 12.11 12.10 12.10 12.10 12.09 12.09 12.09
10.47 10.48 10.60 11.02 11.53 11.81 11.63 11.63 11.81 11.95 11.82 11.80 11.80 11.79 11.94 11.64 11.42 11.40 11.47 11.50 11.63 11.52 11.33 11.33 11.42 11.46 10.98 11.26 11.42 11.08 10.44 10.57 10.69 10.68 10.67 11.07 10.99 11.32 11.80 11.66 11.09 11.24 10.45 9.92 10.37 10.24 10.17 10.23 9.67 9.92 10.07 9.86 10.87 10.55 11.01 11.36 11.16 11.42 11.64 11.50 11.65 11.84 11.66 11.76 11.91 12.06 11.98 11.94 12.00 12.04 12.07 12.08 12.08 12.08 12.07 12.07 12.07
10.24 10.59 10.73 10.87 11.38 11.77 11.77 11.55 11.89 11.89 11.85 11.81 11.77 11.80 11.88 11.63 11.61 11.53 11.43 11.39 11.54 11.40 11.40 11.38 11.01 11.09 11.15 11.04 11.34 11.05 10.51 10.57 10.43 9.77 10.21 10.91 11.32 11.11 11.85 11.69 10.94 11.07 11.22 10.43 10.44 10.72 10.37 10.10 9.97 10.65 10.48 10.29 10.82 11.09 11.14 11.25 11.40 11.41 11.40 11.46 11.51 11.67 11.91 11.89 11.95 12.02 11.99 12.00 12.03 11.98 12.01 12.04 12.03 12.04 12.05 12.05 12.04
10.04 10.45 10.67 10.21 10.98 11.59 11.32 11.34 11.73 11.80 11.76 11.83 11.87 11.85 11.78 11.60 11.85 11.74 11.48 11.43 11.33 11.45 11.43 11.30 11.41 11.22 10.98 10.92 10.89 10.96 10.78 10.19 9.69 9.92 10.19 10.85 11.22 11.59 11.46 11.10 11.03 11.50 11.51 10.37 10.76 10.74 10.21 10.12 10.23 10.93 10.51 10.19 11.04 10.89 11.06 11.19 11.23 11.54 11.58 11.38 11.74 11.80 11.88 11.73 11.87 12.00 11.98 12.00 12.02 12.02 12.03 12.02 12.01 12.02 12.01 12.02 12.02
