Files/BOM data/2019071720190717.grid
ncols 839
nrows 679
xllcenter 112.0500
yllcenter -43.9500
cellsize 0.0500
nodata_value 99999.90
[rows 374 to 407 of 679, columns 693 to 769 of 839]
14.27 14.23 14.25 14.24 14.24 14.20 14.24 14.27 14.30 14.27 14.24 14.25 14.24 14.26 14.26 14.27 14.23 14.22 14.23 14.26 14.22 14.23 14.21 14.31 14.32 14.19 14.22 14.24 14.25 14.22 14.20 14.21 14.23 14.25 14.21 14.21 14.30 14.26 14.21 14.19 14.20 14.22 14.22 14.18 14.23 14.24 14.21 14.22 14.25 14.24 14.25 14.26 14.27 14.26 14.27 14.28 14.27 14.25 14.24 14.26 14.27 14.26 14.27 14.27 14.27 14.27 14.26 14.27 14.25 14.26 14.25 14.24 14.23 14.17 14.24 14.21 14.24
14.24 14.26 14.25 14.21 14.25 14.26 14.26 14.23 14.26 14.25 14.20 14.24 14.23 14.24 14.19 14.18 14.17 14.22 14.25 14.25 14.24 14.21 14.20 14.25 14.25 14.20 14.20 14.24 14.21 14.19 14.18 14.19 14.18 14.26 14.20 14.22 14.28 14.25 14.21 14.19 14.23 14.20 14.23 14.23 14.25 14.25 14.24 14.23 14.25 14.25 14.24 14.23 14.25 14.24 14.23 14.24 14.25 14.26 14.25 14.24 14.26 14.24 14.24 14.24 14.23 14.22 14.22 14.21 14.23 14.24 14.24 14.26 14.24 14.26 14.25 14.22 14.26
14.23 14.21 14.20 14.20 14.18 14.18 14.20 14.20 14.23 14.24 14.25 14.28 14.31 14.26 14.20 14.23 14.27 14.24 14.22 14.26 14.21 14.18 14.16 14.22 14.19 14.20 14.18 14.21 14.25 14.20 14.18 14.17 14.20 14.22 14.15 14.22 14.22 14.20 14.21 14.19 14.20 14.20 14.20 14.17 14.18 14.18 14.19 14.21 14.24 14.21 14.23 14.23 14.22 14.20 14.24 14.23 14.23 14.23 14.24 14.23 14.25 14.24 14.24 14.22 14.22 14.22 14.20 14.21 14.19 14.21 14.22 14.20 14.19 14.22 14.21 14.23 14.24
14.21 14.20 14.18 14.15 14.17 14.15 14.15 14.18 14.19 14.20 14.26 14.27 14.27 14.26 14.25 14.22 14.23 14.22 14.24 14.21 14.19 14.19 14.20 14.17 14.17 14.19 14.20 14.20 14.21 14.20 14.20 14.16 14.26 14.22 14.13 14.16 14.16 14.19 14.17 14.17 14.14 14.17 14.15 14.16 14.16 14.21 14.19 14.21 14.20 14.17 14.20 14.21 14.23 14.18 14.22 14.21 14.22 14.22 14.24 14.22 14.22 14.21 14.20 14.19 14.20 14.21 14.21 14.18 14.17 14.19 14.18 14.20 14.18 14.18 14.21 14.19 14.20
14.19 14.17 14.14 14.14 14.14 14.13 14.10 14.14 14.16 14.16 14.27 14.27 14.21 14.21 14.19 14.16 14.17 14.23 14.20 14.16 14.11 14.16 14.15 14.12 14.16 14.15 14.17 14.19 14.18 14.15 14.19 14.17 14.16 14.20 14.16 14.18 14.14 14.19 14.20 14.19 14.14 14.15 14.15 14.12 14.14 14.16 14.14 14.17 14.19 14.18 14.18 14.21 14.18 14.16 14.20 14.20 14.20 14.21 14.19 14.19 14.19 14.17 14.18 14.19 14.19 14.19 14.19 14.16 14.15 14.13 14.14 14.15 14.15 14.15 14.17 14.18 14.18
14.13 14.11 14.10 14.10 14.13 14.13 14.12 14.14 14.13 14.17 14.19 14.20 14.22 14.19 14.16 14.13 14.15 14.15 14.16 14.14 14.14 14.12 14.11 14.14 14.12 14.13 14.14 14.15 14.15 14.13 14.14 14.14 14.15 14.19 14.16 14.13 14.12 14.07 14.13 14.17 14.13 14.10 14.12 14.15 14.16 14.15 14.16 14.17 14.17 14.17 14.18 14.16 14.16 14.18 14.17 14.18 14.17 14.17 14.18 14.16 14.15 14.15 14.17 14.15 14.16 14.16 14.15 14.14 14.13 14.11 14.13 14.12 14.15 14.15 14.13 14.13 14.12
14.08 14.06 14.11 14.08 14.08 14.07 14.11 14.12 14.17 14.15 14.13 14.13 14.16 14.16 14.16 14.16 14.15 14.13 14.12 14.11 14.11 14.12 14.09 14.11 14.12 14.12 14.12 14.14 14.17 14.15 14.13 14.14 14.09 14.16 14.16 14.09 14.10 14.08 14.10 14.11 14.09 14.07 14.06 14.09 14.10 14.13 14.14 14.15 14.15 14.15 14.16 14.15 14.14 14.13 14.13 14.14 14.14 14.13 14.13 14.14 14.13 14.13 14.13 14.11 14.15 14.14 14.14 14.14 14.13 14.11 14.11 14.11 14.11 14.11 14.11 14.12 14.09
14.03 14.04 14.07 14.07 14.12 14.10 14.09 14.11 14.10 14.07 14.11 14.10 14.11 14.10 14.17 14.14 14.12 14.12 14.12 14.10 14.11 14.09 14.08 14.10 14.09 14.09 14.08 14.11 14.14 14.11 14.12 14.11 14.12 14.09 14.12 14.12 14.12 14.10 14.11 14.10 14.06 14.08 14.04 14.08 14.09 14.11 14.12 14.12 14.13 14.12 14.13 14.12 14.13 14.12 14.11 14.12 14.12 14.13 14.12 14.13 14.12 14.12 14.12 14.13 14.11 14.10 14.10 14.10 14.09 14.12 14.11 14.09 14.08 14.08 14.08 14.08 14.08
13.99 14.01 14.02 14.10 14.10 14.07 14.09 14.07 14.05 14.10 14.10 14.12 14.15 14.13 14.13 14.11 14.13 14.12 14.12 14.11 14.10 14.10 14.07 14.07 14.05 14.07 14.05 14.06 14.04 14.07 14.07 14.10 14.10 14.10 14.05 14.08 14.06 14.08 14.07 14.08 14.05 14.08 14.09 14.09 14.09 14.09 14.10 14.09 14.10 14.10 14.10 14.10 14.11 14.06 14.08 14.09 14.09 14.10 14.09 14.09 14.08 14.10 14.10 14.10 14.09 14.10 14.09 14.09 14.09 14.09 14.08 14.08 14.08 14.07 14.06 14.06 14.10
13.96 13.96 13.98 14.08 14.09 14.08 14.06 14.03 14.08 14.10 14.13 14.10 14.09 14.12 14.13 14.10 14.11 14.13 14.13 14.10 14.08 14.07 14.08 14.06 14.04 14.04 14.03 14.06 13.99 14.06 14.07 14.00 13.99 14.02 14.06 14.09 14.08 14.02 14.05 14.03 14.02 14.05 14.07 14.07 14.07 14.06 14.09 14.09 14.09 14.09 14.07 14.04 14.09 14.06 14.08 14.06 14.07 14.09 14.08 14.07 14.07 14.07 14.08 14.07 14.05 14.06 14.05 14.07 14.07 14.08 14.06 14.06 14.06 14.06 14.07 14.04 14.07
13.94 13.94 13.97 14.00 14.02 13.98 14.04 14.15 14.13 14.10 14.04 14.14 14.11 14.10 14.10 14.04 14.07 14.10 14.11 14.09 14.09 14.04 14.07 14.03 14.01 14.04 14.09 14.07 14.07 14.09 14.01 14.01 14.00 14.01 14.06 14.05 14.05 13.99 14.02 14.02 14.00 14.01 14.07 14.07 14.04 14.04 14.07 14.08 14.08 14.06 14.04 14.05 14.04 14.05 14.05 14.05 14.05 14.06 14.07 14.05 14.04 14.06 14.05 14.04 14.03 14.04 14.03 14.04 14.03 14.03 14.03 14.04 14.02 14.02 14.03 14.07 14.06
13.82 13.87 13.94 13.96 13.97 13.99 14.08 14.12 14.11 14.04 14.14 14.09 14.11 14.03 14.01 14.06 14.07 14.09 14.10 14.11 14.07 14.05 14.03 14.00 14.02 14.02 14.06 14.04 14.02 14.01 14.01 13.99 13.97 13.99 14.07 14.08 14.03 14.04 14.00 14.02 14.01 14.02 14.04 14.04 14.04 14.03 14.05 14.05 14.04 14.04 14.03 14.03 14.03 14.03 14.03 14.03 14.02 14.03 14.04 14.04 14.02 14.02 14.03 14.02 14.03 14.03 14.03 14.03 14.04 14.03 14.04 14.03 14.01 13.98 14.02 14.06 14.04
13.84 13.89 13.92 13.89 13.88 14.00 14.01 14.00 14.06 14.10 14.12 14.02 14.04 13.99 14.00 14.00 14.00 14.06 14.06 14.05 14.03 13.98 13.98 13.97 13.99 13.98 13.99 14.01 14.00 13.93 13.91 13.94 13.98 14.02 14.01 14.05 14.02 14.00 14.00 13.96 14.01 14.00 14.01 13.99 14.02 14.01 14.00 14.02 14.01 14.00 14.00 14.01 14.00 13.98 13.98 13.98 13.98 13.98 13.98 13.98 13.99 13.99 14.00 13.99 14.00 14.01 14.01 14.02 14.02 14.01 14.01 14.01 13.98 13.96 13.97 14.02 14.03
13.77 13.75 13.81 13.85 13.97 13.99 13.98 13.99 14.11 14.10 14.06 13.97 13.94 13.95 13.98 14.00 14.01 14.01 13.96 13.93 13.97 13.96 13.92 13.93 13.95 13.98 13.98 14.01 14.02 13.96 13.96 13.95 13.94 13.99 14.02 13.98 13.97 13.97 13.96 13.94 13.97 13.98 13.98 14.00 13.99 13.99 13.99 13.98 13.98 13.99 13.99 13.98 13.98 13.98 13.99 13.97 13.97 13.96 13.94 13.95 13.95 13.95 13.97 13.96 13.95 13.97 13.97 13.98 13.98 13.98 13.98 13.98 13.92 13.93 13.94 13.96 13.97
13.73 13.63 13.72 13.83 13.93 14.00 13.92 14.03 14.05 14.02 14.08 13.97 13.91 13.92 13.91 13.92 13.97 13.96 13.99 13.92 13.94 13.90 13.93 13.92 13.98 13.90 13.97 13.99 13.96 13.94 13.91 13.91 13.96 13.98 13.94 13.97 13.94 13.92 13.92 13.93 13.94 13.97 13.98 13.99 13.97 13.97 13.96 13.95 13.96 13.95 13.97 13.97 13.98 13.97 13.97 13.96 13.96 13.95 13.96 13.95 13.95 13.95 13.93 13.93 13.95 13.96 13.95 13.93 13.93 13.94 13.94 13.93 13.94 13.95 13.96 13.96 13.93
13.52 13.65 13.48 13.64 13.47 13.82 13.91 13.99 13.99 14.07 14.02 13.90 13.91 13.88 13.92 13.96 13.97 13.99 13.92 13.88 13.93 13.94 13.95 13.98 13.98 13.93 13.93 13.92 13.97 13.92 13.90 13.89 13.93 13.94 13.91 13.97 13.93 13.94 13.95 13.96 13.98 13.94 13.95 13.94 13.94 13.93 13.93 13.93 13.92 13.91 13.91 13.91 13.95 13.95 13.94 13.95 13.94 13.93 13.93 13.94 13.94 13.93 13.93 13.93 13.93 13.94 13.93 13.93 13.92 13.93 13.90 13.93 13.93 13.92 13.92 13.90 13.89
13.62 13.56 13.26 13.53 13.50 13.69 13.80 13.90 13.89 13.91 13.95 13.96 13.90 13.91 13.92 13.92 13.89 13.86 13.88 13.94 13.88 13.97 13.92 13.94 13.88 13.92 13.89 13.91 13.91 13.91 13.89 13.91 13.92 13.91 13.93 13.97 13.92 13.91 13.94 13.94 13.97 13.93 13.93 13.92 13.92 13.92 13.91 13.91 13.91 13.91 13.89 13.89 13.88 13.88 13.90 13.89 13.91 13.92 13.91 13.91 13.90 13.93 13.92 13.91 13.91 13.91 13.91 13.92 13.91 13.90 13.89 13.94 13.93 13.91 13.92 13.90 13.91
13.68 13.25 13.23 13.31 13.30 13.48 13.61 13.80 13.88 13.78 13.85 13.89 13.94 13.89 13.87 13.84 13.88 13.94 13.94 13.93 13.91 13.96 13.95 13.95 13.93 13.88 13.88 13.84 13.88 13.88 13.88 13.87 13.91 13.87 13.93 13.92 13.91 13.94 13.96 13.95 13.94 13.94 13.91 13.91 13.88 13.88 13.89 13.90 13.89 13.89 13.88 13.88 13.87 13.87 13.88 13.88 13.89 13.88 13.88 13.88 13.88 13.90 13.91 13.91 13.90 13.90 13.90 13.89 13.89 13.89 13.91 13.91 13.92 13.93 13.92 13.90 13.89
13.42 13.22 13.34 13.36 13.48 13.55 13.63 13.60 13.58 13.65 13.78 13.90 13.88 13.94 13.85 13.83 13.82 13.93 13.93 13.88 13.78 13.92 13.86 13.93 13.85 13.89 13.89 13.85 13.86 13.86 13.85 13.88 13.88 13.86 13.85 13.89 13.91 13.93 13.92 13.90 13.91 13.93 13.90 13.88 13.86 13.87 13.86 13.87 13.88 13.88 13.86 13.87 13.87 13.88 13.87 13.87 13.86 13.85 13.85 13.88 13.87 13.89 13.88 13.87 13.87 13.87 13.87 13.86 13.86 13.86 13.88 13.88 13.89 13.88 13.89 13.89 13.90
13.39 13.45 13.42 13.49 13.56 13.57 13.55 13.59 13.53 13.61 13.72 13.88 13.84 13.84 13.82 13.81 13.80 13.82 13.81 13.81 13.80 13.81 13.78 13.86 13.85 13.86 13.83 13.83 13.83 13.88 13.83 13.83 13.86 13.85 13.88 13.87 13.86 13.88 13.89 13.88 13.88 13.89 13.88 13.85 13.84 13.83 13.84 13.83 13.83 13.83 13.83 13.84 13.85 13.85 13.84 13.82 13.81 13.83 13.83 13.85 13.85 13.83 13.85 13.85 13.84 13.84 13.84 13.84 13.87 13.87 13.85 13.85 13.85 13.81 13.86 13.88 13.88
13.47 13.47 13.38 13.51 13.68 13.53 13.45 13.43 13.53 13.62 13.74 13.66 13.74 13.74 13.79 13.76 13.79 13.77 13.76 13.76 13.78 13.79 13.78 13.81 13.89 13.81 13.84 13.82 13.83 13.88 13.83 13.83 13.87 13.87 13.85 13.81 13.85 13.86 13.87 13.87 13.87 13.86 13.87 13.87 13.82 13.81 13.81 13.83 13.82 13.83 13.81 13.79 13.79 13.80 13.79 13.80 13.82 13.85 13.84 13.84 13.83 13.81 13.81 13.82 13.80 13.81 13.81 13.80 13.84 13.83 13.78 13.81 13.78 13.80 13.82 13.84 13.84
13.33 13.39 13.33 13.41 13.64 13.51 13.39 13.58 13.72 13.66 13.71 13.70 13.69 13.75 13.72 13.74 13.74 13.74 13.72 13.73 13.78 13.79 13.78 13.78 13.78 13.85 13.85 13.84 13.82 13.84 13.82 13.86 13.85 13.82 13.84 13.83 13.84 13.85 13.85 13.86 13.86 13.85 13.84 13.83 13.81 13.80 13.80 13.79 13.79 13.79 13.79 13.78 13.76 13.77 13.77 13.78 13.79 13.80 13.79 13.81 13.81 13.80 13.79 13.79 13.79 13.78 13.78 13.81 13.77 13.79 13.80 13.80 13.76 13.80 13.82 13.82 13.82
13.32 13.30 13.23 13.33 13.39 13.36 13.24 13.44 13.63 13.58 13.79 13.79 13.87 13.85 13.71 13.71 13.72 13.50 13.63 13.76 13.77 13.80 13.77 13.71 13.80 13.82 13.84 13.83 13.80 13.81 13.81 13.79 13.79 13.80 13.84 13.85 13.84 13.83 13.84 13.84 13.82 13.84 13.82 13.81 13.81 13.78 13.77 13.77 13.78 13.78 13.78 13.78 13.76 13.75 13.76 13.77 13.78 13.77 13.77 13.78 13.77 13.77 13.77 13.75 13.75 13.76 13.75 13.77 13.77 13.79 13.81 13.76 13.74 13.78 13.81 13.77 13.78
13.14 13.40 13.53 13.49 13.50 13.53 13.72 13.69 13.70 13.66 13.64 13.73 13.83 13.83 13.80 13.75 13.71 13.67 13.71 13.71 13.73 13.76 13.77 13.77 13.83 13.73 13.81 13.81 13.81 13.81 13.82 13.79 13.82 13.81 13.81 13.82 13.81 13.80 13.80 13.79 13.79 13.79 13.80 13.80 13.80 13.80 13.74 13.74 13.75 13.74 13.74 13.75 13.76 13.74 13.75 13.76 13.77 13.76 13.77 13.76 13.75 13.74 13.74 13.72 13.71 13.73 13.75 13.77 13.76 13.77 13.79 13.77 13.75 13.77 13.77 13.74 13.74
13.27 13.47 13.64 13.59 13.60 13.68 13.72 13.75 13.77 13.70 13.62 13.65 13.66 13.82 13.75 13.75 13.72 13.70 13.76 13.75 13.72 13.73 13.75 13.73 13.73 13.75 13.74 13.73 13.73 13.75 13.77 13.78 13.80 13.79 13.77 13.75 13.77 13.78 13.77 13.78 13.77 13.77 13.78 13.77 13.77 13.76 13.74 13.73 13.73 13.74 13.73 13.73 13.74 13.75 13.72 13.74 13.73 13.71 13.72 13.73 13.73 13.73 13.72 13.71 13.69 13.72 13.73 13.72 13.74 13.74 13.70 13.75 13.70 13.72 13.73 13.73 13.73
13.15 13.21 13.62 13.60 13.71 13.72 13.71 13.69 13.70 13.77 13.73 13.59 13.50 13.59 13.71 13.67 13.71 13.64 13.70 13.76 13.69 13.69 13.74 13.71 13.70 13.72 13.72 13.69 13.69 13.69 13.69 13.72 13.77 13.75 13.72 13.76 13.75 13.76 13.77 13.75 13.78 13.77 13.77 13.77 13.76 13.75 13.75 13.70 13.70 13.70 13.70 13.70 13.70 13.71 13.72 13.70 13.72 13.70 13.69 13.70 13.71 13.71 13.70 13.69 13.68 13.70 13.70 13.71 13.68 13.67 13.68 13.73 13.68 13.69 13.73 13.73 13.71
13.60 13.40 13.53 13.61 13.66 13.71 13.66 13.68 13.70 13.71 13.73 13.63 13.66 13.59 13.60 13.66 13.75 13.68 13.69 13.68 13.70 13.67 13.67 13.74 13.67 13.70 13.67 13.72 13.66 13.68 13.69 13.65 13.73 13.75 13.76 13.76 13.76 13.74 13.75 13.73 13.73 13.73 13.73 13.73 13.73 13.71 13.72 13.74 13.71 13.70 13.68 13.68 13.68 13.69 13.70 13.67 13.68 13.68 13.69 13.69 13.68 13.68 13.67 13.67 13.70 13.66 13.68 13.67 13.67 13.65 13.67 13.64 13.67 13.66 13.68 13.72 13.69
13.69 13.57 13.43 13.53 13.63 13.60 13.68 13.67 13.67 13.67 13.68 13.67 13.67 13.66 13.66 13.64 13.66 13.66 13.67 13.70 13.73 13.72 13.68 13.70 13.67 13.66 13.72 13.72 13.67 13.68 13.70 13.63 13.60 13.69 13.71 13.71 13.73 13.72 13.71 13.72 13.72 13.71 13.70 13.70 13.69 13.70 13.69 13.70 13.67 13.67 13.66 13.65 13.66 13.65 13.66 13.67 13.65 13.64 13.64 13.66 13.65 13.65 13.65 13.68 13.67 13.66 13.64 13.63 13.62 13.60 13.61 13.66 13.65 13.62 13.69 13.70 13.68
13.66 13.63 13.63 13.56 13.61 13.54 13.58 13.54 13.58 13.64 13.66 13.68 13.69 13.64 13.61 13.57 13.63 13.69 13.66 13.72 13.71 13.66 13.68 13.67 13.64 13.65 13.70 13.72 13.72 13.71 13.69 13.66 13.65 13.66 13.63 13.67 13.68 13.71 13.69 13.69 13.70 13.68 13.67 13.66 13.66 13.66 13.66 13.67 13.66 13.63 13.63 13.63 13.63 13.63 13.63 13.62 13.62 13.62 13.62 13.63 13.63 13.64 13.63 13.66 13.61 13.63 13.62 13.60 13.59 13.60 13.63 13.65 13.62 13.61 13.67 13.67 13.65
13.52 13.61 13.62 13.60 13.60 13.59 13.57 13.55 13.63 13.62 13.57 13.67 13.71 13.63 13.69 13.66 13.62 13.60 13.65 13.67 13.68 13.67 13.67 13.63 13.64 13.67 13.66 13.68 13.67 13.69 13.68 13.66 13.66 13.67 13.65 13.65 13.66 13.67 13.67 13.65 13.67 13.65 13.65 13.63 13.64 13.63 13.64 13.64 13.65 13.62 13.62 13.61 13.60 13.60 13.61 13.60 13.59 13.59 13.60 13.61 13.61 13.62 13.64 13.63 13.63 13.63 13.60 13.57 13.57 13.57 13.59 13.60 13.61 13.61 13.64 13.62 13.60
13.48 13.53 13.58 13.59 13.60 13.59 13.55 13.54 13.63 13.64 13.59 13.54 13.54 13.56 13.67 13.68 13.68 13.64 13.62 13.64 13.59 13.56 13.63 13.53 13.59 13.65 13.64 13.65 13.65 13.67 13.67 13.65 13.67 13.65 13.62 13.62 13.62 13.62 13.62 13.63 13.64 13.62 13.62 13.62 13.62 13.60 13.62 13.61 13.62 13.61 13.58 13.57 13.57 13.58 13.58 13.59 13.59 13.58 13.57 13.57 13.59 13.63 13.63 13.58 13.58 13.59 13.56 13.56 13.55 13.54 13.55 13.57 13.56 13.56 13.63 13.59 13.56
13.52 13.54 13.54 13.54 13.55 13.58 13.59 13.57 13.55 13.55 13.53 13.53 13.50 13.48 13.53 13.56 13.62 13.57 13.53 13.56 13.62 13.51 13.52 13.53 13.54 13.53 13.62 13.64 13.62 13.61 13.64 13.64 13.64 13.64 13.62 13.59 13.62 13.61 13.61 13.61 13.61 13.60 13.60 13.60 13.58 13.57 13.58 13.57 13.59 13.59 13.58 13.55 13.55 13.56 13.58 13.57 13.56 13.53 13.55 13.55 13.55 13.61 13.60 13.59 13.59 13.57 13.55 13.54 13.53 13.53 13.52 13.48 13.54 13.53 13.57 13.53 13.56
13.49 13.48 13.49 13.51 13.56 13.57 13.54 13.54 13.55 13.46 13.48 13.50 13.53 13.50 13.49 13.48 13.52 13.50 13.49 13.48 13.54 13.58 13.58 13.54 13.48 13.50 13.54 13.58 13.58 13.56 13.59 13.61 13.62 13.57 13.61 13.57 13.57 13.61 13.58 13.57 13.48 13.53 13.42 13.51 13.56 13.58 13.57 13.53 13.51 13.53 13.52 13.48 13.52 13.51 13.54 13.54 13.54 13.53 13.53 13.53 13.54 13.54 13.53 13.54 13.54 13.53 13.53 13.51 13.50 13.51 13.51 13.49 13.51 13.52 13.55 13.56 13.57
13.47 13.47 13.46 13.46 13.47 13.49 13.53 13.45 13.50 13.49 13.48 13.50 13.54 13.49 13.46 13.48 13.51 13.50 13.50 13.47 13.48 13.46 13.49 13.49 13.49 13.52 13.55 13.55 13.55 13.52 13.57 13.55 13.55 13.58 13.59 13.58 13.55 13.52 13.54 13.54 13.49 13.50 13.51 13.51 13.50 13.51 13.51 13.55 13.53 13.53 13.50 13.49 13.47 13.45 13.52 13.52 13.51 13.52 13.51 13.56 13.54 13.52 13.51 13.50 13.53 13.54 13.50 13.49 13.48 13.49 13.48 13.51 13.50 13.52 13.54 13.55 13.55
