Files/BOM data/2019070320190703.grid
ncols 839
nrows 679
xllcenter 112.0500
yllcenter -43.9500
cellsize 0.0500
nodata_value 99999.90
[rows 306 to 339 of 679, columns 0 to 76 of 839]
99999.90 99999.90 99999.90 99999.90 99999.90 99999.90 99999.90 99999.90 14.92 14.92 14.92 14.92 14.92 14.92 14.92 14.92 14.92 14.92 14.92 14.92 14.92 14.92 14.92 14.92 14.89 14.89 14.89 14.89 14.89 14.89 14.89 14.84 14.85 14.85 14.85 14.87 14.87 14.87 14.86 14.93 14.94 14.96 15.02 15.04 15.04 15.09 15.09 15.01 14.96 15.00 14.91 15.04 15.04 15.02 15.06 15.07 15.07 15.08 15.07 15.02 14.99 14.94 14.94 15.05 15.10 15.07 15.05 15.08 15.12 15.13 15.15 15.16 15.07 14.99 15.13 15.14 15.13
99999.90 99999.90 99999.90 99999.90 99999.90 99999.90 99999.90 99999.90 14.92 14.92 14.92 14.92 14.92 14.92 14.92 14.92 14.92 14.92 14.92 14.92 14.92 14.92 14.92 14.92 14.89 14.89 14.89 14.89 14.89 14.89 14.89 14.89 14.85 14.87 14.87 14.87 14.87 14.87 14.90 14.87 14.93 14.99 15.05 15.06 15.03 15.06 15.05 15.04 15.02 15.00 14.89 15.00 14.98 14.98 15.04 15.04 15.02 15.02 15.05 15.01 14.92 14.93 15.04 15.07 15.07 15.06 15.00 15.03 15.07 15.13 15.12 15.13 15.07 15.10 15.11 15.10 15.11
99999.90 99999.90 99999.90 99999.90 99999.90 99999.90 99999.90 99999.90 14.92 14.92 14.92 14.92 14.92 14.92 14.92 14.92 14.92 14.92 14.92 14.92 14.92 14.92 14.92 14.92 14.89 14.89 14.89 14.89 14.89 14.89 14.89 14.89 14.89 14.87 14.87 14.87 15.02 15.02 15.02 14.88 14.94 14.99 15.03 15.05 15.02 15.02 15.03 14.97 14.85 14.97 14.95 14.96 14.90 14.92 14.92 14.96 14.87 14.98 15.04 14.99 14.91 14.89 14.94 14.96 14.99 15.03 14.95 14.84 15.04 15.03 15.11 14.90 15.06 15.09 15.08 15.07 15.06
99999.90 99999.90 99999.90 99999.90 99999.90 99999.90 99999.90 99999.90 14.92 14.92 14.92 14.92 14.92 14.92 14.92 14.92 14.92 14.92 14.92 14.92 14.92 14.92 14.92 14.86 14.89 14.89 14.89 14.89 14.89 14.89 14.89 14.89 14.95 14.87 15.02 15.02 15.02 15.02 15.02 14.97 14.98 14.86 15.01 15.02 15.01 14.97 14.91 14.84 14.81 14.92 14.92 14.79 14.77 14.94 14.88 14.97 14.77 14.78 15.01 15.01 14.98 14.98 14.93 14.84 14.88 14.93 14.94 15.01 14.96 15.07 15.07 15.00 15.06 15.06 15.07 15.07 15.05
99999.90 99999.90 99999.90 99999.90 99999.90 99999.90 99999.90 99999.90 14.92 14.92 14.92 14.92 14.92 14.92 14.92 14.92 14.92 14.92 14.92 14.92 14.92 14.86 14.86 14.86 14.89 14.89 14.89 14.89 14.89 14.89 14.89 14.95 14.95 14.90 15.02 15.02 15.02 15.02 14.97 14.97 14.95 14.85 14.96 14.93 14.89 14.81 14.76 14.80 14.81 14.94 14.85 14.65 14.68 14.75 14.84 14.93 14.76 14.83 14.95 14.94 14.96 14.96 14.96 14.90 14.96 14.93 14.93 14.97 14.97 14.98 14.92 15.03 15.02 15.03 15.05 15.05 15.03
99999.90 99999.90 99999.90 99999.90 99999.90 99999.90 99999.90 99999.90 14.77 14.77 14.77 14.77 14.77 14.77 14.77 14.77 14.77 14.77 14.77 14.77 14.86 14.86 14.86 14.86 14.89 14.89 14.89 14.89 14.89 14.89 14.95 14.95 14.90 14.90 14.87 15.02 15.02 14.97 14.77 14.77 14.77 14.93 14.98 14.92 14.92 14.87 14.84 14.83 14.80 14.93 14.85 14.88 14.82 14.89 14.80 14.71 14.63 14.78 14.87 14.89 14.90 14.91 14.92 14.91 14.91 14.93 14.95 14.96 14.96 14.95 14.83 14.98 15.00 15.01 15.02 15.03 15.02
99999.90 99999.90 99999.90 99999.90 99999.90 99999.90 99999.90 99999.90 14.81 14.81 14.81 14.81 14.81 14.81 14.81 14.81 14.81 14.81 14.81 14.86 14.86 14.86 14.86 14.86 14.95 14.95 14.95 14.95 14.95 14.95 14.95 14.90 14.90 14.87 14.87 14.79 14.79 14.77 14.77 14.77 14.77 14.96 14.99 14.92 14.90 14.88 15.02 14.95 14.88 14.89 14.94 14.84 14.72 14.90 14.84 14.68 14.77 14.79 14.86 14.95 14.93 14.91 14.90 14.91 14.88 14.92 14.94 14.93 14.87 14.92 14.97 14.98 14.98 14.99 14.99 14.99 14.98
99999.90 99999.90 99999.90 99999.90 99999.90 99999.90 99999.90 99999.90 14.71 14.71 14.71 14.71 14.71 14.71 14.71 14.71 14.71 14.71 14.71 14.88 14.88 14.88 14.85 14.85 14.91 14.91 14.91 14.91 14.91 14.91 14.90 14.90 14.87 14.87 14.86 14.79 14.79 14.79 14.77 14.77 14.96 14.96 14.97 14.94 14.97 14.96 14.97 14.87 14.93 14.87 14.89 14.85 14.74 14.87 14.86 14.76 14.83 14.80 14.82 14.81 14.76 14.83 14.90 14.89 14.85 14.91 14.91 14.91 14.92 14.92 14.96 14.96 14.97 14.98 14.98 14.97 14.95
99999.90 99999.90 99999.90 99999.90 99999.90 99999.90 99999.90 99999.90 14.71 14.71 14.71 14.71 14.71 14.71 14.71 14.71 14.71 14.71 14.71 14.86 14.86 14.85 14.85 14.85 14.90 14.90 14.90 14.90 14.90 14.88 14.88 14.87 14.87 14.86 14.86 14.79 14.79 14.79 14.79 14.96 14.95 14.95 14.95 14.86 15.00 14.94 14.82 14.92 14.84 14.80 14.62 14.67 14.76 14.92 14.77 14.88 14.79 14.82 14.82 14.77 14.75 14.80 14.79 14.89 14.78 14.88 14.90 14.91 14.92 14.93 14.94 14.93 14.94 14.97 14.97 14.97 14.95
99999.90 99999.90 99999.90 99999.90 99999.90 99999.90 99999.90 99999.90 14.71 14.71 14.71 14.71 14.71 14.71 14.71 14.71 14.71 14.82 14.82 14.82 14.85 14.85 14.85 14.76 14.76 14.90 14.90 14.90 14.90 14.86 14.85 14.85 14.86 14.86 14.86 14.79 14.79 14.79 14.79 14.95 14.95 14.95 14.95 14.98 14.97 14.94 14.86 14.87 14.92 14.74 14.78 14.75 14.80 14.82 14.60 14.74 14.77 14.77 14.78 14.74 14.73 14.77 14.79 14.86 14.73 14.79 14.90 14.89 14.89 14.92 14.90 14.92 14.97 14.95 14.94 14.95 14.93
99999.90 99999.90 99999.90 99999.90 99999.90 99999.90 99999.90 99999.90 14.71 14.71 14.71 14.71 14.71 14.71 14.71 14.82 14.82 14.82 14.82 14.82 14.82 14.82 14.76 14.76 14.76 14.90 14.90 14.81 14.81 14.81 14.83 14.82 14.78 14.78 14.83 14.79 14.79 14.79 14.79 14.79 14.95 14.95 14.98 14.98 14.97 14.92 14.81 14.82 14.86 14.75 14.77 14.62 14.71 14.72 14.72 14.72 14.75 14.76 14.73 14.74 14.73 14.78 14.81 14.85 14.85 14.68 14.83 14.87 14.91 14.91 14.91 14.94 14.94 14.94 14.95 14.93 14.88
99999.90 99999.90 99999.90 99999.90 99999.90 99999.90 99999.90 99999.90 14.71 14.71 14.71 14.71 14.71 14.82 14.82 14.82 14.82 14.82 14.78 14.78 14.78 14.76 14.76 14.76 14.76 14.76 14.81 14.81 14.81 14.81 14.79 14.70 14.78 14.83 14.83 14.79 14.79 14.79 14.79 14.79 14.95 14.98 14.98 14.64 14.89 14.89 14.84 14.77 14.81 14.71 14.70 14.77 14.78 14.81 14.81 14.77 14.75 14.73 14.69 14.68 14.72 14.76 14.76 14.82 14.83 14.72 14.81 14.79 14.85 14.86 14.85 14.89 14.91 14.92 14.90 14.90 14.85
99999.90 99999.90 99999.90 99999.90 99999.90 99999.90 99999.90 99999.90 14.71 14.71 14.71 14.82 14.82 14.82 14.82 14.82 14.78 14.78 14.78 14.78 14.78 14.76 14.76 14.76 14.54 14.54 14.81 14.81 14.63 14.63 14.63 14.65 14.80 14.83 14.83 14.79 14.79 14.79 14.79 14.79 14.64 14.64 14.64 14.64 14.64 14.77 14.79 14.74 14.74 14.76 14.78 14.76 14.75 14.76 14.76 14.75 14.76 14.75 14.71 14.70 14.60 14.73 14.74 14.72 14.76 14.73 14.77 14.79 14.81 14.83 14.82 14.83 14.89 14.87 14.86 14.83 14.82
99999.90 99999.90 99999.90 99999.90 99999.90 99999.90 99999.90 99999.90 14.71 14.82 14.82 14.82 14.82 14.82 14.78 14.78 14.78 14.78 14.78 14.78 14.78 14.54 14.54 14.54 14.54 14.65 14.65 14.45 14.45 14.45 14.45 14.70 14.74 14.74 14.74 14.83 14.79 14.79 14.79 14.79 14.64 14.64 14.64 14.64 14.64 14.82 14.80 14.74 14.69 14.69 14.72 14.76 14.77 14.74 14.76 14.72 14.69 14.67 14.70 14.71 14.67 14.67 14.71 14.75 14.77 14.74 14.75 14.78 14.78 14.78 14.76 14.82 14.87 14.85 14.82 14.79 14.81
99999.90 99999.90 99999.90 99999.90 99999.90 99999.90 99999.90 99999.90 14.71 14.82 14.82 14.82 14.78 14.78 14.78 14.78 14.78 14.78 14.78 14.54 14.54 14.54 14.54 14.54 14.65 14.65 14.65 14.65 14.45 14.45 14.45 14.70 14.73 14.73 14.73 14.70 14.70 14.70 14.70 14.70 14.62 14.62 14.78 14.78 14.78 14.79 14.83 14.77 14.68 14.66 14.71 14.73 14.71 14.68 14.71 14.70 14.62 14.61 14.64 14.71 14.70 14.64 14.69 14.73 14.74 14.72 14.73 14.74 14.73 14.72 14.80 14.82 14.80 14.79 14.78 14.79 14.80
99999.90 99999.90 99999.90 99999.90 99999.90 99999.90 99999.90 99999.90 14.71 14.82 14.78 14.78 14.78 14.78 14.78 14.78 14.78 14.78 14.54 14.54 14.54 14.54 14.54 14.65 14.65 14.65 14.65 14.65 14.65 14.45 14.70 14.70 14.68 14.68 14.68 14.70 14.70 14.70 14.70 14.65 14.62 14.62 14.62 14.76 14.76 14.73 14.81 14.76 14.71 14.63 14.68 14.66 14.64 14.72 14.71 14.65 14.67 14.68 14.66 14.70 14.69 14.68 14.68 14.69 14.70 14.71 14.71 14.73 14.73 14.72 14.79 14.78 14.78 14.76 14.76 14.79 14.77
99999.90 99999.90 99999.90 99999.90 99999.90 99999.90 99999.90 99999.90 14.71 14.82 14.78 14.78 14.78 14.78 14.78 14.78 14.54 14.54 14.54 14.54 14.54 14.54 14.65 14.65 14.65 14.65 14.65 14.65 14.65 14.65 14.65 14.65 14.65 14.65 14.45 14.70 14.70 14.70 14.65 14.65 14.62 14.62 14.62 14.62 14.72 14.74 14.76 14.73 14.67 14.70 14.66 14.65 14.65 14.66 14.69 14.69 14.64 14.68 14.69 14.65 14.67 14.70 14.70 14.67 14.68 14.67 14.69 14.70 14.68 14.69 14.75 14.72 14.73 14.74 14.76 14.76 14.75
99999.90 99999.90 99999.90 99999.90 99999.90 99999.90 99999.90 99999.90 14.71 14.82 14.78 14.78 14.78 14.78 14.78 14.54 14.54 14.54 14.54 14.59 14.59 14.59 14.59 14.59 14.59 14.62 14.65 14.65 14.65 14.65 14.65 14.65 14.65 14.65 14.45 14.45 14.64 14.65 14.65 14.65 14.65 14.69 14.69 14.69 14.75 14.72 14.75 14.72 14.67 14.71 14.66 14.64 14.67 14.68 14.69 14.69 14.64 14.64 14.61 14.61 14.66 14.64 14.65 14.66 14.67 14.67 14.64 14.65 14.66 14.66 14.63 14.68 14.72 14.75 14.75 14.75 14.73
99999.90 99999.90 99999.90 99999.90 99999.90 99999.90 99999.90 99999.90 99999.90 14.82 14.78 14.78 14.78 14.54 14.54 14.54 14.59 14.59 14.59 14.59 14.59 14.59 14.59 14.59 14.62 14.62 14.70 14.70 14.70 14.70 14.65 14.65 14.65 14.67 14.67 14.67 14.66 14.64 14.64 14.64 14.57 14.59 14.59 14.59 14.69 14.71 14.72 14.71 14.67 14.67 14.65 14.63 14.64 14.66 14.65 14.63 14.63 14.64 14.58 14.64 14.63 14.65 14.63 14.60 14.62 14.64 14.65 14.64 14.65 14.64 14.65 14.67 14.67 14.72 14.72 14.71 14.67
99999.90 99999.90 99999.90 99999.90 99999.90 99999.90 99999.90 99999.90 99999.90 14.82 14.78 14.78 14.54 14.59 14.59 14.59 14.59 14.59 14.59 14.59 14.59 14.59 14.59 14.62 14.62 14.61 14.61 14.69 14.69 14.64 14.64 14.60 14.65 14.67 14.67 14.67 14.60 14.64 14.64 14.57 14.57 14.59 14.59 14.59 14.68 14.70 14.70 14.69 14.68 14.66 14.64 14.62 14.62 14.63 14.60 14.62 14.60 14.61 14.63 14.62 14.59 14.61 14.61 14.61 14.63 14.63 14.63 14.63 14.61 14.61 14.63 14.66 14.69 14.71 14.70 14.66 14.66
99999.90 99999.90 99999.90 99999.90 99999.90 99999.90 99999.90 99999.90 99999.90 99999.90 14.78 14.78 14.54 14.59 14.59 14.59 14.59 14.59 14.59 14.59 14.59 14.59 14.62 14.46 14.46 14.46 14.57 14.67 14.64 14.64 14.60 14.60 14.60 14.67 14.67 14.60 14.60 14.60 14.57 14.57 14.50 14.50 14.50 14.66 14.66 14.66 14.64 14.66 14.65 14.65 14.66 14.61 14.61 14.62 14.61 14.61 14.59 14.57 14.57 14.52 14.58 14.58 14.59 14.62 14.62 14.60 14.61 14.60 14.61 14.61 14.61 14.60 14.67 14.68 14.66 14.61 14.63
99999.90 99999.90 99999.90 99999.90 99999.90 99999.90 99999.90 99999.90 99999.90 99999.90 14.78 14.78 14.54 14.59 14.59 14.59 14.59 14.59 14.59 14.59 14.59 14.46 14.46 14.46 14.46 14.46 14.61 14.62 14.62 14.60 14.60 14.60 14.60 14.67 14.60 14.58 14.58 14.58 14.57 14.50 14.50 14.50 14.50 14.61 14.63 14.61 14.62 14.62 14.62 14.64 14.63 14.60 14.59 14.60 14.59 14.57 14.54 14.56 14.54 14.56 14.55 14.56 14.58 14.58 14.59 14.58 14.58 14.58 14.58 14.61 14.59 14.59 14.66 14.64 14.63 14.59 14.60
99999.90 99999.90 99999.90 99999.90 99999.90 99999.90 99999.90 99999.90 99999.90 99999.90 99999.90 99999.90 14.54 14.59 14.59 14.59 14.59 14.59 14.59 14.46 14.46 14.46 14.46 14.46 14.46 14.46 14.61 14.61 14.60 14.54 14.54 14.54 14.54 14.40 14.40 14.55 14.55 14.55 14.50 14.50 14.50 14.56 14.61 14.61 14.59 14.59 14.60 14.59 14.60 14.62 14.61 14.59 14.56 14.54 14.55 14.55 14.55 14.55 14.55 14.55 14.56 14.52 14.54 14.55 14.55 14.55 14.55 14.56 14.58 14.59 14.58 14.60 14.65 14.63 14.59 14.58 14.60
99999.90 99999.90 99999.90 99999.90 99999.90 99999.90 99999.90 99999.90 99999.90 99999.90 99999.90 99999.90 14.54 14.59 14.59 14.59 14.59 14.46 14.46 14.46 14.46 14.46 14.46 14.46 14.46 14.46 14.52 14.52 14.57 14.58 14.58 14.58 14.53 14.53 14.40 14.40 14.48 14.48 14.47 14.55 14.54 14.58 14.57 14.57 14.56 14.54 14.57 14.56 14.57 14.59 14.58 14.55 14.55 14.53 14.53 14.53 14.53 14.54 14.53 14.53 14.50 14.52 14.53 14.53 14.53 14.54 14.54 14.53 14.55 14.56 14.54 14.57 14.62 14.62 14.58 14.57 14.62
99999.90 99999.90 99999.90 99999.90 99999.90 99999.90 99999.90 99999.90 99999.90 99999.90 99999.90 99999.90 14.54 14.59 14.59 14.46 14.46 14.46 14.46 14.46 14.46 14.46 14.46 14.46 14.46 14.52 14.52 14.52 14.57 14.56 14.56 14.53 14.53 14.52 14.40 14.40 14.40 14.49 14.52 14.52 14.52 14.52 14.52 14.52 14.51 14.36 14.51 14.53 14.55 14.56 14.53 14.53 14.52 14.50 14.50 14.49 14.50 14.50 14.50 14.50 14.51 14.51 14.51 14.50 14.51 14.51 14.51 14.51 14.53 14.55 14.53 14.53 14.57 14.58 14.56 14.56 14.58
99999.90 99999.90 99999.90 99999.90 99999.90 99999.90 99999.90 99999.90 99999.90 99999.90 99999.90 99999.90 99999.90 14.59 14.59 14.46 14.46 14.46 14.46 14.46 14.46 14.46 14.46 14.46 14.52 14.52 14.52 14.52 14.56 14.56 14.53 14.53 14.53 14.52 14.50 14.52 14.52 14.50 14.49 14.49 14.49 14.49 14.49 14.49 14.49 14.49 14.50 14.50 14.52 14.51 14.51 14.50 14.49 14.48 14.48 14.48 14.49 14.48 14.47 14.49 14.49 14.49 14.48 14.48 14.48 14.48 14.49 14.50 14.55 14.54 14.52 14.53 14.55 14.57 14.53 14.53 14.52
99999.90 99999.90 99999.90 99999.90 99999.90 99999.90 99999.90 99999.90 99999.90 99999.90 99999.90 99999.90 99999.90 14.59 14.59 14.46 14.46 14.46 14.46 14.46 14.46 14.46 14.46 14.52 14.52 14.52 14.52 14.56 14.56 14.56 14.54 14.54 14.54 14.52 14.50 14.46 14.47 14.46 14.47 14.46 14.47 14.47 14.47 14.47 14.47 14.48 14.48 14.48 14.48 14.48 14.48 14.46 14.46 14.46 14.46 14.46 14.47 14.46 14.45 14.45 14.46 14.46 14.46 14.46 14.46 14.46 14.46 14.48 14.54 14.52 14.50 14.50 14.51 14.55 14.52 14.50 14.54
99999.90 99999.90 99999.90 99999.90 99999.90 99999.90 99999.90 99999.90 99999.90 99999.90 99999.90 99999.90 99999.90 14.59 14.59 14.46 14.46 14.46 14.46 14.46 14.46 14.46 14.52 14.52 14.52 14.52 14.52 14.56 14.56 14.54 14.54 14.54 14.50 14.52 14.46 14.44 14.42 14.43 14.44 14.43 14.44 14.45 14.43 14.43 14.46 14.45 14.44 14.44 14.45 14.45 14.45 14.44 14.43 14.43 14.44 14.45 14.44 14.44 14.46 14.44 14.43 14.44 14.44 14.43 14.43 14.43 14.42 14.44 14.51 14.50 14.47 14.48 14.48 14.52 14.50 14.50 14.51
99999.90 99999.90 99999.90 99999.90 99999.90 99999.90 99999.90 99999.90 99999.90 99999.90 99999.90 99999.90 99999.90 99999.90 14.62 14.46 14.46 14.46 14.46 14.46 14.46 14.52 14.52 14.52 14.52 14.52 14.56 14.56 14.54 14.54 14.45 14.45 14.45 14.49 14.43 14.44 14.40 14.41 14.41 14.41 14.42 14.41 14.36 14.41 14.42 14.42 14.41 14.42 14.42 14.42 14.42 14.42 14.42 14.40 14.43 14.42 14.42 14.44 14.44 14.43 14.41 14.42 14.43 14.42 14.41 14.41 14.39 14.43 14.47 14.48 14.47 14.46 14.46 14.47 14.46 14.48 14.47
99999.90 99999.90 99999.90 99999.90 99999.90 99999.90 99999.90 99999.90 99999.90 99999.90 99999.90 99999.90 99999.90 99999.90 99999.90 14.46 14.46 14.46 14.46 14.46 14.52 14.52 14.52 14.52 14.52 14.52 14.56 14.54 14.45 14.45 14.45 14.45 14.45 14.48 14.45 14.45 14.39 14.39 14.39 14.36 14.33 14.35 14.36 14.36 14.40 14.38 14.38 14.39 14.38 14.39 14.39 14.39 14.39 14.40 14.41 14.40 14.39 14.40 14.40 14.40 14.40 14.39 14.40 14.39 14.39 14.40 14.40 14.43 14.47 14.46 14.46 14.44 14.43 14.43 14.44 14.44 14.44
99999.90 99999.90 99999.90 99999.90 99999.90 99999.90 99999.90 99999.90 99999.90 99999.90 99999.90 99999.90 99999.90 99999.90 99999.90 14.46 14.46 14.46 14.46 14.52 14.52 14.52 14.52 14.52 14.52 14.56 14.45 14.45 14.45 14.45 14.45 14.45 14.48 14.48 14.43 14.42 14.35 14.35 14.35 14.36 14.31 14.35 14.39 14.39 14.39 14.39 14.36 14.35 14.35 14.34 14.31 14.36 14.37 14.37 14.34 14.37 14.37 14.36 14.37 14.37 14.37 14.37 14.37 14.37 14.37 14.38 14.37 14.39 14.40 14.42 14.41 14.42 14.41 14.41 14.42 14.42 14.42
99999.90 99999.90 99999.90 99999.90 99999.90 99999.90 99999.90 99999.90 99999.90 99999.90 99999.90 99999.90 99999.90 99999.90 99999.90 14.46 14.46 14.46 14.52 14.52 14.52 14.52 14.52 14.52 14.52 14.45 14.45 14.45 14.45 14.45 14.45 14.48 14.48 14.43 14.43 14.36 14.33 14.29 14.31 14.32 14.27 14.23 14.30 14.30 14.32 14.35 14.35 14.33 14.33 14.31 14.29 14.35 14.36 14.33 14.34 14.35 14.35 14.35 14.35 14.35 14.35 14.36 14.36 14.36 14.35 14.35 14.36 14.37 14.37 14.40 14.39 14.41 14.39 14.39 14.38 14.38 14.39
99999.90 99999.90 99999.90 99999.90 99999.90 99999.90 99999.90 99999.90 99999.90 99999.90 99999.90 99999.90 99999.90 99999.90 99999.90 99999.90 99999.90 14.52 14.52 14.52 14.52 14.52 14.52 14.52 14.45 14.45 14.45 14.45 14.45 14.45 14.48 14.48 14.43 14.36 14.36 14.36 14.32 14.29 14.27 14.23 14.26 14.22 14.27 14.30 14.33 14.34 14.34 14.32 14.27 14.27 14.29 14.23 14.25 14.26 14.32 14.33 14.33 14.34 14.33 14.33 14.34 14.34 14.33 14.33 14.33 14.33 14.33 14.36 14.38 14.37 14.39 14.38 14.40 14.36 14.35 14.35 14.35
99999.90 99999.90 99999.90 99999.90 99999.90 99999.90 99999.90 99999.90 99999.90 99999.90 99999.90 99999.90 99999.90 99999.90 99999.90 99999.90 99999.90 14.52 14.52 14.52 14.52 14.52 14.52 14.45 14.45 14.45 14.45 14.45 14.45 14.48 14.48 14.36 14.36 14.36 14.36 14.36 14.29 14.27 14.23 14.27 14.30 14.29 14.29 14.31 14.31 14.31 14.31 14.30 14.25 14.24 14.24 14.23 14.20 14.29 14.31 14.31 14.31 14.32 14.32 14.31 14.31 14.31 14.32 14.31 14.31 14.31 14.32 14.34 14.36 14.36 14.34 14.34 14.32 14.33 14.34 14.34 14.36
