Files/BOM data/2019070720190707.grid
ncols 839
nrows 679
xllcenter 112.0500
yllcenter -43.9500
cellsize 0.0500
nodata_value 99999.90
[rows 306 to 339 of 679, columns 231 to 307 of 839]
15.28 15.26 15.26 15.25 15.24 15.22 15.23 15.23 15.22 15.22 15.23 15.23 15.22 15.22 15.21 15.22 15.23 15.23 15.22 15.22 15.23 15.23 15.23 15.22 15.22 15.23 15.23 15.22 15.23 15.23 15.22 15.22 15.22 15.22 15.22 15.23 15.23 15.24 15.23 15.23 15.21 15.21 15.20 15.21 15.21 15.20 15.23 15.24 15.23 15.23 15.21 15.21 15.22 15.23 15.26 15.28 15.30 15.25 15.25 15.24 15.24 15.23 15.24 15.26 15.30 15.30 15.30 15.26 15.26 15.26 15.27 15.26 15.26 15.27 15.26 15.24 15.25
15.21 15.22 15.21 15.20 15.20 15.21 15.20 15.21 15.21 15.21 15.22 15.22 15.21 15.22 15.21 15.21 15.19 15.19 15.19 15.19 15.20 15.20 15.20 15.20 15.21 15.21 15.21 15.21 15.19 15.20 15.21 15.21 15.21 15.21 15.19 15.20 15.21 15.21 15.19 15.20 15.21 15.19 15.20 15.21 15.22 15.20 15.21 15.20 15.22 15.19 15.19 15.19 15.19 15.20 15.21 15.25 15.29 15.24 15.23 15.22 15.22 15.21 15.20 15.24 15.29 15.27 15.27 15.26 15.27 15.24 15.23 15.24 15.24 15.24 15.25 15.22 15.21
15.19 15.20 15.20 15.18 15.19 15.22 15.24 15.20 15.18 15.19 15.18 15.18 15.19 15.19 15.18 15.19 15.17 15.17 15.18 15.18 15.19 15.21 15.19 15.19 15.18 15.19 15.19 15.19 15.18 15.17 15.18 15.18 15.17 15.18 15.17 15.18 15.18 15.19 15.18 15.19 15.20 15.18 15.18 15.18 15.19 15.19 15.20 15.17 15.16 15.16 15.17 15.16 15.18 15.18 15.20 15.22 15.23 15.25 15.19 15.21 15.21 15.20 15.17 15.18 15.24 15.24 15.24 15.25 15.23 15.23 15.19 15.19 15.20 15.21 15.21 15.19 15.17
15.15 15.15 15.16 15.16 15.20 15.21 15.23 15.20 15.16 15.16 15.17 15.17 15.18 15.17 15.18 15.18 15.16 15.17 15.17 15.16 15.16 15.18 15.15 15.16 15.15 15.16 15.16 15.16 15.17 15.18 15.17 15.16 15.15 15.16 15.17 15.17 15.17 15.18 15.17 15.16 15.18 15.18 15.17 15.15 15.16 15.15 15.15 15.14 15.14 15.14 15.16 15.15 15.15 15.15 15.17 15.20 15.21 15.24 15.19 15.19 15.19 15.18 15.17 15.16 15.18 15.20 15.19 15.21 15.21 15.20 15.20 15.19 15.15 15.17 15.16 15.18 15.15
15.13 15.13 15.13 15.13 15.17 15.20 15.20 15.20 15.19 15.18 15.13 15.18 15.18 15.15 15.16 15.16 15.14 15.13 15.14 15.14 15.14 15.13 15.13 15.14 15.14 15.14 15.14 15.14 15.15 15.15 15.15 15.14 15.14 15.13 15.13 15.14 15.14 15.14 15.14 15.16 15.16 15.16 15.17 15.15 15.13 15.11 15.12 15.11 15.11 15.12 15.13 15.13 15.14 15.11 15.11 15.14 15.18 15.19 15.22 15.16 15.15 15.14 15.14 15.14 15.15 15.18 15.18 15.19 15.20 15.19 15.18 15.16 15.13 15.15 15.14 15.14 15.13
15.13 15.14 15.12 15.12 15.12 15.17 15.17 15.16 15.15 15.16 15.17 15.14 15.13 15.13 15.14 15.12 15.12 15.12 15.11 15.11 15.12 15.13 15.12 15.12 15.12 15.12 15.11 15.11 15.12 15.11 15.13 15.12 15.11 15.12 15.11 15.11 15.12 15.12 15.12 15.12 15.14 15.14 15.15 15.11 15.11 15.08 15.08 15.08 15.09 15.10 15.09 15.10 15.10 15.11 15.11 15.11 15.13 15.16 15.21 15.13 15.13 15.13 15.14 15.12 15.11 15.13 15.14 15.16 15.16 15.17 15.17 15.16 15.12 15.13 15.13 15.14 15.13
15.11 15.11 15.10 15.10 15.08 15.13 15.12 15.11 15.11 15.13 15.12 15.12 15.13 15.11 15.12 15.11 15.11 15.10 15.11 15.12 15.10 15.09 15.13 15.11 15.12 15.10 15.10 15.12 15.10 15.10 15.10 15.10 15.11 15.11 15.10 15.10 15.11 15.11 15.11 15.10 15.11 15.13 15.12 15.11 15.09 15.07 15.06 15.06 15.06 15.08 15.09 15.08 15.08 15.09 15.09 15.10 15.11 15.12 15.14 15.11 15.09 15.09 15.09 15.09 15.07 15.10 15.12 15.14 15.14 15.14 15.12 15.15 15.14 15.13 15.12 15.12 15.12
15.07 15.08 15.08 15.09 15.09 15.10 15.10 15.11 15.11 15.10 15.10 15.07 15.08 15.08 15.08 15.06 15.07 15.07 15.08 15.07 15.07 15.07 15.08 15.11 15.09 15.09 15.07 15.09 15.08 15.08 15.08 15.08 15.08 15.08 15.07 15.07 15.06 15.07 15.07 15.08 15.11 15.13 15.09 15.06 15.08 15.06 15.06 15.06 15.04 15.05 15.05 15.05 15.06 15.07 15.07 15.08 15.09 15.09 15.10 15.11 15.08 15.08 15.05 15.06 15.06 15.07 15.07 15.08 15.09 15.10 15.08 15.10 15.11 15.12 15.10 15.11 15.08
15.07 15.07 15.05 15.06 15.07 15.07 15.09 15.07 15.09 15.07 15.08 15.06 15.06 15.07 15.06 15.05 15.06 15.04 15.05 15.04 15.05 15.07 15.10 15.10 15.08 15.06 15.07 15.06 15.07 15.08 15.05 15.05 15.05 15.06 15.05 15.05 15.05 15.05 15.07 15.10 15.10 15.08 15.06 15.06 15.05 15.03 15.02 15.04 15.01 15.02 15.01 15.02 15.04 15.05 15.04 15.05 15.06 15.07 15.08 15.07 15.06 15.05 15.02 15.02 15.03 15.04 15.05 15.05 15.04 15.05 15.05 15.07 15.10 15.07 15.07 15.08 15.06
15.06 15.05 15.07 15.07 15.07 15.07 15.05 15.04 15.04 15.03 15.03 15.05 15.04 15.04 15.04 15.02 15.03 15.02 15.02 15.03 15.02 15.03 15.05 15.03 15.03 15.05 15.06 15.06 15.06 15.03 15.03 15.04 15.03 15.03 15.03 15.04 15.04 15.05 15.05 15.06 15.11 15.05 15.06 15.05 15.04 15.03 15.01 15.01 15.00 15.00 15.00 15.02 15.02 15.02 15.02 15.03 15.04 15.04 15.04 15.01 15.02 15.02 15.01 15.02 15.04 15.03 15.04 15.03 15.03 15.03 15.03 15.04 15.06 15.05 15.04 15.03 15.04
15.02 15.04 15.07 15.07 15.05 15.03 15.03 15.01 15.01 15.01 15.01 15.02 15.01 15.04 15.02 14.99 15.00 15.00 15.00 15.00 15.00 15.02 15.05 15.06 15.05 15.05 15.03 15.03 15.04 15.01 15.01 15.00 15.00 15.00 15.00 15.02 15.01 15.03 15.03 15.05 15.03 15.05 15.01 15.00 14.99 15.00 15.00 15.00 14.98 14.99 15.00 14.98 14.98 14.99 15.00 15.00 15.01 15.04 15.03 15.00 15.00 14.99 15.00 15.00 14.99 15.01 15.01 15.02 15.01 15.01 15.01 15.03 15.02 15.01 15.02 15.01 15.02
15.01 15.01 15.02 15.01 15.01 14.99 15.01 15.00 15.01 15.00 14.98 14.96 14.98 14.99 14.97 14.95 14.98 14.98 14.98 14.98 14.98 14.99 15.01 15.02 15.03 15.01 15.04 15.01 14.99 14.99 14.98 14.96 14.96 14.98 14.98 15.00 14.98 15.00 14.98 14.99 14.99 15.00 14.98 14.97 14.96 14.96 14.97 14.96 14.96 14.97 14.98 14.99 14.99 14.99 14.98 14.99 15.01 15.02 15.01 14.96 14.97 14.98 14.98 14.99 14.99 14.99 14.99 14.99 14.97 14.97 14.99 15.01 14.99 14.98 14.99 14.99 14.99
14.99 15.00 14.98 14.99 14.99 14.99 14.99 14.98 14.97 14.96 14.95 14.96 14.95 14.96 14.95 14.95 14.95 14.95 14.94 14.95 14.96 14.95 14.95 15.00 14.99 15.01 15.02 15.01 14.98 14.97 14.97 14.96 15.02 15.02 15.01 15.02 15.00 14.97 14.95 14.96 14.96 14.96 14.95 14.94 14.95 14.96 14.96 14.95 14.95 14.95 14.96 14.97 14.97 15.00 14.98 14.97 14.99 14.97 14.97 14.94 14.95 14.96 14.97 14.98 14.97 14.98 14.97 14.96 14.95 14.96 14.96 14.97 14.97 14.97 14.97 14.97 14.97
14.97 14.97 14.96 14.98 15.02 15.02 14.99 14.96 14.93 14.93 14.93 14.93 14.94 14.93 14.93 14.93 14.92 14.92 14.93 14.94 14.94 14.94 14.93 14.97 14.97 15.00 15.02 15.02 14.96 14.97 14.97 14.98 15.01 15.00 14.98 14.96 14.94 14.96 14.96 14.94 14.92 14.92 14.92 14.94 14.94 14.94 14.94 14.94 14.94 14.96 14.94 14.94 14.94 14.97 14.97 14.97 14.96 14.94 14.94 14.94 14.96 14.98 14.95 14.95 14.96 14.97 14.96 14.96 14.97 14.96 14.95 14.95 14.95 14.94 14.94 14.94 14.94
14.95 14.98 14.96 14.97 14.99 14.99 14.95 14.94 14.94 14.93 14.91 14.92 14.91 14.91 14.91 14.91 14.90 14.91 14.92 14.92 14.91 14.93 14.92 14.95 14.97 14.98 14.99 14.97 14.97 14.96 14.95 14.92 14.94 14.96 14.96 14.94 14.92 14.93 14.93 14.92 14.92 14.91 14.92 14.92 14.91 14.91 14.93 14.91 14.90 14.92 14.94 14.94 14.92 14.92 14.93 14.94 14.95 14.95 14.93 14.92 14.94 14.95 14.94 14.93 14.92 14.92 14.93 14.92 14.92 14.94 14.95 14.94 14.93 14.90 14.92 14.92 14.93
14.92 14.93 14.93 14.93 14.95 14.95 14.92 14.92 14.91 14.90 14.90 14.90 14.89 14.90 14.89 14.90 14.89 14.89 14.91 14.91 14.90 14.92 14.90 14.92 14.94 14.93 14.94 14.93 14.92 14.91 14.92 14.92 14.91 14.92 14.93 14.90 14.89 14.90 14.89 14.88 14.89 14.88 14.89 14.89 14.90 14.89 14.90 14.90 14.91 14.90 14.91 14.93 14.96 14.91 14.90 14.91 14.92 14.90 14.90 14.90 14.91 14.90 14.92 14.90 14.89 14.90 14.90 14.88 14.90 14.92 14.93 14.91 14.90 14.89 14.90 14.92 14.91
14.90 14.90 14.91 14.94 14.92 14.91 14.94 14.92 14.89 14.88 14.86 14.87 14.86 14.87 14.88 14.90 14.85 14.86 14.86 14.88 14.87 14.89 14.91 14.89 14.89 14.91 14.90 14.89 14.88 14.87 14.88 14.88 14.88 14.88 14.87 14.85 14.86 14.86 14.86 14.86 14.86 14.86 14.88 14.86 14.88 14.87 14.87 14.87 14.88 14.88 14.88 14.88 14.88 14.89 14.92 14.92 14.91 14.90 14.88 14.89 14.89 14.88 14.87 14.89 14.86 14.87 14.88 14.87 14.89 14.89 14.87 14.88 14.87 14.86 14.87 14.88 14.88
14.90 14.87 14.87 14.89 14.89 14.90 14.91 14.94 14.93 14.85 14.84 14.83 14.84 14.86 14.86 14.86 14.85 14.85 14.87 14.86 14.87 14.88 14.91 14.91 14.90 14.88 14.87 14.86 14.85 14.85 14.84 14.87 14.86 14.85 14.85 14.83 14.83 14.86 14.84 14.84 14.85 14.85 14.87 14.85 14.85 14.85 14.85 14.85 14.85 14.84 14.85 14.86 14.86 14.86 14.87 14.87 14.87 14.89 14.88 14.86 14.86 14.87 14.86 14.86 14.85 14.85 14.85 14.86 14.86 14.85 14.85 14.86 14.85 14.85 14.86 14.85 14.86
14.90 14.84 14.86 14.85 14.84 14.84 14.87 14.87 14.89 14.86 14.83 14.84 14.83 14.83 14.83 14.84 14.83 14.82 14.84 14.86 14.87 14.88 14.85 14.84 14.84 14.84 14.83 14.81 14.81 14.82 14.82 14.82 14.83 14.83 14.82 14.81 14.84 14.83 14.83 14.82 14.82 14.82 14.83 14.83 14.83 14.83 14.83 14.83 14.83 14.83 14.82 14.82 14.83 14.85 14.88 14.86 14.84 14.85 14.84 14.85 14.85 14.83 14.83 14.83 14.84 14.84 14.84 14.84 14.84 14.85 14.84 14.83 14.83 14.84 14.84 14.85 14.85
14.80 14.81 14.84 14.83 14.81 14.82 14.83 14.85 14.86 14.85 14.82 14.83 14.84 14.84 14.82 14.83 14.84 14.83 14.82 14.82 14.80 14.83 14.81 14.82 14.82 14.80 14.78 14.78 14.79 14.81 14.83 14.81 14.80 14.79 14.79 14.79 14.81 14.80 14.80 14.81 14.80 14.79 14.80 14.79 14.80 14.80 14.81 14.81 14.81 14.82 14.81 14.80 14.79 14.81 14.81 14.84 14.86 14.83 14.82 14.82 14.83 14.80 14.79 14.80 14.82 14.82 14.82 14.82 14.83 14.83 14.82 14.80 14.80 14.81 14.79 14.81 14.83
14.78 14.81 14.79 14.79 14.79 14.79 14.79 14.81 14.81 14.81 14.79 14.81 14.82 14.82 14.81 14.81 14.81 14.81 14.79 14.79 14.78 14.80 14.80 14.81 14.80 14.76 14.75 14.76 14.75 14.76 14.80 14.76 14.76 14.76 14.77 14.78 14.77 14.77 14.77 14.78 14.78 14.78 14.78 14.79 14.78 14.76 14.77 14.77 14.79 14.79 14.77 14.77 14.77 14.79 14.80 14.83 14.82 14.82 14.81 14.81 14.79 14.78 14.81 14.80 14.79 14.80 14.81 14.77 14.79 14.80 14.79 14.79 14.79 14.79 14.80 14.82 14.81
14.75 14.76 14.77 14.78 14.77 14.76 14.76 14.77 14.78 14.80 14.79 14.80 14.81 14.79 14.80 14.79 14.78 14.79 14.77 14.77 14.78 14.79 14.78 14.78 14.76 14.75 14.74 14.72 14.74 14.75 14.78 14.76 14.75 14.74 14.75 14.76 14.75 14.74 14.75 14.76 14.75 14.75 14.74 14.74 14.75 14.79 14.76 14.75 14.75 14.75 14.77 14.75 14.75 14.75 14.76 14.77 14.78 14.81 14.80 14.80 14.76 14.75 14.77 14.77 14.79 14.77 14.77 14.79 14.79 14.77 14.77 14.77 14.76 14.75 14.77 14.80 14.79
14.74 14.73 14.74 14.75 14.74 14.72 14.73 14.74 14.75 14.79 14.80 14.81 14.81 14.78 14.78 14.81 14.80 14.76 14.74 14.73 14.74 14.75 14.75 14.77 14.74 14.74 14.73 14.77 14.73 14.73 14.78 14.74 14.73 14.73 14.73 14.74 14.72 14.72 14.72 14.73 14.73 14.73 14.71 14.71 14.72 14.75 14.76 14.74 14.73 14.72 14.72 14.74 14.70 14.71 14.73 14.75 14.76 14.75 14.77 14.78 14.76 14.71 14.75 14.75 14.75 14.76 14.75 14.74 14.79 14.76 14.75 14.74 14.73 14.73 14.75 14.77 14.81
14.71 14.71 14.72 14.72 14.72 14.72 14.72 14.71 14.71 14.76 14.77 14.77 14.76 14.74 14.74 14.77 14.75 14.74 14.72 14.70 14.70 14.71 14.73 14.78 14.73 14.70 14.71 14.72 14.70 14.72 14.73 14.72 14.69 14.70 14.72 14.72 14.72 14.71 14.70 14.71 14.71 14.71 14.71 14.70 14.70 14.71 14.72 14.72 14.71 14.69 14.69 14.72 14.75 14.79 14.74 14.74 14.74 14.74 14.74 14.73 14.73 14.73 14.75 14.72 14.74 14.71 14.70 14.72 14.73 14.75 14.73 14.72 14.72 14.73 14.75 14.75 14.75
14.69 14.68 14.67 14.68 14.68 14.68 14.69 14.68 14.69 14.69 14.69 14.72 14.72 14.72 14.71 14.72 14.71 14.70 14.69 14.68 14.69 14.68 14.70 14.71 14.73 14.71 14.71 14.72 14.69 14.70 14.70 14.71 14.68 14.68 14.71 14.71 14.70 14.69 14.69 14.69 14.69 14.68 14.68 14.67 14.68 14.69 14.70 14.70 14.68 14.67 14.67 14.67 14.68 14.72 14.72 14.70 14.70 14.70 14.70 14.70 14.70 14.74 14.75 14.76 14.73 14.74 14.74 14.72 14.72 14.74 14.73 14.71 14.71 14.70 14.69 14.70 14.69
14.66 14.66 14.65 14.65 14.64 14.65 14.65 14.65 14.65 14.66 14.68 14.67 14.68 14.70 14.69 14.72 14.72 14.69 14.67 14.67 14.67 14.67 14.66 14.69 14.69 14.69 14.72 14.74 14.74 14.74 14.73 14.73 14.69 14.68 14.70 14.67 14.66 14.67 14.66 14.66 14.65 14.66 14.65 14.66 14.66 14.66 14.66 14.67 14.69 14.67 14.66 14.65 14.65 14.64 14.67 14.72 14.66 14.66 14.65 14.64 14.66 14.70 14.71 14.73 14.76 14.77 14.78 14.78 14.75 14.77 14.75 14.72 14.69 14.68 14.68 14.68 14.67
14.65 14.63 14.63 14.63 14.64 14.64 14.62 14.63 14.63 14.65 14.64 14.65 14.66 14.66 14.66 14.68 14.68 14.66 14.64 14.66 14.65 14.65 14.64 14.68 14.70 14.68 14.66 14.65 14.65 14.69 14.71 14.72 14.72 14.69 14.70 14.66 14.63 14.64 14.64 14.64 14.64 14.63 14.63 14.64 14.63 14.66 14.64 14.64 14.66 14.67 14.66 14.66 14.68 14.70 14.70 14.72 14.69 14.64 14.63 14.62 14.64 14.65 14.67 14.70 14.76 14.75 14.72 14.75 14.76 14.73 14.74 14.72 14.67 14.65 14.64 14.66 14.65
14.61 14.63 14.62 14.62 14.63 14.64 14.63 14.63 14.62 14.63 14.62 14.61 14.62 14.65 14.65 14.66 14.65 14.62 14.64 14.66 14.68 14.66 14.65 14.65 14.64 14.64 14.65 14.70 14.72 14.71 14.69 14.70 14.72 14.72 14.67 14.65 14.64 14.63 14.61 14.60 14.62 14.62 14.60 14.61 14.61 14.62 14.63 14.63 14.64 14.64 14.63 14.64 14.64 14.64 14.66 14.70 14.67 14.60 14.61 14.63 14.63 14.62 14.63 14.66 14.70 14.68 14.70 14.73 14.72 14.70 14.72 14.72 14.67 14.65 14.65 14.63 14.63
14.61 14.60 14.60 14.59 14.59 14.59 14.60 14.62 14.61 14.60 14.60 14.62 14.61 14.61 14.62 14.62 14.61 14.61 14.63 14.64 14.65 14.66 14.65 14.61 14.63 14.63 14.62 14.65 14.66 14.67 14.66 14.66 14.69 14.66 14.63 14.65 14.63 14.62 14.62 14.60 14.58 14.58 14.61 14.61 14.61 14.61 14.61 14.62 14.61 14.67 14.65 14.63 14.62 14.62 14.62 14.62 14.61 14.60 14.60 14.60 14.62 14.61 14.60 14.62 14.64 14.66 14.68 14.65 14.68 14.63 14.64 14.66 14.65 14.61 14.60 14.59 14.60
14.58 14.57 14.57 14.57 14.57 14.58 14.58 14.58 14.61 14.59 14.59 14.58 14.57 14.58 14.59 14.58 14.56 14.56 14.56 14.61 14.63 14.65 14.63 14.59 14.62 14.65 14.62 14.63 14.63 14.65 14.64 14.63 14.63 14.59 14.58 14.59 14.61 14.61 14.61 14.58 14.58 14.58 14.59 14.60 14.59 14.58 14.58 14.59 14.62 14.66 14.64 14.62 14.60 14.62 14.60 14.58 14.58 14.58 14.58 14.58 14.62 14.61 14.58 14.60 14.59 14.61 14.64 14.61 14.59 14.62 14.64 14.61 14.62 14.63 14.65 14.58 14.60
14.57 14.58 14.56 14.57 14.56 14.56 14.56 14.56 14.55 14.55 14.54 14.56 14.56 14.56 14.58 14.55 14.55 14.56 14.56 14.56 14.59 14.62 14.62 14.58 14.59 14.60 14.62 14.58 14.57 14.60 14.59 14.59 14.60 14.59 14.57 14.56 14.58 14.60 14.59 14.58 14.56 14.56 14.56 14.55 14.55 14.55 14.55 14.55 14.56 14.59 14.57 14.54 14.56 14.60 14.60 14.57 14.55 14.56 14.55 14.57 14.60 14.60 14.65 14.61 14.55 14.59 14.59 14.58 14.55 14.60 14.61 14.58 14.58 14.57 14.55 14.58 14.55
14.56 14.55 14.54 14.54 14.52 14.52 14.53 14.53 14.53 14.52 14.53 14.55 14.55 14.54 14.54 14.55 14.55 14.55 14.53 14.53 14.54 14.57 14.56 14.53 14.53 14.52 14.54 14.59 14.56 14.55 14.56 14.56 14.55 14.54 14.53 14.53 14.55 14.58 14.58 14.56 14.52 14.52 14.52 14.52 14.53 14.52 14.52 14.53 14.53 14.54 14.54 14.54 14.57 14.58 14.57 14.54 14.53 14.53 14.52 14.55 14.57 14.60 14.61 14.60 14.57 14.55 14.56 14.55 14.55 14.59 14.57 14.58 14.53 14.53 14.53 14.53 14.52
14.52 14.51 14.51 14.51 14.50 14.51 14.50 14.50 14.50 14.51 14.50 14.51 14.52 14.53 14.52 14.50 14.53 14.51 14.50 14.50 14.53 14.54 14.56 14.54 14.54 14.51 14.50 14.56 14.56 14.54 14.54 14.54 14.51 14.51 14.51 14.50 14.50 14.53 14.55 14.57 14.51 14.50 14.50 14.50 14.50 14.51 14.51 14.51 14.51 14.51 14.50 14.50 14.56 14.56 14.51 14.50 14.52 14.54 14.53 14.58 14.58 14.59 14.57 14.56 14.55 14.54 14.55 14.56 14.53 14.52 14.52 14.53 14.52 14.51 14.51 14.50 14.51
14.48 14.48 14.49 14.49 14.48 14.49 14.50 14.48 14.47 14.47 14.47 14.46 14.45 14.48 14.47 14.48 14.49 14.49 14.49 14.50 14.51 14.51 14.52 14.53 14.51 14.52 14.52 14.49 14.51 14.51 14.51 14.51 14.52 14.50 14.49 14.49 14.49 14.50 14.53 14.53 14.51 14.48 14.49 14.48 14.48 14.48 14.47 14.47 14.47 14.47 14.47 14.47 14.55 14.55 14.49 14.50 14.49 14.49 14.49 14.49 14.56 14.60 14.60 14.55 14.51 14.51 14.51 14.53 14.54 14.52 14.52 14.52 14.52 14.48 14.48 14.49 14.50
