Files/BOM data/2019073020190730.grid
ncols 839
nrows 679
xllcenter 112.0500
yllcenter -43.9500
cellsize 0.0500
nodata_value 99999.90
[rows 238 to 271 of 679, columns 0 to 76 of 839]
99999.90 99999.90 99999.90 99999.90 99999.90 99999.90 99999.90 99999.90 99999.90 99999.90 99999.90 99999.90 99999.90 99999.90 99999.90 99999.90 99999.90 99999.90 99999.90 99999.90 99999.90 99999.90 99999.90 99999.90 17.95 18.11 17.80 18.00 18.00 18.00 18.00 18.00 18.00 18.00 18.18 18.18 18.18 18.18 18.21 18.21 18.22 18.25 18.25 18.25 18.25 18.25 18.25 17.67 17.67 17.67 17.67 17.73 17.73 18.02 18.30 18.27 18.23 18.18 18.10 18.11 18.12 18.13 18.13 18.26 18.31 18.32 18.32 18.30 18.29 18.26 18.18 18.19 18.13 18.11 18.08 18.12 18.07
99999.90 99999.90 99999.90 99999.90 99999.90 99999.90 99999.90 99999.90 99999.90 99999.90 99999.90 99999.90 99999.90 99999.90 99999.90 99999.90 99999.90 99999.90 99999.90 99999.90 99999.90 99999.90 99999.90 99999.90 17.95 17.95 17.80 18.00 18.00 18.00 18.00 18.00 18.00 18.00 18.00 18.00 18.18 18.18 18.18 18.21 18.24 18.25 18.25 18.25 18.25 18.25 17.66 17.66 17.66 17.67 17.67 17.67 17.97 18.15 18.31 18.26 18.21 18.15 18.11 18.11 18.02 18.14 18.14 18.20 18.28 18.28 18.29 18.28 18.23 18.25 18.21 18.17 18.12 18.11 18.11 18.09 18.10
99999.90 99999.90 99999.90 99999.90 99999.90 99999.90 99999.90 99999.90 99999.90 99999.90 99999.90 99999.90 99999.90 99999.90 99999.90 99999.90 99999.90 99999.90 99999.90 99999.90 99999.90 99999.90 99999.90 17.95 17.95 17.95 17.80 17.80 17.80 18.00 18.00 18.00 18.00 18.00 18.00 18.00 18.00 18.25 18.25 18.21 18.20 18.25 18.25 18.25 18.25 18.25 17.66 17.66 17.66 17.66 17.57 17.57 18.04 18.13 18.16 18.17 18.13 18.10 18.07 18.08 18.02 18.11 18.13 18.12 18.13 18.19 18.21 18.22 18.20 18.20 18.15 18.10 18.08 18.13 18.14 18.16 18.11
99999.90 99999.90 99999.90 99999.90 99999.90 99999.90 99999.90 99999.90 99999.90 99999.90 99999.90 99999.90 99999.90 99999.90 99999.90 99999.90 99999.90 99999.90 99999.90 99999.90 99999.90 99999.90 99999.90 17.95 17.95 17.95 17.80 17.80 17.80 17.80 17.80 17.80 18.00 18.00 18.00 18.00 18.00 18.00 18.20 18.16 18.19 18.19 18.19 18.25 18.25 18.25 17.76 17.76 17.66 17.66 17.66 17.92 18.09 18.07 18.06 18.14 18.13 18.06 17.99 18.07 18.12 18.18 18.14 18.17 18.13 18.13 18.17 18.22 18.24 18.23 18.15 18.12 18.15 18.21 18.22 18.18 18.12
99999.90 99999.90 99999.90 99999.90 99999.90 99999.90 99999.90 99999.90 99999.90 99999.90 99999.90 99999.90 99999.90 99999.90 99999.90 99999.90 99999.90 99999.90 99999.90 99999.90 99999.90 99999.90 99999.90 17.95 17.95 17.95 17.95 17.80 17.80 17.80 17.80 17.80 17.80 17.80 17.80 18.14 18.14 18.14 18.14 18.12 18.15 18.15 18.15 18.15 18.15 17.76 17.76 17.76 17.76 17.93 17.93 17.97 18.23 18.14 17.99 18.02 18.06 18.07 18.05 17.98 17.97 18.10 18.12 18.03 18.11 18.10 18.17 18.22 18.24 18.23 18.19 18.17 18.15 18.22 18.22 18.16 18.18
99999.90 99999.90 99999.90 99999.90 99999.90 99999.90 99999.90 99999.90 99999.90 99999.90 99999.90 99999.90 99999.90 99999.90 99999.90 99999.90 99999.90 99999.90 99999.90 99999.90 99999.90 99999.90 99999.90 17.95 17.95 17.95 17.95 17.95 17.95 17.80 17.80 17.80 17.80 17.80 17.80 17.80 18.13 18.13 18.13 18.11 18.16 18.16 18.16 18.16 18.16 17.70 17.70 17.76 17.76 17.76 18.02 18.13 18.22 18.23 18.09 18.06 18.06 18.08 17.98 17.99 17.99 18.06 18.09 18.00 18.08 18.12 18.21 18.24 18.22 18.22 18.21 18.20 18.17 18.11 18.15 18.15 18.16
99999.90 99999.90 99999.90 99999.90 99999.90 99999.90 99999.90 99999.90 99999.90 99999.90 99999.90 99999.90 99999.90 99999.90 99999.90 99999.90 99999.90 99999.90 99999.90 99999.90 99999.90 99999.90 99999.90 17.95 17.95 17.95 17.95 17.95 17.95 17.95 17.95 17.80 17.80 17.80 17.80 17.80 17.80 18.18 18.15 18.13 18.17 18.17 18.17 18.04 18.04 17.70 17.70 17.70 17.88 17.88 18.15 18.17 18.16 18.20 18.15 18.15 18.14 18.10 18.02 18.07 18.10 18.12 18.12 18.04 18.10 18.13 18.21 18.19 18.20 18.20 18.19 18.16 18.11 18.07 18.10 18.16 18.07
99999.90 99999.90 99999.90 99999.90 99999.90 99999.90 99999.90 99999.90 99999.90 99999.90 99999.90 99999.90 99999.90 99999.90 99999.90 99999.90 99999.90 99999.90 99999.90 99999.90 99999.90 99999.90 99999.90 17.95 17.95 17.95 17.95 17.95 17.95 17.95 17.95 17.95 18.11 18.11 18.12 18.12 18.12 18.15 18.15 18.13 18.13 18.13 18.04 18.04 18.04 17.60 17.70 17.70 17.70 18.11 18.17 18.17 18.18 18.18 18.15 18.18 18.16 18.12 18.12 18.10 18.13 18.10 18.04 18.04 18.08 18.15 18.19 18.18 18.10 18.10 18.08 18.05 18.01 18.04 18.04 18.09 18.05
99999.90 99999.90 99999.90 99999.90 99999.90 99999.90 99999.90 99999.90 99999.90 99999.90 99999.90 99999.90 99999.90 99999.90 99999.90 99999.90 99999.90 99999.90 99999.90 99999.90 99999.90 99999.90 99999.90 17.95 17.95 17.95 17.95 17.95 17.95 17.95 17.95 17.95 17.95 18.11 18.11 18.14 18.14 18.15 18.15 18.11 18.10 18.04 18.04 18.04 18.04 17.60 17.60 17.80 17.80 18.16 18.14 18.14 18.17 18.13 18.10 18.14 18.12 18.11 18.09 18.08 18.06 17.97 17.95 17.96 18.03 18.11 18.10 18.07 17.99 17.99 18.00 17.98 17.95 18.03 18.04 18.03 18.07
99999.90 99999.90 99999.90 99999.90 99999.90 99999.90 99999.90 99999.90 99999.90 99999.90 99999.90 99999.90 99999.90 99999.90 99999.90 99999.90 99999.90 99999.90 99999.90 99999.90 99999.90 99999.90 99999.90 17.95 17.95 17.95 17.95 17.95 17.95 17.95 17.95 17.95 17.95 17.95 18.11 18.11 18.11 18.11 18.10 18.09 18.16 18.16 18.16 18.16 18.01 17.60 17.60 17.60 17.88 18.07 18.11 18.08 18.11 18.08 18.07 18.07 18.08 18.04 18.05 18.06 18.01 17.93 17.95 18.02 17.97 18.00 17.93 17.93 17.96 17.94 17.96 17.99 18.04 18.04 18.04 18.06 18.14
99999.90 99999.90 99999.90 99999.90 99999.90 99999.90 99999.90 99999.90 99999.90 99999.90 99999.90 99999.90 99999.90 99999.90 99999.90 99999.90 99999.90 99999.90 99999.90 99999.90 99999.90 99999.90 99999.90 17.95 17.95 17.95 17.95 17.95 17.95 17.95 17.95 17.95 17.95 17.95 17.95 18.09 18.09 18.09 18.07 18.02 18.18 18.16 18.16 18.01 18.01 18.01 17.66 17.66 17.89 18.14 18.10 18.10 18.08 18.05 18.07 18.07 18.05 18.06 18.05 18.03 18.02 17.96 18.01 18.05 18.03 17.94 17.86 17.86 17.89 17.86 17.88 18.00 18.02 18.08 18.05 18.09 18.08
99999.90 99999.90 99999.90 99999.90 99999.90 99999.90 99999.90 99999.90 99999.90 99999.90 99999.90 99999.90 99999.90 99999.90 99999.90 99999.90 99999.90 99999.90 99999.90 99999.90 99999.90 99999.90 99999.90 17.95 17.95 17.95 17.95 17.95 17.95 17.95 17.95 17.95 17.95 18.06 18.06 18.09 18.08 18.05 18.13 18.16 18.15 18.15 17.91 18.01 18.01 18.01 17.81 17.81 17.93 18.11 18.08 18.08 18.10 18.06 18.03 18.08 18.07 18.06 18.07 18.03 18.00 17.98 18.03 18.02 18.06 18.03 17.90 17.90 17.96 17.96 17.95 17.91 17.85 18.05 18.02 17.99 17.96
99999.90 99999.90 99999.90 99999.90 99999.90 99999.90 99999.90 99999.90 99999.90 99999.90 99999.90 99999.90 99999.90 99999.90 99999.90 99999.90 99999.90 99999.90 99999.90 99999.90 99999.90 99999.90 99999.90 17.95 17.95 17.95 17.95 17.95 17.95 17.95 17.95 17.95 17.95 17.95 18.11 18.11 18.09 18.21 18.20 18.13 18.14 18.05 17.91 18.04 18.05 17.97 17.77 17.90 18.06 18.06 18.04 18.05 18.08 18.08 18.08 18.06 18.07 18.11 18.06 18.03 17.96 17.99 17.94 17.98 18.02 18.05 18.00 17.98 17.96 18.00 17.96 17.87 17.71 17.80 17.82 17.86 17.89
99999.90 99999.90 99999.90 99999.90 99999.90 99999.90 99999.90 99999.90 99999.90 99999.90 99999.90 99999.90 99999.90 99999.90 99999.90 99999.90 99999.90 99999.90 99999.90 99999.90 99999.90 99999.90 99999.90 18.10 18.10 18.10 18.10 18.10 18.10 18.10 18.10 18.10 18.10 18.10 18.10 18.17 18.16 18.15 18.04 18.13 18.10 18.03 18.07 18.02 18.01 18.00 18.03 18.03 18.04 18.04 18.04 18.04 18.07 18.07 18.05 18.02 18.04 18.08 18.04 18.05 18.01 18.04 17.98 17.99 18.00 17.95 17.94 17.93 17.94 17.97 17.96 17.95 17.90 17.86 17.82 17.91 17.89
99999.90 99999.90 99999.90 99999.90 99999.90 99999.90 99999.90 99999.90 99999.90 99999.90 99999.90 99999.90 99999.90 99999.90 99999.90 99999.90 99999.90 99999.90 99999.90 99999.90 99999.90 99999.90 99999.90 18.10 18.10 18.10 18.10 18.10 18.10 18.10 18.10 18.10 18.10 18.10 18.07 18.02 17.92 17.96 17.98 17.96 17.99 18.09 18.06 17.99 18.01 18.01 18.03 18.00 17.96 18.01 18.04 18.04 18.04 18.04 18.03 17.99 18.00 18.07 18.04 18.06 18.04 18.06 18.03 18.04 17.97 17.94 17.94 17.93 17.96 17.91 17.92 17.98 17.92 17.87 17.91 17.96 17.93
99999.90 99999.90 99999.90 99999.90 99999.90 99999.90 99999.90 99999.90 99999.90 99999.90 99999.90 99999.90 99999.90 99999.90 99999.90 99999.90 99999.90 99999.90 99999.90 99999.90 99999.90 99999.90 99999.90 18.03 18.03 18.03 18.03 18.03 18.03 18.03 18.03 18.03 18.03 18.03 18.03 17.90 17.83 17.90 17.92 17.95 18.02 18.08 18.00 18.01 18.04 17.93 17.88 17.84 18.00 18.00 18.03 18.01 18.03 18.03 18.03 18.02 18.03 18.04 18.02 18.02 18.02 18.04 18.04 18.02 18.01 17.95 17.94 17.89 17.91 17.89 17.91 17.92 17.93 17.95 17.94 17.93 17.93
99999.90 99999.90 99999.90 99999.90 99999.90 99999.90 99999.90 99999.90 99999.90 99999.90 99999.90 99999.90 99999.90 99999.90 99999.90 99999.90 99999.90 99999.90 99999.90 99999.90 99999.90 99999.90 99999.90 18.03 18.03 18.03 18.03 18.03 18.03 18.03 18.03 18.03 18.03 18.03 17.91 17.83 17.81 17.94 17.91 17.97 18.01 17.99 17.99 18.00 18.01 17.99 17.96 17.93 17.99 18.00 18.00 18.00 18.00 18.00 18.01 18.02 18.02 17.99 17.99 17.99 18.00 18.01 18.00 17.99 17.97 17.96 17.95 17.95 17.90 17.91 17.93 17.97 17.94 17.92 17.88 17.90 17.93
99999.90 99999.90 99999.90 99999.90 99999.90 99999.90 99999.90 99999.90 99999.90 99999.90 99999.90 99999.90 99999.90 99999.90 99999.90 99999.90 99999.90 99999.90 99999.90 99999.90 99999.90 99999.90 99999.90 18.03 18.03 18.03 18.03 18.03 18.03 18.03 18.03 18.03 18.03 17.91 17.91 17.81 17.82 17.92 17.92 17.93 17.93 17.95 17.99 18.02 17.99 18.01 17.97 17.97 17.98 17.99 17.99 17.98 17.99 17.97 17.98 18.00 17.99 17.98 17.94 17.97 17.96 17.97 17.99 17.96 17.94 17.93 17.95 17.92 17.88 17.88 17.89 17.94 17.92 17.89 17.87 17.92 17.89
99999.90 99999.90 99999.90 99999.90 99999.90 99999.90 99999.90 99999.90 99999.90 99999.90 99999.90 99999.90 99999.90 99999.90 99999.90 99999.90 99999.90 99999.90 99999.90 99999.90 99999.90 99999.90 99999.90 18.03 18.03 18.03 18.03 18.03 18.03 18.03 18.03 18.03 17.91 17.63 17.63 17.63 17.73 17.84 17.86 17.94 17.90 17.85 17.93 17.99 17.96 17.98 17.97 17.95 17.95 17.97 17.98 17.99 17.99 17.97 17.96 17.96 17.97 17.97 17.93 17.92 17.91 17.93 17.95 17.94 17.94 17.90 17.94 17.92 17.88 17.88 17.89 17.89 17.88 17.90 17.90 17.87 17.89
99999.90 99999.90 99999.90 99999.90 99999.90 99999.90 99999.90 99999.90 99999.90 99999.90 99999.90 99999.90 99999.90 99999.90 99999.90 99999.90 99999.90 99999.90 99999.90 99999.90 99999.90 99999.90 99999.90 18.03 18.03 18.03 18.03 18.03 18.03 18.03 18.03 17.63 17.63 17.63 17.63 17.63 17.82 17.81 17.88 17.95 17.84 17.86 17.91 17.84 17.87 17.94 17.94 17.93 17.94 17.95 17.95 17.96 17.95 17.95 17.94 17.95 17.94 17.94 17.89 17.92 17.91 17.88 17.88 17.82 17.92 17.89 17.89 17.87 17.90 17.88 17.86 17.83 17.83 17.83 17.89 17.87 17.83
99999.90 99999.90 99999.90 99999.90 99999.90 99999.90 99999.90 99999.90 99999.90 99999.90 99999.90 99999.90 99999.90 99999.90 99999.90 99999.90 99999.90 99999.90 99999.90 99999.90 99999.90 99999.90 99999.90 18.03 18.03 18.03 18.03 18.03 18.03 17.63 17.63 17.63 17.63 17.63 17.76 17.76 17.76 17.84 17.89 17.92 17.90 17.90 17.95 17.89 17.91 17.87 17.91 17.92 17.93 17.95 17.94 17.95 17.93 17.92 17.92 17.92 17.94 17.94 17.91 17.87 17.87 17.83 17.83 17.87 17.91 17.88 17.85 17.85 17.88 17.89 17.87 17.82 17.82 17.84 17.84 17.83 17.84
99999.90 99999.90 99999.90 99999.90 99999.90 99999.90 99999.90 99999.90 99999.90 99999.90 99999.90 99999.90 99999.90 99999.90 99999.90 99999.90 99999.90 99999.90 99999.90 99999.90 99999.90 99999.90 99999.90 18.03 18.03 18.03 18.03 18.03 17.63 17.63 17.63 17.63 17.68 17.68 17.68 17.68 17.68 17.77 17.85 17.90 17.81 17.81 17.91 17.83 17.89 17.89 17.90 17.91 17.91 17.91 17.92 17.91 17.88 17.90 17.90 17.91 17.91 17.92 17.90 17.87 17.81 17.79 17.83 17.86 17.89 17.87 17.85 17.85 17.87 17.87 17.85 17.82 17.82 17.76 17.78 17.80 17.79
99999.90 99999.90 99999.90 99999.90 99999.90 99999.90 99999.90 99999.90 99999.90 99999.90 99999.90 99999.90 99999.90 99999.90 99999.90 99999.90 99999.90 99999.90 99999.90 99999.90 99999.90 99999.90 99999.90 18.03 18.03 17.50 17.50 17.50 17.50 17.50 17.50 17.50 17.50 17.50 17.62 17.62 17.62 17.75 17.87 17.91 17.85 17.82 17.84 17.88 17.83 17.86 17.86 17.88 17.89 17.88 17.88 17.87 17.85 17.89 17.91 17.89 17.88 17.90 17.90 17.87 17.82 17.81 17.81 17.82 17.83 17.84 17.82 17.81 17.82 17.83 17.83 17.78 17.75 17.76 17.74 17.76 17.77
99999.90 99999.90 99999.90 99999.90 99999.90 99999.90 99999.90 99999.90 99999.90 99999.90 99999.90 99999.90 99999.90 99999.90 99999.90 99999.90 99999.90 99999.90 99999.90 99999.90 99999.90 99999.90 99999.90 18.03 18.03 17.50 17.50 17.50 17.50 17.50 17.50 17.50 17.50 17.50 17.50 17.69 17.69 17.71 17.73 17.83 17.82 17.81 17.81 17.81 17.79 17.75 17.85 17.87 17.85 17.83 17.84 17.86 17.85 17.84 17.86 17.89 17.86 17.88 17.89 17.86 17.80 17.77 17.84 17.76 17.74 17.80 17.82 17.75 17.75 17.78 17.79 17.80 17.73 17.80 17.76 17.77 17.72
99999.90 99999.90 99999.90 99999.90 99999.90 99999.90 99999.90 99999.90 99999.90 99999.90 99999.90 99999.90 99999.90 99999.90 99999.90 99999.90 99999.90 99999.90 99999.90 99999.90 99999.90 99999.90 17.57 18.03 18.03 17.50 17.50 17.50 17.50 17.50 17.50 17.50 17.50 17.50 17.50 17.50 17.57 17.48 17.54 17.72 17.78 17.90 17.87 17.83 17.75 17.74 17.82 17.82 17.80 17.80 17.79 17.89 17.87 17.82 17.84 17.87 17.87 17.83 17.84 17.85 17.79 17.75 17.72 17.72 17.73 17.76 17.73 17.73 17.72 17.78 17.78 17.79 17.76 17.77 17.81 17.74 17.71
99999.90 99999.90 99999.90 99999.90 99999.90 99999.90 99999.90 99999.90 99999.90 99999.90 99999.90 99999.90 99999.90 99999.90 99999.90 99999.90 99999.90 99999.90 99999.90 99999.90 99999.90 17.42 17.57 17.57 17.40 17.48 17.48 17.48 17.48 17.48 17.48 17.48 17.48 17.48 17.48 17.48 17.64 17.50 17.55 17.66 17.69 17.86 17.90 17.84 17.71 17.75 17.85 17.78 17.79 17.78 17.82 17.82 17.82 17.78 17.81 17.84 17.85 17.82 17.80 17.83 17.79 17.74 17.72 17.70 17.73 17.71 17.73 17.73 17.72 17.71 17.74 17.71 17.75 17.72 17.74 17.70 17.69
99999.90 99999.90 99999.90 99999.90 99999.90 99999.90 99999.90 99999.90 99999.90 99999.90 99999.90 99999.90 99999.90 99999.90 99999.90 99999.90 99999.90 99999.90 99999.90 99999.90 99999.90 17.42 17.42 17.57 17.57 17.45 17.45 17.45 17.45 17.45 17.45 17.45 17.45 17.45 17.45 17.45 17.59 17.58 17.64 17.63 17.63 17.74 17.81 17.78 17.79 17.85 17.79 17.76 17.71 17.71 17.76 17.77 17.77 17.76 17.77 17.80 17.82 17.80 17.81 17.82 17.77 17.76 17.74 17.70 17.70 17.71 17.74 17.72 17.71 17.68 17.69 17.66 17.72 17.71 17.72 17.71 17.64
99999.90 99999.90 99999.90 99999.90 99999.90 99999.90 99999.90 99999.90 99999.90 99999.90 99999.90 99999.90 99999.90 99999.90 99999.90 99999.90 99999.90 99999.90 99999.90 99999.90 17.60 17.42 17.42 17.42 17.57 17.57 17.32 17.32 17.32 17.32 17.32 17.32 17.32 17.32 17.32 17.32 17.52 17.55 17.61 17.66 17.59 17.65 17.66 17.66 17.76 17.80 17.75 17.72 17.71 17.76 17.78 17.76 17.73 17.76 17.77 17.78 17.78 17.76 17.76 17.71 17.71 17.74 17.70 17.64 17.65 17.70 17.70 17.67 17.67 17.63 17.66 17.64 17.67 17.68 17.66 17.71 17.67
99999.90 99999.90 99999.90 99999.90 99999.90 99999.90 99999.90 99999.90 99999.90 99999.90 99999.90 99999.90 99999.90 99999.90 99999.90 99999.90 99999.90 99999.90 99999.90 99999.90 17.60 17.42 17.42 17.42 17.42 17.57 17.57 17.40 17.23 17.23 17.23 17.23 17.23 17.23 17.23 17.23 17.57 17.65 17.61 17.69 17.64 17.57 17.57 17.63 17.70 17.72 17.74 17.75 17.74 17.74 17.75 17.75 17.75 17.76 17.73 17.74 17.73 17.70 17.66 17.59 17.62 17.63 17.62 17.60 17.60 17.60 17.64 17.62 17.62 17.62 17.66 17.63 17.60 17.61 17.61 17.65 17.64
99999.90 99999.90 99999.90 99999.90 99999.90 99999.90 99999.90 99999.90 99999.90 99999.90 99999.90 99999.90 99999.90 99999.90 99999.90 99999.90 99999.90 99999.90 99999.90 17.58 17.60 17.42 17.42 17.42 17.42 17.42 17.57 17.57 17.40 17.40 17.38 17.38 17.38 17.38 17.38 17.38 17.53 17.57 17.50 17.59 17.50 17.60 17.52 17.63 17.56 17.57 17.65 17.71 17.68 17.76 17.75 17.75 17.74 17.76 17.72 17.70 17.69 17.65 17.57 17.60 17.63 17.60 17.61 17.62 17.57 17.50 17.60 17.66 17.57 17.65 17.63 17.66 17.60 17.59 17.57 17.60 17.61
99999.90 99999.90 99999.90 99999.90 99999.90 99999.90 99999.90 99999.90 99999.90 99999.90 99999.90 99999.90 99999.90 99999.90 99999.90 99999.90 99999.90 99999.90 99999.90 17.58 17.60 17.42 17.42 17.42 17.42 17.42 17.42 17.57 17.57 17.40 17.40 17.43 17.43 17.52 17.52 17.52 17.48 17.50 17.48 17.55 17.43 17.63 17.45 17.51 17.62 17.56 17.67 17.70 17.72 17.71 17.72 17.72 17.72 17.71 17.70 17.63 17.65 17.64 17.63 17.60 17.71 17.67 17.59 17.60 17.55 17.44 17.52 17.65 17.63 17.60 17.63 17.66 17.56 17.52 17.53 17.56 17.56
99999.90 99999.90 99999.90 99999.90 99999.90 99999.90 99999.90 99999.90 99999.90 99999.90 99999.90 99999.90 99999.90 99999.90 99999.90 99999.90 99999.90 99999.90 99999.90 17.58 17.60 17.42 17.42 17.42 17.42 17.42 17.42 17.42 17.57 17.57 17.40 17.40 17.43 17.43 17.57 17.57 17.62 17.54 17.49 17.58 17.55 17.63 17.49 17.49 17.55 17.61 17.68 17.70 17.70 17.70 17.66 17.69 17.69 17.70 17.67 17.64 17.63 17.60 17.66 17.61 17.66 17.67 17.64 17.56 17.57 17.49 17.50 17.58 17.62 17.64 17.64 17.64 17.53 17.55 17.57 17.58 17.57
99999.90 99999.90 99999.90 99999.90 99999.90 99999.90 99999.90 99999.90 99999.90 99999.90 99999.90 99999.90 99999.90 99999.90 99999.90 99999.90 99999.90 99999.90 17.48 17.58 17.60 17.60 17.60 17.42 17.42 17.42 17.42 17.42 17.42 17.57 17.57 17.40 17.40 17.43 17.43 17.53 17.59 17.60 17.60 17.41 17.58 17.59 17.56 17.54 17.53 17.62 17.61 17.66 17.63 17.65 17.66 17.63 17.66 17.67 17.67 17.67 17.67 17.62 17.65 17.63 17.48 17.54 17.62 17.58 17.56 17.56 17.53 17.56 17.56 17.58 17.60 17.59 17.57 17.51 17.57 17.61 17.61
99999.90 99999.90 99999.90 99999.90 99999.90 99999.90 99999.90 99999.90 99999.90 99999.90 99999.90 99999.90 99999.90 99999.90 99999.90 99999.90 99999.90 99999.90 17.48 17.58 17.60 17.60 17.60 17.60 17.60 17.42 17.42 17.42 17.42 17.42 17.57 17.57 17.40 17.40 17.47 17.52 17.32 17.59 17.66 17.49 17.54 17.47 17.53 17.55 17.58 17.59 17.57 17.54 17.56 17.59 17.62 17.63 17.64 17.67 17.66 17.66 17.65 17.66 17.65 17.60 17.58 17.61 17.68 17.65 17.64 17.53 17.52 17.53 17.57 17.54 17.51 17.52 17.56 17.57 17.51 17.57 17.52
