Files/BOM data/2019071320190713.grid
ncols 839
nrows 679
xllcenter 112.0500
yllcenter -43.9500
cellsize 0.0500
nodata_value 99999.90
[rows 68 to 101 of 679, columns 385 to 461 of 839]
20.11 20.12 20.04 20.12 20.12 20.04 19.99 20.06 20.06 20.04 20.09 20.14 19.99 19.96 19.96 20.05 20.09 20.03 20.05 20.10 20.10 20.12 20.18 20.27 20.29 20.28 20.28 20.29 20.29 20.29 20.27 20.25 20.27 20.25 20.19 19.83 20.14 19.97 20.14 19.97 20.18 20.07 19.96 19.67 19.26 19.55 19.32 19.21 19.10 18.97 19.31 19.37 19.01 18.78 18.68 19.15 19.18 19.47 19.39 19.56 19.78 19.57 19.44 19.49 19.62 19.48 19.28 19.24 19.16 19.53 19.80 19.61 19.44 19.28 19.09 19.40 19.64
20.24 20.07 20.08 20.03 20.19 20.11 20.07 20.03 20.06 20.04 20.12 20.05 20.07 19.96 19.91 20.06 20.14 20.10 20.09 20.13 20.07 19.98 20.14 20.21 20.26 20.19 20.22 20.24 20.27 20.26 20.13 20.20 20.28 20.25 20.27 20.23 19.97 19.78 19.93 20.06 19.99 20.08 19.80 19.48 19.83 19.03 19.66 19.40 19.31 18.97 18.64 18.57 18.38 19.09 18.90 18.81 19.21 19.13 19.22 19.67 19.69 19.79 19.63 19.73 19.58 19.44 19.61 19.51 19.35 19.68 19.71 19.61 19.57 19.27 19.18 19.26 19.38
20.11 20.07 20.05 20.02 20.09 20.15 20.15 20.18 20.17 20.08 19.99 20.00 20.10 19.97 19.83 19.89 20.05 20.09 20.04 20.12 20.21 20.06 20.05 20.19 20.16 20.19 20.07 20.12 20.14 20.22 20.06 20.12 20.12 20.17 20.24 20.20 20.22 19.83 19.91 19.88 20.04 20.03 19.81 19.70 19.79 18.56 19.51 18.70 19.59 19.12 19.33 18.24 18.66 19.29 19.09 19.12 19.00 18.80 19.03 19.51 19.46 19.73 19.47 19.56 19.54 19.64 19.65 19.50 19.41 19.46 19.56 19.44 19.33 19.41 19.21 19.13 19.10
19.92 20.02 19.94 20.07 20.13 20.12 20.17 20.25 20.31 20.14 19.96 20.07 20.12 20.05 19.95 19.77 19.89 20.02 20.10 20.19 20.30 20.18 20.04 20.06 20.15 20.24 20.14 20.08 20.06 20.11 20.07 20.06 20.03 20.06 20.14 20.24 20.23 20.18 19.85 19.94 19.32 19.46 19.95 19.19 19.71 18.91 19.39 19.37 18.90 18.89 19.14 19.43 19.70 19.37 19.46 19.12 19.30 19.25 19.31 19.42 19.54 19.51 19.43 19.42 19.62 19.48 19.66 19.62 19.44 19.66 19.85 19.73 19.57 19.50 19.32 19.29 19.11
19.78 19.92 19.95 19.98 20.13 20.17 20.19 20.16 20.15 19.98 20.07 20.04 20.09 20.16 20.06 20.02 19.85 19.89 19.99 19.98 20.04 20.12 20.15 20.04 20.07 20.10 20.15 20.02 20.07 20.05 20.04 20.06 20.01 20.04 20.13 20.20 20.24 20.07 19.96 19.91 19.67 19.58 19.32 19.23 19.16 19.53 19.05 19.52 19.06 19.02 19.32 19.44 19.69 19.38 19.14 19.32 19.51 19.54 19.54 19.56 19.37 19.56 19.42 19.39 19.47 19.51 19.51 19.77 19.54 19.75 19.87 19.76 19.51 19.62 19.51 19.36 19.23
19.74 19.90 19.81 19.95 20.11 20.16 20.09 20.07 19.99 19.96 20.01 20.04 20.07 19.99 20.08 20.15 19.88 19.88 19.94 19.91 20.03 19.99 20.10 20.11 20.00 20.02 20.08 20.02 19.97 19.97 20.10 20.06 20.01 20.00 19.97 20.15 20.16 20.15 20.05 19.96 20.02 20.02 19.67 19.33 19.65 19.63 19.49 19.36 19.14 19.32 19.24 19.25 19.38 19.76 19.49 19.56 19.40 19.70 19.61 19.51 19.58 19.66 19.62 19.42 19.55 19.79 19.78 19.83 19.92 19.84 19.86 19.63 19.49 19.52 19.40 19.30 19.19
19.81 19.84 19.89 19.98 20.02 19.98 20.08 20.14 20.10 19.96 19.97 19.99 19.99 20.08 20.15 20.13 20.06 20.00 19.93 19.97 20.18 20.16 20.12 20.13 20.04 19.94 20.06 20.17 20.11 20.11 20.08 20.04 20.00 20.08 20.09 20.07 20.14 20.17 20.04 20.01 20.00 19.85 19.76 19.76 19.04 19.19 19.33 19.72 19.48 19.18 19.43 19.45 19.71 19.64 19.85 19.97 19.81 19.62 19.61 19.61 19.48 19.68 19.77 19.76 19.65 19.77 19.79 19.73 19.88 19.86 19.78 19.79 19.52 19.49 19.30 19.43 19.36
19.94 19.81 19.89 19.90 19.90 19.88 20.18 20.22 20.08 19.95 20.02 20.05 20.04 20.03 20.04 20.12 20.09 19.89 19.83 19.93 20.21 20.15 20.10 20.10 20.04 20.02 19.99 20.07 20.09 20.13 20.12 20.08 20.08 20.10 20.12 20.15 20.14 20.17 20.11 20.03 20.02 19.95 19.75 19.49 19.60 19.63 19.33 19.47 19.42 19.60 19.58 19.44 19.73 19.66 19.79 19.88 19.79 19.64 19.72 19.65 19.81 19.78 19.77 19.72 19.74 19.85 19.77 19.81 19.75 19.83 19.88 19.88 19.70 19.42 19.26 19.55 19.50
19.79 19.67 19.74 19.77 19.85 19.90 20.21 20.27 20.08 20.03 19.99 20.00 19.91 19.94 19.96 19.98 20.01 19.84 19.86 19.91 19.99 19.99 20.01 20.06 20.06 20.07 20.07 20.01 19.94 19.91 20.10 20.11 20.07 20.04 20.10 20.10 20.15 20.16 20.13 20.11 20.02 19.91 20.00 19.87 19.70 19.80 19.72 19.76 19.78 19.68 19.90 19.55 19.82 19.91 19.76 19.70 19.81 19.85 19.70 19.73 19.65 19.72 19.85 19.80 19.83 19.81 19.87 19.80 19.82 19.85 19.82 19.85 19.70 19.48 19.50 19.48 19.41
19.77 19.73 19.60 19.79 19.73 19.90 19.97 20.15 20.20 20.14 19.96 19.96 19.91 19.79 19.90 19.78 19.98 19.99 19.94 19.82 19.93 20.00 19.97 20.03 20.00 20.00 20.09 20.01 19.90 19.83 20.06 20.09 20.05 20.02 20.01 19.96 20.07 20.09 20.12 20.04 20.04 20.04 19.95 19.97 19.94 19.92 19.86 19.78 19.95 19.84 19.78 19.82 19.89 19.93 19.93 19.88 19.73 19.70 19.72 19.77 19.77 19.79 19.95 20.00 19.97 19.87 19.86 19.83 20.02 19.87 19.79 19.76 19.70 19.63 19.41 19.53 19.38
19.73 19.75 19.67 19.66 19.75 19.89 20.04 20.08 20.02 19.93 19.95 19.94 19.96 19.82 19.94 19.86 20.03 19.98 19.88 19.89 19.83 19.93 19.94 19.98 20.03 20.02 19.99 19.98 19.88 19.75 19.97 20.07 20.13 20.09 20.05 19.90 19.96 20.05 20.09 20.06 19.95 20.02 20.09 20.04 20.04 19.87 19.89 19.81 19.96 20.01 19.87 19.90 19.76 19.88 19.76 19.87 19.77 19.65 19.75 19.85 19.81 19.88 19.92 20.02 20.04 19.91 19.88 19.79 19.90 19.86 19.84 19.61 19.61 19.51 19.27 19.48 19.55
19.59 19.83 19.82 19.62 19.78 19.77 19.78 19.75 19.90 19.85 19.76 19.76 19.87 19.84 19.93 19.83 19.85 19.93 19.92 19.89 19.96 19.98 19.86 19.88 19.96 20.01 19.97 19.89 19.85 19.86 19.85 20.03 20.01 19.99 20.03 20.06 20.01 19.95 20.03 20.11 20.02 20.03 20.06 20.05 20.05 20.01 19.85 19.89 19.81 20.01 19.91 20.01 19.84 19.84 19.92 19.89 19.90 19.75 19.82 19.92 19.94 19.98 19.95 20.01 20.01 19.90 19.88 19.82 19.81 19.91 19.91 19.84 19.75 19.71 19.73 19.62 19.61
19.59 19.83 19.85 19.71 19.74 19.76 19.71 19.73 19.79 19.86 19.86 19.81 19.76 19.86 19.84 19.84 19.84 19.85 19.97 20.02 19.99 19.93 19.90 19.89 19.99 19.98 19.98 19.94 19.96 19.88 19.88 19.86 19.77 19.91 20.00 20.04 20.03 19.96 19.99 20.01 19.91 20.00 19.99 19.98 19.88 19.97 19.94 19.89 19.90 19.90 19.84 19.90 19.86 19.87 19.88 19.93 19.96 19.98 19.91 19.96 19.94 19.97 19.99 19.98 19.93 19.93 19.92 19.95 19.92 20.00 19.96 19.88 19.89 19.93 19.91 19.90 19.94
19.56 19.74 19.78 19.73 19.65 19.74 19.65 19.71 19.71 19.80 19.83 19.80 19.70 20.05 20.00 20.00 20.00 19.90 19.92 19.93 20.00 19.95 19.94 19.84 19.86 19.90 19.92 19.85 19.89 19.92 19.92 19.88 19.90 19.95 19.88 19.87 19.98 19.92 19.98 19.86 19.92 19.91 19.96 19.89 19.89 19.90 19.94 19.90 19.91 19.86 19.75 19.79 19.77 19.83 19.82 19.88 19.92 20.00 20.00 19.94 19.98 19.94 19.94 19.88 19.83 19.86 19.93 19.94 19.94 19.95 19.89 19.84 19.92 19.92 19.98 19.95 19.97
19.66 19.67 19.77 19.87 19.80 19.88 19.86 19.80 19.70 19.75 19.85 19.88 19.82 20.00 20.01 19.88 20.02 19.93 19.91 19.91 19.99 19.89 19.96 19.89 19.75 19.79 19.94 19.88 19.83 19.89 19.93 19.98 19.91 19.93 19.85 19.87 20.01 20.03 19.94 19.90 19.91 19.93 19.92 19.87 19.91 19.90 19.92 19.88 19.89 19.87 19.75 19.71 19.73 19.75 19.85 19.85 19.91 19.98 20.02 19.93 19.98 19.97 19.95 19.84 19.87 19.89 19.89 19.92 19.99 19.97 19.93 19.94 19.94 19.94 19.96 19.98 19.84
19.83 19.63 19.82 19.90 19.85 19.87 19.90 19.83 19.75 19.65 19.70 19.83 19.74 19.74 19.71 19.83 19.82 19.93 19.92 19.98 20.00 19.89 19.89 19.92 19.82 19.71 19.84 19.82 19.77 19.82 19.92 19.93 19.91 19.95 19.94 19.95 19.96 19.95 19.86 19.87 19.83 19.90 19.88 19.86 19.86 19.93 19.92 19.90 19.85 19.87 19.82 19.76 19.76 19.80 19.83 19.85 19.87 19.94 19.98 19.99 19.97 20.00 19.99 19.88 19.91 19.91 19.87 19.85 19.89 19.83 19.76 19.69 19.75 19.83 19.89 19.79 19.74
19.85 19.68 19.63 19.89 19.86 19.78 19.83 19.74 19.81 19.69 19.62 19.74 19.78 19.73 19.70 19.73 19.82 19.93 19.98 19.94 19.91 19.92 19.88 19.94 19.86 19.80 19.79 19.64 19.75 19.83 19.89 19.95 19.96 19.93 19.89 19.91 19.94 19.87 19.83 19.77 19.80 19.87 19.86 19.85 19.89 19.89 19.81 19.76 19.84 19.82 19.87 19.81 19.73 19.79 19.85 19.79 19.83 19.90 19.96 19.93 19.92 19.96 19.95 19.81 19.87 19.85 19.98 19.90 19.87 19.70 19.74 19.74 19.82 19.86 19.82 19.80 19.76
19.65 19.68 19.37 19.63 19.80 19.75 19.76 19.71 19.78 19.80 19.72 19.79 19.69 19.70 19.71 19.73 19.87 19.91 19.98 19.94 19.93 19.95 19.90 20.00 19.99 19.95 19.82 19.64 19.76 19.84 19.95 19.95 19.88 19.96 19.91 19.91 19.85 19.82 19.82 19.73 19.75 19.81 19.82 19.93 19.78 19.75 19.74 19.77 19.80 19.82 19.81 19.80 19.77 19.79 19.86 19.84 19.85 19.81 19.85 19.89 19.92 19.93 19.98 19.78 19.76 19.83 19.89 19.91 19.94 19.83 19.82 19.80 19.85 19.86 19.74 19.67 19.76
19.57 19.69 19.56 19.49 19.64 19.79 19.69 19.65 19.70 19.75 19.71 19.64 19.67 19.62 19.64 19.69 19.74 19.84 19.95 19.92 19.83 19.90 19.92 19.92 19.86 19.90 19.87 19.72 19.61 19.76 19.92 19.84 19.86 19.88 19.88 19.86 19.87 19.76 19.79 19.75 19.73 19.80 19.79 19.73 19.68 19.70 19.65 19.70 19.76 19.80 19.75 19.74 19.84 19.80 19.75 19.77 19.78 19.78 19.81 19.87 19.90 19.85 19.84 19.83 19.84 19.84 19.82 19.89 19.88 19.90 19.81 19.77 19.85 19.81 19.71 19.72 19.79
19.52 19.63 19.71 19.50 19.53 19.75 19.76 19.80 19.71 19.73 19.73 19.69 19.70 19.72 19.72 19.60 19.65 19.73 19.77 19.79 19.67 19.71 19.73 19.90 19.86 19.83 19.88 19.77 19.67 19.82 19.87 19.81 19.85 19.84 19.85 19.85 19.85 19.84 19.76 19.83 19.80 19.84 19.85 19.77 19.67 19.68 19.70 19.68 19.62 19.76 19.75 19.66 19.72 19.60 19.63 19.73 19.74 19.72 19.74 19.76 19.86 19.90 19.91 19.88 19.87 19.89 19.86 19.92 19.91 19.90 19.81 19.78 19.76 19.78 19.72 19.61 19.83
19.48 19.54 19.64 19.64 19.61 19.74 19.70 19.81 19.67 19.72 19.69 19.70 19.65 19.71 19.70 19.57 19.60 19.61 19.71 19.70 19.70 19.82 19.67 19.77 19.73 19.77 19.72 19.76 19.84 19.87 19.85 19.81 19.82 19.81 19.80 19.81 19.77 19.80 19.82 19.84 19.79 19.83 19.82 19.81 19.68 19.62 19.62 19.60 19.59 19.70 19.78 19.72 19.72 19.56 19.59 19.68 19.76 19.77 19.78 19.77 19.79 19.82 19.89 19.90 19.90 19.87 19.86 19.89 19.89 19.87 19.78 19.82 19.82 19.81 19.82 19.76 19.84
19.57 19.55 19.62 19.72 19.52 19.63 19.78 19.71 19.71 19.80 19.76 19.73 19.62 19.63 19.67 19.65 19.61 19.60 19.69 19.72 19.73 19.86 19.83 19.73 19.75 19.71 19.71 19.79 19.84 19.82 19.76 19.84 19.80 19.78 19.76 19.70 19.72 19.75 19.80 19.81 19.72 19.69 19.74 19.75 19.68 19.68 19.57 19.60 19.61 19.70 19.75 19.77 19.73 19.68 19.68 19.63 19.68 19.79 19.86 19.81 19.76 19.80 19.83 19.88 19.92 19.90 19.85 19.91 19.87 19.83 19.81 19.85 19.88 19.88 19.83 19.70 19.81
19.59 19.56 19.68 19.79 19.70 19.66 19.68 19.52 19.60 19.66 19.78 19.73 19.60 19.67 19.63 19.70 19.63 19.70 19.62 19.65 19.75 19.70 19.68 19.73 19.76 19.74 19.64 19.67 19.77 19.74 19.66 19.75 19.66 19.70 19.83 19.73 19.72 19.71 19.72 19.73 19.78 19.72 19.72 19.76 19.70 19.66 19.63 19.59 19.56 19.65 19.70 19.78 19.73 19.71 19.75 19.70 19.74 19.79 19.76 19.82 19.75 19.71 19.82 19.84 19.84 19.70 19.70 19.81 19.79 19.79 19.76 19.79 19.85 19.82 19.75 19.72 19.83
19.60 19.67 19.65 19.63 19.57 19.54 19.55 19.59 19.47 19.61 19.61 19.74 19.69 19.61 19.62 19.66 19.73 19.66 19.61 19.61 19.70 19.70 19.54 19.55 19.68 19.67 19.65 19.71 19.78 19.74 19.74 19.72 19.55 19.63 19.64 19.59 19.59 19.61 19.63 19.73 19.89 19.78 19.66 19.68 19.60 19.63 19.57 19.58 19.62 19.65 19.73 19.81 19.80 19.76 19.76 19.72 19.75 19.66 19.71 19.77 19.81 19.81 19.83 19.79 19.73 19.79 19.79 19.79 19.82 19.79 19.74 19.75 19.74 19.77 19.77 19.76 19.81
19.72 19.74 19.70 19.67 19.65 19.51 19.53 19.50 19.47 19.62 19.55 19.72 19.76 19.68 19.53 19.75 19.74 19.69 19.65 19.76 19.67 19.65 19.55 19.51 19.59 19.61 19.65 19.62 19.72 19.67 19.69 19.66 19.64 19.64 19.62 19.63 19.61 19.63 19.64 19.71 19.90 19.60 19.60 19.64 19.58 19.60 19.64 19.62 19.60 19.62 19.66 19.71 19.79 19.77 19.76 19.73 19.71 19.76 19.80 19.80 19.82 19.83 19.77 19.71 19.74 19.78 19.83 19.81 19.76 19.77 19.78 19.77 19.74 19.74 19.78 19.79 19.77
19.71 19.67 19.67 19.63 19.62 19.55 19.44 19.53 19.49 19.53 19.55 19.60 19.68 19.71 19.62 19.65 19.66 19.65 19.66 19.64 19.68 19.67 19.69 19.53 19.54 19.54 19.62 19.69 19.74 19.66 19.64 19.58 19.60 19.64 19.61 19.66 19.60 19.59 19.64 19.66 19.61 19.55 19.59 19.63 19.61 19.63 19.64 19.65 19.65 19.65 19.68 19.68 19.71 19.73 19.78 19.76 19.71 19.65 19.66 19.75 19.75 19.80 19.85 19.80 19.77 19.81 19.76 19.72 19.67 19.66 19.76 19.71 19.76 19.76 19.78 19.77 19.77
19.66 19.69 19.68 19.57 19.50 19.51 19.54 19.52 19.57 19.53 19.54 19.51 19.56 19.65 19.62 19.49 19.44 19.58 19.63 19.61 19.61 19.66 19.67 19.64 19.53 19.48 19.55 19.63 19.71 19.67 19.61 19.56 19.60 19.61 19.56 19.56 19.59 19.54 19.56 19.59 19.61 19.58 19.59 19.58 19.59 19.58 19.62 19.66 19.70 19.68 19.70 19.72 19.69 19.67 19.69 19.69 19.68 19.68 19.68 19.70 19.76 19.73 19.83 19.83 19.74 19.73 19.65 19.68 19.77 19.76 19.79 19.73 19.72 19.69 19.73 19.86 19.78
19.56 19.56 19.61 19.55 19.49 19.53 19.50 19.48 19.55 19.58 19.57 19.43 19.57 19.63 19.63 19.50 19.45 19.43 19.55 19.57 19.64 19.66 19.58 19.59 19.57 19.56 19.53 19.59 19.65 19.65 19.66 19.62 19.60 19.54 19.54 19.52 19.52 19.54 19.53 19.51 19.63 19.65 19.67 19.62 19.68 19.58 19.61 19.64 19.69 19.68 19.68 19.69 19.68 19.64 19.63 19.68 19.64 19.67 19.72 19.76 19.73 19.66 19.73 19.79 19.73 19.75 19.78 19.69 19.74 19.72 19.72 19.67 19.68 19.70 19.73 19.91 19.85
19.56 19.57 19.51 19.49 19.41 19.40 19.47 19.43 19.47 19.52 19.38 19.47 19.51 19.55 19.62 19.63 19.60 19.47 19.47 19.50 19.59 19.55 19.62 19.60 19.63 19.60 19.55 19.48 19.55 19.57 19.63 19.65 19.58 19.59 19.55 19.52 19.50 19.47 19.50 19.48 19.48 19.52 19.65 19.63 19.68 19.70 19.63 19.60 19.65 19.69 19.70 19.69 19.69 19.67 19.63 19.60 19.66 19.68 19.71 19.74 19.71 19.72 19.71 19.71 19.72 19.76 19.77 19.73 19.72 19.68 19.65 19.66 19.67 19.59 19.73 19.78 19.78
19.55 19.55 19.49 19.45 19.44 19.42 19.45 19.51 19.42 19.50 19.44 19.49 19.48 19.41 19.52 19.66 19.65 19.50 19.33 19.41 19.54 19.52 19.54 19.50 19.52 19.53 19.54 19.53 19.55 19.56 19.58 19.64 19.63 19.59 19.57 19.60 19.59 19.53 19.48 19.54 19.60 19.52 19.59 19.54 19.55 19.61 19.65 19.70 19.65 19.59 19.68 19.67 19.67 19.64 19.64 19.56 19.58 19.64 19.65 19.63 19.63 19.67 19.70 19.73 19.77 19.74 19.73 19.76 19.67 19.70 19.67 19.65 19.66 19.69 19.68 19.72 19.72
19.53 19.46 19.47 19.42 19.42 19.43 19.42 19.49 19.43 19.43 19.48 19.45 19.47 19.34 19.38 19.52 19.63 19.49 19.43 19.36 19.50 19.59 19.55 19.50 19.59 19.57 19.53 19.58 19.48 19.54 19.59 19.61 19.62 19.59 19.54 19.56 19.66 19.65 19.63 19.57 19.57 19.49 19.44 19.51 19.51 19.57 19.61 19.65 19.65 19.61 19.59 19.62 19.62 19.61 19.58 19.53 19.58 19.65 19.63 19.56 19.61 19.61 19.62 19.68 19.75 19.74 19.70 19.71 19.70 19.69 19.71 19.72 19.71 19.75 19.74 19.72 19.71
19.52 19.44 19.43 19.43 19.39 19.42 19.36 19.38 19.41 19.38 19.44 19.43 19.45 19.43 19.50 19.57 19.62 19.57 19.61 19.51 19.50 19.50 19.58 19.53 19.59 19.62 19.60 19.56 19.52 19.54 19.58 19.57 19.59 19.58 19.52 19.52 19.70 19.64 19.63 19.61 19.61 19.44 19.41 19.45 19.50 19.54 19.57 19.61 19.61 19.62 19.63 19.60 19.64 19.63 19.61 19.59 19.60 19.60 19.60 19.62 19.69 19.65 19.60 19.63 19.66 19.68 19.69 19.67 19.69 19.70 19.68 19.71 19.73 19.74 19.75 19.72 19.69
19.56 19.47 19.40 19.43 19.39 19.44 19.36 19.36 19.39 19.41 19.39 19.49 19.43 19.46 19.55 19.53 19.58 19.61 19.58 19.59 19.51 19.46 19.52 19.49 19.55 19.61 19.62 19.56 19.55 19.55 19.53 19.50 19.48 19.52 19.55 19.52 19.62 19.74 19.72 19.63 19.54 19.51 19.44 19.44 19.47 19.52 19.61 19.57 19.57 19.60 19.64 19.61 19.60 19.65 19.59 19.61 19.61 19.54 19.57 19.57 19.57 19.58 19.55 19.61 19.70 19.71 19.71 19.72 19.69 19.70 19.67 19.67 19.71 19.70 19.72 19.73 19.72
19.48 19.46 19.40 19.34 19.31 19.30 19.25 19.31 19.40 19.38 19.38 19.53 19.56 19.57 19.55 19.52 19.52 19.57 19.55 19.54 19.54 19.47 19.43 19.49 19.51 19.55 19.61 19.58 19.54 19.50 19.49 19.48 19.47 19.55 19.52 19.50 19.56 19.69 19.65 19.58 19.53 19.44 19.44 19.41 19.43 19.47 19.54 19.55 19.60 19.58 19.64 19.67 19.61 19.62 19.61 19.61 19.54 19.61 19.56 19.60 19.58 19.51 19.54 19.59 19.63 19.66 19.69 19.70 19.68 19.66 19.69 19.68 19.69 19.68 19.70 19.67 19.62
