Files/BOM data/2019070320190703.grid
ncols 839
nrows 679
xllcenter 112.0500
yllcenter -43.9500
cellsize 0.0500
nodata_value 99999.90
[rows 442 to 475 of 679, columns 231 to 307 of 839]
10.38 10.36 9.86 9.33 9.53 10.09 9.81 10.10 9.82 10.20 10.67 10.98 11.16 11.44 11.44 11.35 11.04 9.99 8.93 8.89 9.10 9.17 9.50 9.26 9.21 9.63 9.76 9.84 9.71 9.73 9.81 10.36 10.36 10.24 10.43 10.72 10.46 10.66 10.35 10.49 10.19 10.49 10.68 10.50 10.83 10.58 10.09 9.83 9.30 9.34 8.98 9.10 9.44 9.73 8.94 9.30 9.51 10.59 10.31 9.55 9.72 9.56 9.28 9.40 9.95 9.89 9.55 9.29 9.13 8.74 9.09 9.01 8.98 8.65 8.94 8.31 8.81
9.68 9.80 9.36 9.24 10.17 9.82 9.26 10.40 10.63 10.55 11.16 11.14 11.14 11.41 11.24 11.04 11.17 11.05 9.88 8.66 9.06 8.83 9.25 9.39 9.14 9.52 9.87 9.16 9.56 9.42 9.93 9.91 9.96 9.95 10.17 10.31 10.03 9.70 10.14 10.58 10.35 10.73 10.39 10.63 9.79 9.49 9.64 9.38 9.34 9.31 10.06 10.06 10.26 9.74 9.49 9.71 10.45 10.75 10.31 10.18 9.96 9.95 9.86 9.72 9.79 9.14 9.21 9.37 9.27 9.35 9.00 8.78 8.81 8.64 9.20 8.41 9.02
10.10 9.80 10.10 9.72 9.60 9.40 9.99 10.48 10.44 10.45 10.97 11.18 11.01 11.17 11.42 11.08 11.03 11.36 11.01 9.19 9.02 8.03 8.23 9.07 9.21 9.61 9.50 9.58 9.67 9.47 9.30 10.15 10.35 9.45 9.81 10.31 10.16 10.21 9.60 9.64 9.94 9.37 9.60 9.91 9.57 9.68 9.51 9.68 9.92 10.22 10.73 10.06 10.26 9.74 10.39 10.49 10.68 10.72 10.68 10.34 10.62 9.97 10.10 9.62 9.72 10.04 9.20 8.69 8.67 9.39 9.28 9.08 9.15 8.64 8.92 9.38 9.02
10.57 10.07 9.52 9.28 9.75 10.44 10.63 10.06 9.64 10.16 10.22 10.59 10.71 11.40 11.44 11.29 11.01 11.07 11.08 10.50 8.73 8.63 8.77 8.91 9.28 9.68 9.50 8.92 9.06 9.23 9.27 9.90 9.64 10.17 9.90 10.29 8.77 9.53 8.51 9.01 9.10 9.01 8.78 8.89 9.68 9.83 9.51 9.68 9.92 10.22 10.73 10.73 10.26 10.39 10.39 10.49 10.68 10.72 10.68 10.34 10.38 10.06 10.39 9.62 9.72 10.04 9.20 8.69 8.67 9.39 9.28 9.08 9.15 8.64 8.92 9.38 9.38
10.02 9.91 10.05 10.46 10.47 10.01 9.97 9.58 9.54 9.08 10.19 10.61 11.00 11.35 11.28 11.18 11.19 11.11 11.00 10.29 8.46 8.76 8.77 8.86 8.22 8.61 8.52 8.74 9.17 9.15 9.36 9.46 9.13 10.06 9.45 9.81 8.86 8.66 8.36 8.68 8.61 8.93 9.15 8.94 9.68 9.83 9.83 9.68 9.92 10.22 10.73 10.73 10.73 10.39 10.39 10.49 10.68 10.72 10.68 10.38 10.38 10.06 10.39 10.39 9.72 10.04 9.20 8.69 8.67 9.39 9.28 9.08 9.15 8.64 8.92 9.38 9.38
10.22 10.71 10.38 10.09 9.41 9.29 9.62 9.79 9.60 9.82 10.15 10.16 10.72 11.39 11.45 11.25 11.43 11.10 10.81 10.30 9.62 8.27 8.63 8.73 8.59 8.85 8.77 9.02 9.08 9.10 9.26 8.95 9.05 8.29 8.40 8.99 9.50 8.83 8.90 8.93 8.54 8.77 9.36 8.94 8.94 9.83 9.83 9.83 9.92 10.22 10.73 10.73 10.73 10.39 10.39 10.49 10.68 10.72 10.38 10.38 10.38 10.06 10.39 10.39 10.39 10.04 9.20 8.69 8.67 9.39 9.28 9.08 9.15 8.64 8.92 9.38 9.38
10.71 10.36 9.88 9.53 9.25 9.96 9.90 10.00 9.27 9.90 10.02 10.35 10.95 11.43 11.44 11.36 11.20 11.30 10.88 10.56 10.63 9.16 8.47 9.05 8.97 9.07 9.29 9.54 8.56 9.23 9.15 8.68 8.86 8.68 8.60 8.53 8.11 8.09 8.19 8.34 8.81 8.77 9.36 9.36 8.94 8.94 9.83 9.83 9.92 10.22 10.73 10.73 10.73 10.39 10.39 10.49 10.68 10.72 10.38 10.38 10.38 10.06 10.39 10.39 10.39 10.04 9.20 8.69 8.67 9.39 9.28 9.08 9.15 8.64 8.92 9.38 9.38
10.03 9.57 9.93 10.10 10.41 9.94 9.79 9.61 9.86 9.53 9.98 10.67 10.75 11.09 11.12 11.27 11.49 11.53 10.88 10.59 10.82 9.96 8.80 8.83 9.08 9.06 9.44 8.69 8.18 7.84 7.32 7.10 7.30 7.64 7.60 7.97 8.30 8.63 8.53 8.68 8.81 8.81 9.36 9.36 9.36 8.94 9.83 9.83 9.92 10.22 10.73 10.73 10.73 10.39 10.39 10.49 10.68 10.72 10.38 10.38 10.38 10.06 10.39 10.39 10.39 10.04 9.20 8.69 8.67 9.39 9.28 9.08 9.15 8.64 8.92 9.38 9.38
10.17 10.16 9.81 10.18 9.67 9.58 9.89 9.40 9.32 10.14 10.68 10.41 10.90 11.31 11.22 11.49 11.58 11.39 11.08 11.14 10.95 11.00 9.73 9.05 8.57 8.23 8.26 7.79 7.74 7.56 7.87 8.08 7.54 8.01 8.03 8.02 8.51 8.78 8.53 8.68 8.68 8.81 8.81 9.36 9.36 9.36 8.94 9.83 9.83 10.22 10.73 10.73 10.73 10.39 10.39 10.49 10.68 10.38 10.38 10.38 10.38 10.06 10.39 10.39 10.39 10.39 9.20 8.69 8.67 9.39 9.28 9.08 9.15 8.64 8.92 9.38 9.38
10.23 10.00 9.79 9.90 9.59 9.76 10.18 9.73 10.00 9.79 10.40 10.75 10.89 11.28 11.20 11.31 11.47 11.24 11.15 11.21 11.12 11.22 10.33 8.45 7.78 7.54 7.97 8.09 7.98 8.11 8.46 8.61 8.99 9.12 8.03 8.02 8.51 8.78 8.78 8.68 8.68 8.68 8.81 9.36 9.36 9.36 9.36 9.83 9.83 10.22 10.73 10.73 10.73 10.39 10.39 10.49 10.68 10.38 10.38 10.38 10.38 10.06 10.39 10.39 10.39 10.39 9.20 8.69 8.67 9.39 9.28 9.08 9.15 8.64 8.92 9.38 9.38
9.78 9.93 9.71 9.57 9.73 10.39 9.82 9.77 9.52 10.14 10.14 10.72 11.20 11.41 11.46 11.52 11.37 11.19 11.38 11.15 10.97 10.42 9.75 7.96 7.81 7.89 7.96 7.99 8.12 8.41 8.85 8.82 8.99 9.12 9.12 8.02 8.51 8.78 8.78 8.78 8.68 8.68 8.68 8.81 9.36 9.36 9.36 9.36 9.83 10.22 10.73 10.73 10.73 10.39 10.39 10.49 10.68 10.38 10.38 10.38 10.38 10.06 10.39 10.39 10.39 10.39 9.20 8.69 8.67 9.39 9.28 9.08 9.15 8.64 8.92 9.38 9.38
10.32 10.36 10.22 10.08 9.76 9.75 9.88 9.58 9.97 9.91 10.64 11.04 11.32 10.89 11.11 11.30 11.28 11.18 11.24 10.90 10.47 10.01 9.39 8.89 8.25 8.09 7.92 8.20 8.50 8.71 8.85 8.82 8.82 9.12 9.12 9.12 8.51 8.78 8.78 8.78 8.68 8.68 8.68 8.68 9.36 9.36 9.36 9.36 9.36 9.83 10.73 10.73 10.73 10.39 10.39 10.49 10.38 10.38 10.38 10.38 10.38 10.06 10.39 10.39 10.39 10.39 10.39 8.69 8.67 9.39 9.28 9.08 9.15 8.64 8.92 9.38 9.38
10.00 10.26 9.63 9.93 9.29 9.85 10.25 10.09 10.14 10.21 10.63 10.93 11.08 10.64 11.11 10.90 10.90 11.22 11.00 10.82 10.48 9.94 9.66 8.62 8.42 8.51 8.45 8.71 8.50 8.71 8.71 8.82 8.82 8.82 9.12 9.12 8.51 8.78 8.78 8.78 8.78 8.68 8.68 8.68 8.68 9.36 9.36 9.36 9.36 9.83 10.73 10.73 10.73 10.39 10.39 10.49 10.38 10.38 10.38 10.38 10.38 10.06 10.39 10.39 10.39 10.39 10.39 8.69 8.67 9.39 9.28 9.08 9.15 8.64 8.92 9.38 9.38
10.23 10.19 9.41 9.31 9.52 9.50 9.67 9.41 10.31 9.95 10.52 10.55 10.71 10.98 10.75 10.85 10.78 10.72 10.58 10.54 10.37 10.44 9.34 8.64 8.61 8.95 8.45 8.71 8.71 8.71 8.71 8.71 8.82 8.82 9.12 9.12 8.51 8.78 8.78 8.78 8.78 8.68 8.68 8.68 8.68 8.68 9.36 9.36 9.36 9.36 9.83 9.83 9.83 10.38 10.38 10.38 10.38 10.38 10.38 10.38 10.38 10.06 10.39 10.39 10.39 10.39 10.39 10.39 10.39 10.39 10.39 10.39 10.39 99999.90 99999.90 99999.90 99999.90
9.92 10.20 9.82 9.76 9.81 9.81 9.76 9.48 10.09 10.34 10.39 10.70 10.92 10.59 10.48 10.65 10.54 10.72 10.40 10.26 10.48 10.48 9.74 9.30 9.16 8.95 8.95 8.71 8.71 8.71 8.71 8.71 8.82 8.82 8.82 9.12 9.12 8.78 8.78 8.78 8.78 8.78 8.68 8.68 8.68 8.68 9.36 9.36 9.36 9.36 9.36 9.36 8.94 8.94 99999.90 99999.90 99999.90 99999.90 99999.90 99999.90 99999.90 99999.90 99999.90 99999.90 99999.90 99999.90 99999.90 99999.90 99999.90 99999.90 99999.90 99999.90 99999.90 99999.90 99999.90 99999.90 99999.90
10.26 10.20 9.39 8.94 9.06 8.66 9.43 9.81 9.58 10.55 10.65 10.79 10.90 10.72 10.89 10.77 10.99 10.79 10.59 10.83 10.99 10.75 10.07 9.30 9.16 9.16 8.95 8.95 8.71 8.71 8.71 8.71 8.71 8.82 8.82 9.12 9.12 8.78 8.78 8.78 8.78 8.78 8.68 8.68 8.68 8.68 8.68 9.36 9.36 9.36 9.36 9.36 9.36 99999.90 99999.90 99999.90 99999.90 99999.90 99999.90 99999.90 99999.90 99999.90 99999.90 99999.90 99999.90 99999.90 99999.90 99999.90 99999.90 99999.90 99999.90 99999.90 99999.90 99999.90 99999.90 99999.90 99999.90
9.67 9.73 8.57 9.36 9.02 9.23 9.76 9.83 10.29 10.56 10.40 10.56 11.16 11.17 11.07 10.77 10.99 10.79 10.59 10.83 10.99 10.75 10.07 10.07 9.16 9.16 9.16 8.95 8.71 8.71 8.71 8.71 8.71 8.82 8.82 8.82 9.12 8.78 8.78 8.78 8.78 8.78 8.78 8.68 8.68 8.68 8.68 8.68 8.68 8.81 8.81 99999.90 99999.90 99999.90 99999.90 99999.90 99999.90 99999.90 99999.90 99999.90 99999.90 99999.90 99999.90 99999.90 99999.90 99999.90 99999.90 99999.90 99999.90 99999.90 99999.90 99999.90 99999.90 99999.90 99999.90 99999.90 99999.90
9.48 9.86 9.33 9.02 9.30 9.55 9.64 10.44 10.13 10.36 10.48 10.80 10.66 11.17 11.07 11.07 10.99 10.79 10.59 10.83 10.99 10.75 10.07 10.07 10.07 9.16 9.16 9.16 8.95 8.71 8.71 8.71 8.71 8.71 8.82 8.82 9.12 9.12 8.78 8.78 8.78 8.78 8.78 8.68 8.68 8.68 8.68 8.68 8.68 8.68 99999.90 99999.90 99999.90 99999.90 99999.90 99999.90 99999.90 99999.90 99999.90 99999.90 99999.90 99999.90 99999.90 99999.90 99999.90 99999.90 99999.90 99999.90 99999.90 99999.90 99999.90 99999.90 99999.90 99999.90 99999.90 99999.90 99999.90
9.78 9.83 9.11 9.23 9.80 9.30 10.19 10.57 10.28 10.11 10.26 10.20 10.66 10.66 11.07 11.07 11.07 10.79 10.59 10.83 10.99 10.75 10.07 10.07 10.07 9.16 9.16 9.16 9.16 8.71 8.71 8.71 8.71 8.71 8.82 8.82 8.82 9.12 8.78 8.78 8.78 8.78 8.78 8.78 8.78 8.78 8.78 8.78 99999.90 99999.90 99999.90 99999.90 99999.90 99999.90 99999.90 99999.90 99999.90 99999.90 99999.90 99999.90 99999.90 99999.90 99999.90 99999.90 99999.90 99999.90 99999.90 99999.90 99999.90 99999.90 99999.90 99999.90 99999.90 99999.90 99999.90 99999.90 99999.90
9.79 9.80 9.26 9.41 10.01 9.76 10.44 10.10 9.79 9.98 10.53 10.20 10.20 10.66 10.66 11.07 11.07 10.79 10.59 10.83 10.99 10.75 10.07 10.07 10.07 10.07 9.16 9.16 9.16 9.16 8.71 8.71 8.71 8.71 8.71 8.82 8.82 9.12 9.12 9.12 9.12 9.12 9.12 9.12 99999.90 99999.90 99999.90 99999.90 99999.90 99999.90 99999.90 99999.90 99999.90 99999.90 99999.90 99999.90 99999.90 99999.90 99999.90 99999.90 99999.90 99999.90 99999.90 99999.90 99999.90 99999.90 99999.90 99999.90 99999.90 99999.90 99999.90 99999.90 99999.90 99999.90 99999.90 99999.90 99999.90
9.58 9.88 9.28 9.84 10.06 10.44 10.13 10.08 10.27 10.76 10.53 10.53 10.20 10.20 10.66 11.07 11.07 10.79 10.59 10.83 10.99 10.75 10.07 10.07 10.07 10.07 9.16 9.16 9.16 9.16 9.16 8.71 8.71 8.71 8.71 8.82 8.82 8.82 8.82 8.82 8.82 8.82 99999.90 99999.90 99999.90 99999.90 99999.90 99999.90 99999.90 99999.90 99999.90 99999.90 99999.90 99999.90 99999.90 99999.90 99999.90 99999.90 99999.90 99999.90 99999.90 99999.90 99999.90 99999.90 99999.90 99999.90 99999.90 99999.90 99999.90 99999.90 99999.90 99999.90 99999.90 99999.90 99999.90 99999.90 99999.90
9.64 9.78 9.87 10.39 10.23 10.01 9.95 10.91 10.97 11.46 11.46 11.46 10.53 10.20 10.20 10.66 11.07 11.07 10.59 10.83 10.99 10.75 10.07 10.07 10.07 10.07 10.07 9.16 9.16 9.16 9.16 8.71 8.71 8.71 8.71 8.71 8.71 8.71 8.71 8.71 99999.90 99999.90 99999.90 99999.90 99999.90 99999.90 99999.90 99999.90 99999.90 99999.90 99999.90 99999.90 99999.90 99999.90 99999.90 99999.90 99999.90 99999.90 99999.90 99999.90 99999.90 99999.90 99999.90 99999.90 99999.90 99999.90 99999.90 99999.90 99999.90 99999.90 99999.90 99999.90 99999.90 99999.90 99999.90 99999.90 99999.90
9.76 10.29 10.55 10.42 10.18 10.24 10.65 11.39 11.40 11.46 11.46 11.46 11.46 11.46 10.20 10.20 11.07 11.07 10.59 10.83 10.99 10.75 10.07 10.07 10.07 10.07 10.07 9.16 9.16 9.16 9.16 9.16 8.71 8.71 8.71 8.71 8.71 8.71 99999.90 99999.90 99999.90 99999.90 99999.90 99999.90 99999.90 99999.90 99999.90 99999.90 99999.90 99999.90 99999.90 99999.90 99999.90 99999.90 99999.90 99999.90 99999.90 99999.90 99999.90 99999.90 99999.90 99999.90 99999.90 99999.90 99999.90 99999.90 99999.90 99999.90 99999.90 99999.90 99999.90 99999.90 99999.90 99999.90 99999.90 99999.90 99999.90
10.35 10.73 10.83 10.10 10.46 10.97 11.36 11.38 11.35 11.35 11.35 11.46 11.46 11.46 11.46 11.46 10.20 11.07 10.59 10.83 10.99 10.75 10.07 10.07 10.07 10.07 10.07 10.07 9.16 9.16 9.16 9.16 9.16 9.16 8.95 8.95 99999.90 99999.90 99999.90 99999.90 99999.90 99999.90 99999.90 99999.90 99999.90 99999.90 99999.90 99999.90 99999.90 99999.90 99999.90 99999.90 99999.90 99999.90 99999.90 99999.90 99999.90 99999.90 99999.90 99999.90 99999.90 99999.90 99999.90 99999.90 99999.90 99999.90 99999.90 99999.90 99999.90 99999.90 99999.90 99999.90 99999.90 99999.90 99999.90 99999.90 99999.90
10.62 10.63 10.72 10.38 10.90 11.28 11.37 11.39 11.35 11.35 11.35 11.35 11.35 11.46 11.46 11.46 11.46 10.20 11.07 10.83 10.99 10.75 10.07 10.07 10.07 10.07 10.07 10.07 9.16 9.16 9.16 9.16 9.16 9.16 9.16 99999.90 99999.90 99999.90 99999.90 99999.90 99999.90 99999.90 99999.90 99999.90 99999.90 99999.90 99999.90 99999.90 99999.90 99999.90 99999.90 99999.90 99999.90 99999.90 99999.90 99999.90 99999.90 99999.90 99999.90 99999.90 99999.90 99999.90 99999.90 99999.90 99999.90 99999.90 99999.90 99999.90 99999.90 99999.90 99999.90 99999.90 99999.90 99999.90 99999.90 99999.90 99999.90
10.92 10.81 10.83 10.87 11.35 11.35 11.38 11.40 11.40 11.40 11.35 11.35 11.35 11.35 11.35 11.46 11.46 11.46 11.07 10.83 10.99 10.75 10.07 10.07 10.07 10.07 10.07 10.07 10.07 10.07 10.07 10.07 10.07 99999.90 99999.90 99999.90 99999.90 99999.90 99999.90 99999.90 99999.90 99999.90 99999.90 99999.90 99999.90 99999.90 99999.90 99999.90 99999.90 99999.90 99999.90 99999.90 99999.90 99999.90 99999.90 99999.90 99999.90 99999.90 99999.90 99999.90 99999.90 99999.90 99999.90 99999.90 99999.90 99999.90 99999.90 99999.90 99999.90 99999.90 99999.90 99999.90 99999.90 99999.90 99999.90 99999.90 99999.90
10.40 10.72 10.94 11.32 11.37 11.36 11.37 11.38 11.38 11.38 11.38 11.38 11.35 11.35 11.35 11.35 11.35 11.46 11.46 11.07 11.07 11.07 11.07 11.07 11.07 99999.90 99999.90 99999.90 99999.90 99999.90 99999.90 99999.90 99999.90 99999.90 99999.90 99999.90 99999.90 99999.90 99999.90 99999.90 99999.90 99999.90 99999.90 99999.90 99999.90 99999.90 99999.90 99999.90 99999.90 99999.90 99999.90 99999.90 99999.90 99999.90 99999.90 99999.90 99999.90 99999.90 99999.90 99999.90 99999.90 99999.90 99999.90 99999.90 99999.90 99999.90 99999.90 99999.90 99999.90 99999.90 99999.90 99999.90 99999.90 99999.90 99999.90 99999.90 99999.90
10.61 10.70 10.93 11.34 11.34 11.33 11.34 11.38 11.38 11.38 11.38 11.38 11.38 11.38 11.38 11.35 11.35 11.35 11.35 11.46 10.20 10.66 10.66 99999.90 99999.90 99999.90 99999.90 99999.90 99999.90 99999.90 99999.90 99999.90 99999.90 99999.90 99999.90 99999.90 99999.90 99999.90 99999.90 99999.90 99999.90 99999.90 99999.90 99999.90 99999.90 99999.90 99999.90 99999.90 99999.90 99999.90 99999.90 99999.90 99999.90 99999.90 99999.90 99999.90 99999.90 99999.90 99999.90 99999.90 99999.90 99999.90 99999.90 99999.90 99999.90 99999.90 99999.90 99999.90 99999.90 99999.90 99999.90 99999.90 99999.90 99999.90 99999.90 99999.90 99999.90
10.98 11.06 11.21 11.30 11.30 11.31 11.31 11.31 11.31 11.38 11.38 11.38 11.38 11.38 11.38 11.38 11.38 11.38 11.35 11.46 10.20 10.20 99999.90 99999.90 99999.90 99999.90 99999.90 99999.90 99999.90 99999.90 99999.90 99999.90 99999.90 99999.90 99999.90 99999.90 99999.90 99999.90 99999.90 99999.90 99999.90 99999.90 99999.90 99999.90 99999.90 99999.90 99999.90 99999.90 99999.90 99999.90 99999.90 99999.90 99999.90 99999.90 99999.90 99999.90 99999.90 99999.90 99999.90 99999.90 99999.90 99999.90 99999.90 99999.90 99999.90 99999.90 99999.90 99999.90 99999.90 99999.90 99999.90 99999.90 99999.90 99999.90 99999.90 99999.90 99999.90
11.02 11.22 11.26 11.28 11.29 11.30 11.31 11.31 11.31 11.31 11.31 11.38 11.38 11.38 11.38 11.38 11.38 11.38 11.35 11.46 10.53 99999.90 99999.90 99999.90 99999.90 99999.90 99999.90 99999.90 99999.90 99999.90 99999.90 99999.90 99999.90 99999.90 99999.90 99999.90 99999.90 99999.90 99999.90 99999.90 99999.90 99999.90 99999.90 99999.90 99999.90 99999.90 99999.90 99999.90 99999.90 99999.90 99999.90 99999.90 99999.90 99999.90 99999.90 99999.90 99999.90 99999.90 99999.90 99999.90 99999.90 99999.90 99999.90 99999.90 99999.90 99999.90 99999.90 99999.90 99999.90 99999.90 99999.90 99999.90 99999.90 99999.90 99999.90 99999.90 99999.90
10.65 11.25 11.25 11.26 11.29 11.30 11.30 11.31 11.31 11.31 11.31 11.31 11.31 11.38 11.38 11.38 11.38 11.38 11.35 11.46 99999.90 99999.90 99999.90 99999.90 99999.90 99999.90 99999.90 99999.90 99999.90 99999.90 99999.90 99999.90 99999.90 99999.90 99999.90 99999.90 99999.90 99999.90 99999.90 99999.90 99999.90 99999.90 99999.90 99999.90 99999.90 99999.90 99999.90 99999.90 99999.90 99999.90 99999.90 99999.90 99999.90 99999.90 99999.90 99999.90 99999.90 99999.90 99999.90 99999.90 99999.90 99999.90 99999.90 99999.90 99999.90 99999.90 99999.90 99999.90 99999.90 99999.90 99999.90 99999.90 99999.90 99999.90 99999.90 99999.90 99999.90
10.83 11.23 11.23 11.26 11.29 11.29 11.30 11.30 11.31 11.31 11.31 11.31 11.31 11.31 11.31 11.38 11.38 11.38 11.35 11.46 99999.90 99999.90 99999.90 99999.90 99999.90 99999.90 99999.90 99999.90 99999.90 99999.90 99999.90 99999.90 99999.90 99999.90 99999.90 99999.90 99999.90 99999.90 99999.90 99999.90 99999.90 99999.90 99999.90 99999.90 99999.90 99999.90 99999.90 99999.90 99999.90 99999.90 99999.90 99999.90 99999.90 99999.90 99999.90 99999.90 99999.90 99999.90 99999.90 99999.90 99999.90 99999.90 99999.90 99999.90 99999.90 99999.90 99999.90 99999.90 99999.90 99999.90 99999.90 99999.90 99999.90 99999.90 99999.90 99999.90 99999.90
11.19 11.21 11.20 11.20 11.29 11.29 11.29 11.30 11.30 11.31 11.31 11.31 11.31 11.31 11.31 11.31 11.31 11.38 11.35 99999.90 99999.90 99999.90 99999.90 99999.90 99999.90 99999.90 99999.90 99999.90 99999.90 99999.90 99999.90 99999.90 99999.90 99999.90 99999.90 99999.90 99999.90 99999.90 99999.90 99999.90 99999.90 99999.90 99999.90 99999.90 99999.90 99999.90 99999.90 99999.90 99999.90 99999.90 99999.90 99999.90 99999.90 99999.90 99999.90 99999.90 99999.90 99999.90 99999.90 99999.90 99999.90 99999.90 99999.90 99999.90 99999.90 99999.90 99999.90 99999.90 99999.90 99999.90 99999.90 99999.90 99999.90 99999.90 99999.90 99999.90 99999.90
11.20 11.19 11.16 11.16 11.16 11.16 11.29 11.29 11.30 11.30 11.31 11.31 11.31 11.31 11.31 11.31 11.31 11.38 11.35 99999.90 99999.90 99999.90 99999.90 99999.90 99999.90 99999.90 99999.90 99999.90 99999.90 99999.90 99999.90 99999.90 99999.90 99999.90 99999.90 99999.90 99999.90 99999.90 99999.90 99999.90 99999.90 99999.90 99999.90 99999.90 99999.90 99999.90 99999.90 99999.90 99999.90 99999.90 99999.90 99999.90 99999.90 99999.90 99999.90 99999.90 99999.90 99999.90 99999.90 99999.90 99999.90 99999.90 99999.90 99999.90 99999.90 99999.90 99999.90 99999.90 99999.90 99999.90 99999.90 99999.90 99999.90 99999.90 99999.90 99999.90 99999.90
