Files/BOM data/2019072220190722.grid
ncols 839
nrows 679
xllcenter 112.0500
yllcenter -43.9500
cellsize 0.0500
nodata_value 99999.90
[rows 306 to 339 of 679, columns 154 to 230 of 839]
16.09 16.08 16.13 16.09 16.20 16.15 16.13 16.08 16.09 16.06 16.13 16.11 16.12 16.14 16.10 16.12 16.10 16.11 16.01 16.10 16.11 16.13 16.16 16.11 16.11 16.10 16.06 16.07 16.10 16.08 16.12 16.08 16.10 16.09 16.10 16.09 16.07 16.11 16.05 16.11 16.11 16.10 16.10 16.06 16.08 16.09 16.10 16.10 16.10 16.07 16.08 16.08 16.09 16.08 16.11 16.08 16.07 16.06 16.04 16.07 16.09 16.06 16.12 15.88 15.80 15.63 15.72 15.97 16.06 16.09 16.07 16.04 16.00 16.08 16.12 16.09 16.14
16.07 16.04 16.07 16.13 16.14 16.06 16.04 16.13 16.12 16.04 16.04 16.07 16.12 16.08 16.08 16.08 16.11 16.10 16.00 16.05 16.08 16.06 16.09 16.11 16.09 16.07 16.10 16.07 16.02 16.03 16.06 16.07 16.05 16.07 16.08 16.08 16.06 16.04 16.07 16.10 16.07 16.08 16.08 16.06 16.07 16.05 16.09 16.04 16.06 16.09 16.08 16.07 16.08 16.05 16.08 16.08 16.09 16.08 16.05 16.06 16.05 16.03 15.99 15.95 15.99 15.72 15.89 16.01 16.10 16.07 16.12 16.14 16.15 16.08 16.08 16.06 16.11
16.12 16.07 16.06 16.11 16.03 16.09 16.10 16.08 16.08 16.05 16.06 16.02 16.06 16.11 16.06 16.12 16.04 16.07 16.07 16.07 16.07 16.08 16.06 16.06 16.15 16.06 16.08 16.05 16.10 16.06 16.04 16.03 16.02 16.03 16.04 16.04 16.06 16.03 16.04 16.03 16.03 16.07 16.04 16.03 16.01 16.03 16.04 16.06 16.04 16.03 16.06 16.06 16.06 16.08 15.99 16.01 16.03 16.04 16.02 16.02 16.06 16.04 16.04 15.99 16.00 15.75 16.06 16.06 16.05 16.04 16.07 16.04 16.02 16.06 16.05 16.06 16.02
16.11 16.09 16.09 16.08 16.08 16.02 16.12 16.05 16.10 16.06 16.00 16.01 16.02 16.08 16.01 16.00 16.11 16.01 16.09 16.09 16.07 16.04 16.04 15.99 16.02 16.02 16.03 16.03 16.04 16.08 16.09 16.03 16.01 16.03 16.00 16.00 16.04 16.01 16.01 15.98 15.97 15.98 16.01 16.01 16.01 16.00 16.05 16.04 16.04 16.05 16.03 16.02 16.03 16.05 16.03 16.02 16.02 16.01 16.02 16.03 16.01 15.99 15.99 16.00 15.89 15.80 15.91 16.05 16.01 16.03 16.10 16.04 16.01 16.02 16.07 16.12 16.12
16.01 16.06 16.02 16.01 16.01 15.98 16.00 16.04 15.86 16.09 16.09 16.05 15.96 16.00 15.96 15.95 15.95 16.05 15.96 15.95 15.97 16.01 16.02 16.01 16.00 16.00 16.00 16.01 16.02 15.98 15.99 16.05 16.02 16.01 16.03 16.02 16.02 15.99 16.02 16.00 15.99 16.03 15.99 16.03 16.05 16.02 15.96 15.95 15.97 16.01 16.02 16.02 16.01 15.99 16.03 15.96 15.96 15.99 15.97 16.00 16.01 16.01 15.99 15.98 15.98 15.95 15.94 16.03 16.07 15.98 15.96 16.01 15.99 16.01 16.05 15.99 15.95
15.97 16.00 15.98 15.60 15.89 15.77 15.67 15.96 15.81 15.95 15.88 16.00 16.05 16.03 16.01 16.02 15.97 15.85 15.87 15.85 16.07 15.98 15.95 15.94 15.93 15.96 15.98 16.00 15.96 16.00 15.99 15.97 16.04 16.05 16.01 15.97 15.98 15.99 15.99 15.99 15.94 15.98 15.98 16.02 16.03 16.00 16.04 15.98 15.94 15.93 15.94 15.97 15.98 16.00 15.98 15.99 15.99 15.96 15.95 15.96 16.02 15.97 15.97 15.96 15.93 15.98 15.95 15.96 15.98 16.00 16.00 16.01 16.02 16.01 15.99 16.00 16.00
15.98 15.96 15.87 15.94 15.84 15.74 15.68 15.93 15.94 15.96 16.03 16.02 15.96 15.94 15.91 15.90 15.85 16.02 15.90 15.89 15.90 16.03 16.00 15.99 15.97 15.94 15.92 15.96 15.92 15.97 15.95 15.97 15.92 15.97 15.96 15.95 15.96 16.02 15.99 15.99 16.00 15.95 15.97 15.94 15.96 16.01 15.99 16.01 15.98 15.97 16.00 15.98 15.97 15.99 15.97 15.96 15.96 15.98 15.96 15.92 15.93 15.94 15.93 15.94 15.97 15.90 15.85 15.90 15.97 15.98 15.92 15.98 16.01 16.03 16.03 16.01 15.97
15.97 16.00 16.00 15.98 15.98 15.95 15.90 15.94 15.91 15.91 15.94 16.00 15.97 15.98 15.98 15.99 15.90 15.93 15.98 15.91 15.85 15.89 15.92 15.98 15.99 15.98 15.93 15.93 15.94 15.94 15.94 15.91 15.93 15.92 15.96 15.94 15.92 15.94 15.95 15.97 15.93 15.98 15.94 15.94 15.95 15.97 15.93 15.96 16.01 15.97 15.96 15.98 15.94 15.94 15.95 15.95 15.96 15.95 15.97 15.95 15.96 15.96 15.97 15.97 15.91 15.88 15.95 15.95 15.92 15.94 15.95 15.92 15.95 15.98 16.01 16.03 15.99
15.93 15.90 15.92 15.92 15.92 15.91 15.92 15.93 15.92 15.90 15.93 15.90 15.87 15.96 15.96 15.99 15.97 15.86 15.84 15.95 15.93 15.83 15.71 15.72 15.90 15.97 15.91 15.90 15.90 15.91 15.94 15.91 15.93 15.94 15.91 15.96 15.96 15.93 15.92 15.96 15.93 15.93 15.96 15.92 15.96 15.97 15.96 15.93 15.90 15.91 15.91 15.93 15.95 15.97 15.95 15.92 15.94 15.97 15.95 15.94 15.92 15.94 15.96 15.92 15.94 15.88 15.89 15.91 15.93 15.92 15.92 15.97 15.99 15.96 15.94 15.96 15.97
15.94 15.94 15.93 15.88 15.88 15.89 15.91 15.90 15.90 15.88 15.92 15.92 15.91 15.91 15.93 15.92 15.98 15.94 15.91 15.92 15.89 15.68 15.80 15.79 15.47 15.81 15.93 15.90 15.90 15.88 15.88 15.88 15.89 15.89 15.92 15.86 15.87 15.89 15.86 15.85 15.82 15.82 15.81 16.00 15.90 15.87 15.81 15.95 15.95 15.94 15.92 15.87 15.87 15.85 15.85 15.87 15.92 15.85 15.88 15.87 15.91 15.84 15.91 15.93 15.89 15.85 15.91 15.91 15.89 15.92 15.90 15.91 15.93 15.97 15.95 15.89 15.91
15.88 15.85 15.88 15.86 15.86 15.92 15.88 15.84 15.84 15.84 15.86 15.90 15.90 15.82 15.87 15.85 15.84 15.84 15.85 15.80 15.81 15.72 15.62 15.90 15.84 15.63 15.85 15.86 15.84 15.83 15.85 15.82 15.82 15.81 15.83 15.85 15.87 15.89 15.85 15.87 15.86 15.88 15.87 15.90 15.94 15.87 15.87 15.89 15.82 15.89 15.88 15.83 15.86 15.90 15.93 15.86 15.85 15.91 15.91 15.87 15.88 15.88 15.86 15.91 15.93 15.80 15.89 15.89 15.90 15.87 15.91 15.96 15.92 15.92 15.93 15.91 15.90
15.85 15.84 15.84 15.83 15.83 15.81 15.88 15.87 15.84 15.83 15.85 15.86 15.85 15.86 15.89 15.86 15.86 15.87 15.86 15.89 15.86 15.83 15.71 15.77 15.75 15.84 15.82 15.80 15.85 15.85 15.82 15.85 15.81 15.82 15.84 15.79 15.80 15.82 15.85 15.86 15.87 15.84 15.86 15.87 15.83 15.82 15.85 15.83 15.87 15.82 15.87 15.88 15.91 15.90 15.92 15.88 15.82 15.80 15.86 15.86 15.88 15.85 15.81 15.80 15.86 15.85 15.84 15.85 15.82 15.83 15.88 15.92 15.89 15.92 15.91 15.90 15.90
15.83 15.83 15.82 15.84 15.85 15.88 15.86 15.85 15.86 15.83 15.81 15.90 15.86 15.87 15.82 15.83 15.82 15.85 15.84 15.92 15.88 15.89 15.80 15.77 15.76 15.82 15.81 15.78 15.77 15.80 15.80 15.80 15.79 15.79 15.80 15.81 15.83 15.81 15.82 15.81 15.79 15.82 15.85 15.85 15.88 15.84 15.87 15.87 15.84 15.84 15.85 15.79 15.83 15.90 15.87 15.88 15.84 15.87 15.85 15.87 15.85 15.88 15.88 15.84 15.81 15.77 15.63 15.44 15.77 15.83 15.89 15.86 15.89 15.85 15.90 15.88 15.94
15.82 15.82 15.80 15.79 15.80 15.74 15.82 15.81 15.83 15.85 15.81 15.87 15.84 15.83 15.82 15.85 15.80 15.80 15.84 15.79 15.84 15.86 15.78 15.83 15.87 15.82 15.83 15.82 15.81 15.78 15.78 15.81 15.77 15.77 15.80 15.75 15.71 15.78 15.77 15.78 15.78 15.90 15.84 15.81 15.84 15.85 15.85 15.86 15.83 15.34 15.24 15.60 15.72 15.82 15.87 15.87 15.85 15.87 15.81 15.81 15.79 15.81 15.82 15.84 15.80 15.81 15.58 15.50 15.82 15.78 15.89 15.84 15.77 15.82 15.84 15.86 15.86
15.81 15.81 15.81 15.82 15.81 15.80 15.78 15.75 15.80 15.80 15.81 15.81 15.77 15.81 15.83 15.79 15.78 15.83 15.75 15.78 15.69 15.85 15.84 15.72 15.87 15.85 15.82 15.82 15.78 15.76 15.74 15.78 15.74 15.77 15.74 15.75 15.70 15.78 15.77 15.81 15.72 15.75 15.80 15.80 15.78 15.79 15.79 15.78 15.78 15.48 15.19 15.15 15.20 14.84 15.74 15.72 15.77 15.79 15.79 15.78 15.77 15.79 15.78 15.83 15.83 15.81 15.81 15.74 15.86 15.84 15.76 15.82 15.84 15.80 15.81 15.81 15.82
15.79 15.79 15.76 15.76 15.73 15.77 15.79 15.74 15.72 15.85 15.79 15.84 15.81 15.75 15.78 15.75 15.70 15.77 15.77 15.82 15.80 15.70 15.77 15.72 15.74 15.80 15.79 15.80 15.81 15.80 15.76 15.74 15.73 15.71 15.77 15.76 15.75 15.73 15.76 15.73 15.77 15.75 15.74 15.78 15.81 15.77 15.81 15.77 15.81 15.33 15.21 14.58 15.07 15.42 15.07 15.53 15.61 15.70 15.78 15.78 15.78 15.78 15.80 15.81 15.80 15.78 15.76 15.69 15.85 15.82 15.81 15.81 15.80 15.83 15.81 15.81 15.86
15.75 15.77 15.73 15.74 15.73 15.73 15.72 15.72 15.67 15.76 15.74 15.79 15.84 15.84 15.81 15.76 15.79 15.79 15.75 15.69 15.79 15.77 15.74 15.73 15.68 15.83 15.79 15.81 15.78 15.78 15.78 15.72 15.73 15.71 15.72 15.72 15.67 15.73 15.70 15.72 15.70 15.76 15.73 15.72 15.70 15.71 15.72 15.75 15.64 15.79 15.04 15.16 15.41 15.69 15.17 15.61 15.56 15.60 15.63 15.74 15.77 15.76 15.78 15.75 15.74 15.75 15.71 15.75 15.55 15.81 15.79 15.78 15.80 15.78 15.75 15.76 15.80
15.75 15.75 15.73 15.73 15.74 15.71 15.73 15.75 15.66 15.79 15.76 15.72 15.69 15.70 15.74 15.70 15.65 15.78 15.70 15.70 15.79 15.74 15.75 15.75 15.66 15.69 15.75 15.66 15.72 15.75 15.76 15.77 15.73 15.71 15.67 15.72 15.70 15.69 15.72 15.75 15.69 15.69 15.74 15.70 15.72 15.73 15.67 15.74 15.71 15.51 15.37 15.78 15.69 15.33 15.44 15.36 15.44 15.67 15.73 15.71 15.64 15.54 15.49 15.66 15.77 15.70 15.74 15.77 15.73 15.72 15.76 15.74 15.75 15.77 15.76 15.75 15.77
15.78 15.75 15.74 15.71 15.72 15.68 15.68 15.71 15.66 15.64 15.66 15.69 15.73 15.77 15.74 15.68 15.68 15.69 15.69 15.70 15.66 15.70 15.67 15.81 15.76 15.70 15.69 15.69 15.66 15.65 15.68 15.74 15.70 15.64 15.71 15.68 15.68 15.70 15.73 15.69 15.68 15.70 15.71 15.71 15.71 15.67 15.69 15.71 15.69 15.68 15.59 15.62 15.55 15.02 15.46 15.50 15.41 15.61 15.57 15.55 15.54 15.62 15.55 15.47 15.58 15.64 15.71 15.73 15.71 15.73 15.74 15.74 15.69 15.77 15.74 15.76 15.82
15.69 15.70 15.73 15.70 15.68 15.68 15.66 15.65 15.66 15.67 15.62 15.64 15.66 15.73 15.72 15.75 15.68 15.66 15.68 15.66 15.68 15.67 15.65 15.59 15.61 15.70 15.70 15.69 15.73 15.67 15.66 15.66 15.65 15.64 15.61 15.66 15.67 15.70 15.69 15.72 15.69 15.65 15.67 15.72 15.72 15.69 15.68 15.67 15.70 15.68 15.63 15.70 15.58 15.50 15.56 15.55 15.41 15.54 15.65 15.66 15.69 15.72 15.68 15.65 15.53 15.59 15.55 15.66 15.70 15.73 15.74 15.71 15.73 15.75 15.70 15.72 15.72
15.70 15.65 15.71 15.67 15.71 15.66 15.66 15.64 15.63 15.58 15.62 15.56 15.62 15.66 15.64 15.67 15.63 15.69 15.65 15.61 15.67 15.69 15.71 15.64 15.58 15.67 15.68 15.63 15.64 15.68 15.69 15.64 15.65 15.65 15.70 15.66 15.64 15.61 15.68 15.66 15.70 15.68 15.68 15.62 15.66 15.66 15.63 15.66 15.66 15.66 15.66 15.68 15.64 15.58 15.62 15.62 15.63 15.62 15.70 15.69 15.67 15.66 15.66 15.53 15.55 15.49 15.53 15.68 15.71 15.71 15.71 15.72 15.68 15.69 15.72 15.74 15.69
15.62 15.66 15.62 15.65 15.71 15.68 15.63 15.61 15.62 15.59 15.54 15.58 15.51 15.58 15.57 15.66 15.56 15.55 15.64 15.65 15.63 15.68 15.59 15.70 15.63 15.69 15.70 15.70 15.65 15.64 15.66 15.61 15.62 15.68 15.63 15.59 15.66 15.64 15.63 15.61 15.63 15.65 15.67 15.66 15.62 15.61 15.57 15.63 15.65 15.64 15.64 15.61 15.65 15.66 15.67 15.62 15.64 15.64 15.58 15.65 15.65 15.66 15.64 15.56 15.57 15.57 15.46 15.65 15.73 15.73 15.72 15.68 15.70 15.70 15.70 15.68 15.70
15.50 15.56 15.60 15.62 15.65 15.68 15.62 15.58 15.54 15.52 15.59 15.53 15.50 15.55 15.54 15.62 15.60 15.56 15.60 15.51 15.69 15.61 15.62 15.56 15.55 15.56 15.50 15.59 15.63 15.64 15.66 15.66 15.63 15.59 15.62 15.62 15.57 15.59 15.64 15.60 15.56 15.60 15.63 15.64 15.61 15.64 15.63 15.63 15.62 15.60 15.59 15.63 15.59 15.60 15.61 15.65 15.60 15.61 15.60 15.61 15.60 15.68 15.64 15.66 15.64 15.59 15.48 15.59 15.63 15.65 15.68 15.66 15.66 15.64 15.65 15.70 15.66
15.54 15.51 15.50 15.56 15.59 15.64 15.60 15.55 15.55 15.60 15.53 15.59 15.48 15.52 15.62 15.57 15.58 15.59 15.55 15.59 15.51 15.48 15.66 15.62 15.54 15.58 15.53 15.52 15.49 15.57 15.52 15.49 15.60 15.52 15.54 15.57 15.58 15.56 15.58 15.59 15.58 15.57 15.58 15.61 15.57 15.59 15.60 15.65 15.60 15.55 15.56 15.59 15.58 15.48 15.58 15.57 15.59 15.58 15.60 15.59 15.56 15.56 15.59 15.65 15.64 15.53 15.42 15.49 15.67 15.65 15.63 15.66 15.61 15.63 15.66 15.66 15.65
15.52 15.51 15.45 15.47 15.50 15.55 15.58 15.49 15.49 15.53 15.54 15.54 15.58 15.48 15.58 15.63 15.56 15.62 15.52 15.54 15.59 15.55 15.54 15.60 15.53 15.57 15.56 15.56 15.51 15.43 15.55 15.54 15.47 15.56 15.56 15.48 15.53 15.55 15.55 15.52 15.53 15.51 15.51 15.53 15.59 15.58 15.58 15.56 15.59 15.57 15.54 15.60 15.52 15.53 15.55 15.54 15.52 15.58 15.56 15.58 15.59 15.59 15.58 15.60 15.61 15.58 15.52 15.42 15.56 15.60 15.60 15.60 15.59 15.58 15.61 15.66 15.58
15.49 15.50 15.49 15.49 15.50 15.51 15.50 15.56 15.51 15.50 15.53 15.54 15.51 15.50 15.52 15.48 15.51 15.59 15.56 15.43 15.50 15.53 15.43 15.58 15.51 15.59 15.55 15.61 15.55 15.51 15.45 15.46 15.42 15.46 15.52 15.43 15.47 15.58 15.49 15.61 15.54 15.56 15.54 15.51 15.49 15.55 15.58 15.58 15.46 15.45 15.50 15.57 15.56 15.52 15.57 15.59 15.58 15.53 15.54 15.53 15.55 15.56 15.57 15.56 15.55 15.57 15.58 15.47 15.57 15.60 15.58 15.59 15.60 15.58 15.64 15.66 15.66
15.50 15.52 15.47 15.50 15.46 15.49 15.47 15.44 15.49 15.53 15.56 15.53 15.52 15.51 15.49 15.47 15.42 15.55 15.49 15.43 15.45 15.49 15.50 15.49 15.47 15.43 15.31 15.51 15.53 15.56 15.60 15.55 15.53 15.48 15.48 15.44 15.42 15.51 15.52 15.53 15.54 15.51 15.55 15.55 15.51 15.46 15.46 15.54 15.51 15.52 15.48 15.51 15.56 15.48 15.48 15.48 15.51 15.54 15.51 15.59 15.52 15.61 15.59 15.57 15.55 15.57 15.53 15.57 15.47 15.58 15.61 15.55 15.51 15.55 15.49 15.53 15.53
15.54 15.55 15.53 15.49 15.47 15.51 15.46 15.47 15.48 15.52 15.55 15.56 15.55 15.45 15.45 15.50 15.51 15.50 15.46 15.38 15.42 15.47 15.51 15.51 15.51 15.51 15.43 15.31 15.39 15.43 15.52 15.55 15.43 15.49 15.48 15.46 15.46 15.42 15.48 15.46 15.47 15.50 15.51 15.46 15.53 15.52 15.47 15.46 15.43 15.46 15.51 15.48 15.49 15.50 15.47 15.45 15.46 15.50 15.42 15.47 15.55 15.50 15.56 15.58 15.54 15.38 15.23 15.14 14.64 14.71 15.43 15.58 15.57 15.55 15.53 15.58 15.58
15.42 15.50 15.49 15.50 15.37 15.49 15.46 15.45 15.46 15.46 15.55 15.56 15.64 15.56 15.44 15.45 15.40 15.44 15.51 15.54 15.46 15.43 15.45 15.42 15.43 15.46 15.47 15.47 15.43 15.47 15.24 15.40 15.36 15.36 15.39 15.43 15.43 15.45 15.43 15.48 15.47 15.46 15.41 15.47 15.45 15.48 15.47 15.47 15.44 15.28 15.38 15.45 15.42 15.45 15.46 15.42 15.46 15.44 15.48 15.47 15.47 15.45 15.49 15.53 15.49 15.52 15.42 15.53 15.50 15.18 14.94 15.45 15.55 15.56 15.49 15.51 15.55
15.52 15.46 15.47 15.50 15.41 15.50 15.48 15.47 15.50 15.46 15.45 15.40 15.49 15.50 15.47 15.38 15.48 15.43 15.43 15.48 15.36 15.37 15.41 15.41 15.46 15.42 15.48 15.43 15.44 15.43 15.42 15.38 15.46 15.43 15.35 15.31 15.33 15.35 15.43 15.41 15.40 15.38 15.46 15.32 15.34 15.41 15.47 15.36 15.36 15.16 15.23 15.30 15.42 15.42 15.45 15.44 15.46 15.45 15.40 15.44 15.47 15.45 15.48 15.47 15.49 15.46 15.49 15.41 15.52 15.50 15.45 15.18 15.44 15.55 15.56 15.50 15.51
15.43 15.42 15.45 15.48 15.44 15.45 15.45 15.45 15.44 15.46 15.46 15.40 15.20 14.85 15.41 15.49 15.38 15.43 15.44 15.35 15.48 15.43 15.45 15.42 15.35 15.51 15.39 15.38 15.42 15.41 15.39 15.41 15.43 15.40 15.39 15.40 15.42 15.40 15.40 15.39 15.42 15.39 15.41 15.31 15.23 15.17 15.30 15.32 15.32 15.23 15.10 15.11 15.25 15.38 15.46 15.43 15.48 15.44 15.48 15.45 15.46 15.46 15.46 15.45 15.48 15.48 15.57 15.51 15.49 15.48 15.48 15.38 15.19 15.51 15.47 15.48 15.48
15.40 15.33 15.38 15.44 15.42 15.41 15.40 15.39 15.39 15.39 15.35 15.33 15.32 15.18 15.20 15.47 15.43 15.40 15.45 15.42 15.44 15.39 15.39 15.44 15.35 15.48 15.40 15.38 15.45 15.42 15.43 15.43 15.39 15.42 15.42 15.38 15.40 15.34 15.38 15.40 15.40 15.38 15.39 15.40 15.35 15.26 15.20 15.24 15.19 15.18 15.20 15.16 15.21 15.21 15.28 15.39 15.34 15.39 15.45 15.43 15.44 15.49 15.46 15.46 15.43 15.47 15.42 15.48 15.46 15.44 15.41 15.44 15.34 15.46 15.46 15.47 15.44
15.28 15.25 15.28 15.36 15.39 15.38 15.42 15.41 15.41 15.32 15.31 15.25 15.22 15.33 15.32 15.20 15.40 15.41 15.37 15.38 15.39 15.45 15.43 15.38 15.38 15.32 15.41 15.39 15.39 15.35 15.45 15.38 15.40 15.35 15.39 15.37 15.37 15.37 15.35 15.37 15.40 15.31 15.22 15.23 15.33 15.36 15.21 15.06 15.15 15.14 15.15 15.15 15.22 15.20 15.25 15.34 15.35 15.39 15.39 15.42 15.42 15.40 15.40 15.48 15.46 15.53 15.38 15.44 15.45 15.43 15.42 15.43 15.14 15.28 15.39 15.49 15.48
15.40 15.29 15.32 15.32 15.31 15.34 15.34 15.40 15.37 15.35 15.28 15.19 15.15 15.30 15.33 15.32 15.34 15.30 15.29 15.31 15.31 15.27 15.36 15.37 15.37 15.32 15.41 15.38 15.38 15.39 15.36 15.40 15.36 15.33 15.35 15.38 15.40 15.41 15.33 15.31 15.28 15.35 15.22 15.10 15.19 15.22 15.27 15.10 15.38 15.41 15.28 15.25 15.20 15.14 15.17 15.34 15.37 15.40 15.38 15.36 15.42 15.38 15.38 15.35 15.43 15.47 15.39 15.35 15.42 15.43 15.41 15.47 15.41 15.41 15.38 15.44 15.41
