Files/BOM data/2019071220190712.grid
ncols 839
nrows 679
xllcenter 112.0500
yllcenter -43.9500
cellsize 0.0500
nodata_value 99999.90
[rows 408 to 441 of 679, columns 308 to 384 of 839]
11.69 11.98 11.12 10.90 10.81 10.78 11.26 11.12 10.66 10.83 10.85 11.40 10.91 11.21 11.38 11.17 11.44 10.89 10.81 10.81 10.82 11.10 11.12 10.75 10.28 10.35 10.34 10.77 10.53 10.58 11.20 10.69 10.78 11.20 11.46 11.02 10.30 10.41 10.13 10.45 10.76 10.50 10.82 10.63 10.31 10.07 10.38 10.61 10.39 10.62 10.68 10.24 10.53 10.11 10.26 10.53 10.09 10.24 10.38 11.05 11.48 10.82 10.86 10.24 10.56 11.03 11.25 11.04 11.27 11.10 10.70 10.98 11.14 10.75 10.96 10.98 10.74
11.96 11.92 11.38 11.19 11.19 10.73 11.33 11.19 10.88 10.97 10.84 11.20 11.35 11.23 11.42 11.22 11.64 11.36 11.17 11.08 11.39 11.71 11.69 11.40 11.13 10.90 11.03 10.82 10.89 10.95 11.14 10.79 10.58 10.81 11.37 11.60 11.18 11.08 10.81 10.60 10.56 9.74 10.34 10.61 10.58 10.27 10.47 10.61 10.77 10.86 10.97 10.57 10.78 10.66 10.67 10.60 10.54 10.09 9.87 10.31 10.80 10.83 10.86 10.53 10.62 10.52 10.74 10.65 11.04 10.87 10.57 10.77 10.42 10.66 11.14 10.89 11.21
11.36 11.48 11.78 11.47 11.99 11.17 11.63 11.32 11.21 11.10 11.48 11.34 11.10 11.58 11.34 11.58 11.69 11.60 11.58 10.71 11.08 11.88 11.86 12.04 12.14 11.62 11.66 11.61 11.39 11.54 11.58 11.27 11.18 10.91 11.24 11.66 11.73 11.36 11.36 11.38 11.16 10.82 10.71 11.02 11.02 10.72 10.65 10.46 10.72 10.85 11.07 11.08 10.71 10.88 10.97 11.00 10.99 10.81 10.47 10.36 10.48 10.65 10.99 10.75 10.44 10.22 10.36 10.47 10.82 10.64 10.73 11.07 11.13 11.06 11.19 11.59 11.58
11.70 12.14 11.89 11.86 11.93 11.69 11.85 11.57 11.40 11.29 11.61 11.53 11.12 11.28 11.01 11.50 11.65 11.22 11.62 11.00 11.10 11.55 11.99 11.86 11.83 11.40 11.73 11.71 11.73 11.78 11.68 11.51 11.46 11.24 11.09 11.47 11.55 11.58 11.46 11.09 11.37 11.31 11.13 11.35 11.22 10.96 10.88 10.44 10.45 10.91 10.95 11.26 11.23 11.22 11.31 11.10 11.08 11.08 11.34 11.21 11.20 10.99 11.14 10.88 11.01 10.81 10.58 10.62 10.97 10.87 10.79 10.91 10.91 10.76 10.62 11.17 11.38
12.03 12.24 12.15 12.04 11.84 11.97 11.85 12.22 11.84 11.36 11.75 11.59 11.31 11.07 10.50 11.28 11.65 11.39 11.40 11.29 11.17 11.69 11.59 11.48 11.67 11.09 11.49 11.74 11.66 12.07 11.83 11.60 11.80 11.79 11.71 11.64 11.80 11.75 11.44 11.43 11.48 11.41 11.58 11.65 11.25 11.09 11.60 11.04 10.97 10.66 10.73 10.96 11.02 10.95 10.99 10.95 10.85 10.90 11.29 10.84 11.49 11.46 11.08 11.18 11.43 11.40 11.46 11.18 11.41 11.14 10.97 10.73 10.82 10.93 10.73 11.03 10.69
11.65 11.82 11.82 11.70 11.53 12.12 11.55 11.76 12.01 11.81 11.67 11.78 11.62 11.49 11.02 11.06 11.55 11.30 11.14 11.02 10.93 11.20 11.62 11.64 11.41 11.12 11.12 11.81 11.91 11.83 11.75 11.42 11.95 11.95 11.82 11.96 11.94 11.53 11.62 11.50 11.42 11.34 11.36 11.13 10.98 11.27 11.39 11.56 11.54 11.38 11.18 10.94 11.19 10.91 10.64 10.72 10.83 10.39 10.71 10.56 10.82 11.57 11.17 11.13 11.12 11.18 11.40 11.21 11.50 11.68 11.57 11.48 11.10 10.84 10.82 10.63 10.54
11.90 11.79 11.69 11.44 11.35 11.77 11.89 12.23 12.17 12.14 11.93 12.16 12.10 12.09 11.88 11.66 11.20 11.32 11.30 10.87 11.16 11.19 11.52 11.10 11.58 11.46 11.44 11.49 11.70 11.63 11.73 11.56 11.43 11.46 11.55 11.72 11.47 11.38 11.12 11.31 11.20 10.78 10.89 10.92 10.86 10.83 10.93 11.20 11.34 11.75 11.87 11.55 11.55 11.47 11.14 11.12 11.12 10.62 10.83 11.13 10.70 11.00 11.13 11.11 10.90 11.09 11.02 10.92 11.30 11.22 11.47 11.85 11.79 11.80 11.71 11.67 11.08
11.74 11.87 11.76 11.51 11.64 11.76 11.72 12.03 12.01 12.24 12.27 12.25 11.77 11.70 11.70 11.72 11.56 11.87 11.78 11.47 11.54 11.19 11.34 11.07 11.14 11.11 11.18 11.37 11.70 11.68 11.63 11.74 11.75 11.67 11.66 11.70 11.60 11.46 11.06 11.49 11.22 11.11 11.03 10.89 11.35 11.23 11.13 11.26 11.18 11.38 12.02 12.01 11.92 11.77 11.91 11.66 11.70 11.39 11.42 11.21 11.41 11.37 11.21 11.44 11.14 10.97 11.45 11.20 11.17 11.20 10.97 11.49 11.68 11.93 12.13 12.28 12.12
11.78 11.97 11.30 11.60 12.13 11.95 11.76 12.01 11.86 12.27 12.05 11.92 12.05 12.04 12.30 12.08 11.77 12.44 12.16 12.08 11.96 11.49 11.55 11.48 11.20 11.56 11.44 11.45 12.01 11.86 11.94 11.63 11.69 11.56 11.77 11.84 11.47 11.52 11.46 11.69 11.58 11.24 11.47 11.39 11.80 11.54 11.76 11.78 11.38 11.61 11.94 11.36 11.49 11.53 11.74 11.89 11.82 11.57 11.54 11.41 11.68 11.81 11.64 11.60 11.49 11.21 11.41 11.33 11.08 10.90 10.78 11.20 11.65 11.43 11.84 11.81 11.75
11.56 11.55 11.44 11.46 12.06 11.93 12.10 12.05 12.02 11.59 11.25 11.58 11.74 11.71 12.44 12.64 12.39 11.94 11.73 12.04 11.79 11.97 11.53 11.85 11.37 11.56 11.46 11.36 11.66 11.54 11.64 11.38 11.59 11.89 11.68 11.79 11.48 11.36 11.32 11.82 11.71 11.26 11.80 11.82 11.52 11.00 11.59 11.66 11.57 11.75 11.49 11.15 11.30 11.52 11.50 11.78 11.62 11.54 11.59 11.45 12.08 12.23 12.44 11.90 11.79 11.75 11.54 11.67 11.38 11.15 11.09 11.23 11.57 11.48 11.28 11.18 11.27
11.22 11.43 11.42 11.10 11.91 11.98 11.39 11.18 11.64 11.67 11.52 11.17 11.70 11.90 11.95 12.18 11.94 11.62 11.55 11.42 11.67 11.62 11.10 11.76 11.44 11.76 11.36 11.62 11.59 11.48 11.36 11.45 11.22 11.32 11.69 11.49 11.48 11.41 11.81 11.43 11.26 11.59 11.67 11.99 11.86 11.44 11.28 11.78 11.75 11.88 11.96 11.86 11.17 11.46 11.38 11.83 12.24 11.76 11.98 11.83 11.56 12.26 12.19 12.08 12.00 12.20 12.11 11.94 11.86 11.39 11.44 10.92 11.39 11.43 11.27 11.18 10.52
10.99 11.45 11.33 11.40 11.83 12.08 11.23 11.38 11.87 12.25 12.13 11.87 11.87 11.87 11.82 12.04 11.98 11.91 11.88 11.49 11.88 11.72 11.33 11.58 11.51 11.61 11.53 11.64 11.44 11.24 11.23 11.33 11.06 11.10 11.36 11.56 11.22 11.46 11.79 11.54 11.61 11.57 11.41 11.76 11.94 11.62 11.18 11.61 11.30 11.41 11.55 11.79 11.96 11.98 11.87 11.52 12.04 12.00 11.66 11.68 11.44 11.98 11.99 12.14 11.96 11.50 12.03 12.13 11.99 11.72 11.31 11.13 10.95 11.66 11.55 11.58 11.48
11.45 11.22 11.40 11.63 11.93 11.64 11.57 11.70 11.58 11.76 11.57 11.77 12.19 11.82 11.88 11.79 12.11 11.97 11.85 12.10 12.30 12.26 11.63 11.76 11.65 12.03 11.77 11.78 11.66 11.54 11.04 11.37 11.72 11.65 11.51 11.60 10.98 11.31 11.56 11.24 11.28 11.04 11.11 11.11 11.50 11.60 11.48 11.22 11.54 12.08 11.78 11.66 12.03 11.65 12.22 12.02 12.21 11.87 11.87 11.81 11.69 11.73 11.96 12.12 11.31 11.40 12.10 12.24 11.87 11.30 11.26 11.42 11.42 11.66 11.72 11.94 11.64
11.89 11.99 11.96 11.74 11.47 11.54 11.67 12.00 11.72 12.01 11.72 11.95 11.81 12.11 12.33 12.15 11.63 11.52 11.98 11.93 11.49 11.37 11.09 11.20 11.13 11.02 11.52 11.56 11.44 11.17 10.98 11.17 11.12 11.19 11.39 11.19 11.07 10.66 11.32 10.84 11.33 11.38 11.01 10.98 11.50 12.17 11.72 11.60 11.55 11.57 11.50 11.28 11.99 11.78 11.71 11.33 11.90 11.68 11.76 12.05 11.82 11.48 11.60 11.84 11.61 11.88 11.66 11.89 11.93 12.03 11.64 11.39 11.57 11.78 11.67 11.91 11.65
11.82 11.89 11.88 11.96 11.89 11.77 11.88 11.77 11.91 12.03 11.71 11.46 11.56 11.91 11.50 11.72 11.24 11.54 11.85 11.18 11.37 11.36 11.42 11.49 11.47 11.24 11.08 11.55 11.50 11.08 11.02 10.91 10.74 10.92 11.39 10.93 10.49 10.59 11.07 11.26 11.06 11.18 11.37 11.39 10.97 11.08 11.58 11.46 11.75 11.71 11.70 11.20 11.53 11.74 11.85 11.89 12.07 12.09 11.78 11.64 11.34 11.33 11.58 11.77 11.49 11.55 11.44 11.51 11.76 11.81 11.45 11.12 11.47 11.73 11.43 11.58 11.86
11.84 11.70 11.68 11.44 11.71 12.07 11.60 11.53 11.91 12.00 11.61 11.90 11.64 11.60 11.56 11.20 11.26 11.30 11.18 11.38 11.68 11.76 11.57 11.64 11.62 10.87 10.85 11.26 11.46 11.32 11.53 11.36 11.23 11.11 11.10 11.22 10.90 10.79 10.52 10.89 11.40 11.95 11.25 11.67 11.03 11.34 11.46 11.22 11.25 10.91 11.18 10.94 11.29 11.81 11.54 11.56 11.41 11.72 11.74 11.56 11.33 11.45 11.55 11.55 11.17 11.83 11.59 11.11 11.42 11.67 11.25 10.96 11.58 11.42 11.17 11.60 11.65
11.89 11.77 11.54 11.21 11.36 11.21 11.24 11.28 11.43 11.22 11.28 11.22 11.40 11.26 11.56 11.09 11.14 11.59 11.09 11.13 11.16 11.25 11.46 11.60 11.72 11.35 11.02 11.09 10.91 10.87 10.79 10.92 11.15 11.09 11.27 10.95 10.98 11.18 11.29 11.37 10.55 11.21 11.20 10.79 10.49 11.11 11.02 10.94 11.08 11.32 11.28 11.04 10.83 11.34 11.55 11.65 11.71 11.48 11.06 11.06 10.78 11.00 11.11 11.13 10.96 11.54 11.65 11.19 10.94 11.39 10.80 10.83 11.03 10.99 11.11 11.65 11.35
10.97 11.32 11.40 11.82 12.01 11.64 11.62 11.51 11.31 11.43 11.51 11.23 10.70 10.97 10.87 10.84 10.78 11.08 11.25 11.49 11.82 11.67 11.15 11.51 11.62 11.25 11.09 11.20 10.66 10.58 10.78 10.65 10.95 10.59 10.98 11.66 11.72 11.69 11.33 11.69 11.33 11.39 11.30 11.64 11.81 11.56 11.44 11.21 11.39 11.40 11.71 11.47 11.39 11.48 12.02 11.58 11.46 11.16 10.90 11.49 11.07 10.40 10.56 10.58 11.04 11.36 11.43 11.42 11.07 11.16 10.70 10.52 10.79 11.01 11.37 11.49 11.49
11.21 11.60 11.48 12.02 12.08 12.22 12.03 11.60 11.66 11.39 11.13 11.35 11.40 11.07 10.77 10.74 11.15 10.75 10.84 10.88 11.12 11.56 11.81 11.58 11.80 11.89 11.61 12.01 12.04 11.79 11.44 11.30 11.54 10.95 11.36 11.61 11.33 11.51 11.43 11.30 11.29 11.53 11.38 11.42 11.70 11.64 11.57 11.86 11.38 11.56 11.63 11.23 10.84 10.96 11.35 11.30 11.28 11.31 11.19 11.01 10.70 10.61 11.03 10.61 10.67 11.21 11.28 11.51 11.30 11.12 11.07 10.38 10.13 10.33 10.68 11.16 11.19
12.12 11.85 11.75 11.82 11.90 11.95 11.96 11.76 11.87 11.46 11.33 11.15 11.74 11.35 11.28 11.39 11.23 11.28 10.84 10.82 10.72 10.88 11.15 11.26 10.98 11.26 11.86 11.75 11.82 12.26 12.27 11.17 11.42 11.72 11.59 11.72 11.38 11.03 10.93 11.23 10.92 11.25 11.37 11.45 11.72 11.79 11.91 11.28 11.05 11.27 11.14 10.95 10.87 11.20 11.30 11.45 11.28 11.31 11.08 11.20 11.14 10.64 10.43 11.07 11.06 11.15 11.23 11.33 11.35 11.18 11.03 10.88 10.66 10.51 10.51 10.91 11.21
11.74 11.76 11.36 11.45 11.97 12.09 12.16 11.72 11.94 11.44 11.42 11.40 11.29 11.29 11.69 11.97 11.81 11.83 11.91 11.90 11.85 11.76 11.47 11.41 11.81 11.46 11.23 11.14 11.39 11.72 11.92 11.76 11.67 11.38 11.44 11.34 11.55 11.49 11.18 11.15 11.33 11.67 11.86 11.86 11.60 11.62 11.34 11.00 11.13 10.73 10.91 11.34 11.09 11.38 11.13 11.36 11.50 11.20 10.92 10.92 10.99 10.53 10.29 10.78 10.84 10.84 10.40 11.15 11.44 11.67 11.63 11.44 11.09 11.31 12.20 12.17 12.08
11.31 11.44 11.16 11.37 11.98 11.89 12.13 11.80 11.53 11.01 11.30 11.25 10.89 11.14 11.27 11.43 11.70 11.36 11.54 11.76 11.70 11.79 11.63 11.46 11.14 10.96 10.84 11.04 11.24 11.51 11.41 11.16 10.69 10.88 10.17 10.35 11.18 11.22 11.44 10.96 11.63 11.79 11.47 11.67 11.89 11.75 11.45 11.24 11.03 11.08 11.07 11.13 11.10 11.14 11.34 11.32 11.77 11.81 11.48 11.38 11.25 11.43 11.11 11.03 11.27 11.11 10.84 11.33 11.25 11.73 11.47 11.23 10.75 11.31 12.20 12.17 12.08
11.95 11.45 11.78 11.52 11.32 11.64 11.84 12.17 11.67 11.32 11.22 11.02 11.00 10.90 11.24 10.99 11.20 11.04 10.94 11.27 11.15 11.32 11.06 11.10 11.69 11.53 11.57 11.82 11.94 11.25 10.27 10.64 11.05 11.31 11.16 10.98 11.15 10.89 10.75 11.01 11.00 10.81 10.84 11.67 11.65 11.65 11.21 11.69 11.14 11.52 11.82 11.72 11.46 11.17 11.37 11.33 11.70 11.71 12.03 11.57 10.67 10.98 11.00 10.98 11.36 11.07 11.09 11.25 11.00 11.62 11.43 11.23 10.75 10.75 12.20 12.17 11.77
12.45 11.95 11.77 10.57 10.81 11.04 11.58 11.90 11.98 11.92 11.38 11.27 11.63 11.39 11.29 11.52 11.92 11.95 11.44 11.30 10.32 9.64 10.38 11.08 11.16 11.15 11.08 10.98 11.21 10.32 10.71 11.64 11.61 11.93 11.85 11.91 11.87 11.15 11.52 11.70 11.11 11.16 11.29 11.36 11.88 11.91 11.82 12.05 12.03 11.52 11.82 11.72 11.46 11.17 11.37 11.33 11.70 11.71 12.03 11.57 10.67 10.98 11.00 10.98 11.36 11.07 11.38 11.25 11.00 11.62 11.43 11.43 10.75 10.75 10.75 11.77 11.77
12.13 12.17 11.76 11.09 11.26 11.43 11.39 11.76 11.77 12.05 11.45 11.06 11.28 11.66 11.63 11.30 10.91 11.18 11.40 11.67 11.26 11.08 10.99 10.36 10.43 10.42 10.27 10.79 11.25 11.44 11.67 11.98 12.10 12.18 12.18 11.91 11.87 11.15 11.52 11.70 11.11 11.16 11.29 11.36 11.88 11.91 11.82 12.05 12.03 12.03 11.82 11.72 11.46 11.17 11.37 11.33 11.70 11.71 12.03 11.57 10.67 10.98 11.00 10.98 11.36 11.38 11.38 11.38 11.00 11.62 11.43 11.43 11.43 10.75 10.75 11.77 11.77
12.07 11.88 11.50 11.04 11.32 11.34 10.41 10.70 11.13 10.63 10.96 10.66 10.87 11.12 10.99 10.67 10.93 10.75 10.94 11.14 11.41 10.99 11.15 10.85 10.05 9.89 10.17 10.90 11.38 11.84 11.67 11.98 12.10 12.18 12.18 12.18 11.87 11.15 11.52 11.70 11.11 11.16 11.29 11.36 11.88 11.91 11.82 12.05 12.03 12.03 12.03 11.72 11.46 11.17 11.37 11.33 11.70 11.71 12.03 11.57 10.67 10.98 11.00 10.98 11.38 11.38 11.38 11.38 11.38 11.62 11.43 11.43 11.43 10.75 10.75 11.77 11.77
11.89 11.40 11.35 11.22 11.27 11.29 10.91 10.85 9.88 10.30 11.11 10.86 11.03 10.76 11.04 11.20 10.72 11.32 11.52 11.47 11.14 10.74 11.18 11.16 11.28 11.39 11.33 11.83 11.38 11.84 11.84 11.98 12.10 12.18 12.18 12.18 12.18 11.15 11.52 11.70 11.11 11.16 11.29 11.36 11.88 11.91 11.82 12.05 12.03 12.03 12.03 11.72 11.46 11.17 11.37 11.33 11.70 11.71 12.03 11.57 10.67 10.98 11.00 10.98 11.38 11.38 11.38 11.38 11.38 11.62 11.43 11.43 11.43 11.43 10.75 11.77 10.98
10.33 10.26 10.87 10.41 10.56 10.67 11.08 10.62 10.93 11.08 11.50 11.31 11.72 10.93 11.36 11.55 11.10 11.25 11.20 11.30 11.35 11.12 11.54 11.70 11.93 12.12 11.33 11.83 11.83 11.84 11.84 11.84 12.10 12.18 12.18 12.18 12.18 11.15 11.52 11.70 11.11 11.16 11.29 11.36 11.88 11.91 11.82 12.05 12.03 12.03 12.03 11.72 11.46 11.17 11.37 11.33 11.70 11.71 12.03 11.57 10.67 10.98 11.00 10.98 11.38 11.38 11.38 11.38 11.38 11.62 11.43 11.43 11.43 11.43 10.75 11.77 10.98
11.48 10.70 10.33 9.58 9.30 11.08 10.68 10.15 10.21 9.91 10.37 10.75 10.78 11.15 11.09 11.08 10.89 10.77 11.43 11.72 12.06 11.71 11.71 12.05 11.93 12.12 12.12 11.83 11.83 11.83 11.84 11.84 12.10 12.18 12.18 12.18 12.18 11.15 11.52 11.70 11.11 11.16 11.29 11.36 11.88 11.91 11.82 12.05 12.03 12.03 12.03 12.03 11.46 11.17 11.37 11.33 11.70 11.71 12.03 11.57 10.67 10.98 11.00 11.38 11.38 11.38 11.38 11.38 11.38 11.38 11.43 11.43 11.43 11.43 11.43 10.98 10.98
9.80 9.99 10.61 10.14 10.24 10.73 11.17 11.11 11.27 11.12 11.10 10.94 10.93 10.41 9.87 10.45 10.72 10.81 11.51 11.87 12.10 11.71 11.71 12.05 12.05 12.12 12.12 12.12 11.83 11.83 11.84 11.84 12.10 12.18 12.18 12.18 12.18 12.18 11.52 11.70 11.11 11.16 11.29 11.36 11.88 11.91 11.82 12.05 12.03 12.03 12.03 12.03 11.46 11.17 11.37 11.33 11.70 11.71 12.03 11.57 10.67 10.98 11.00 11.38 11.38 11.38 11.38 11.38 11.38 11.38 11.43 11.43 11.43 11.43 11.43 10.98 10.98
8.78 9.41 10.25 10.55 9.98 10.15 10.30 10.79 10.83 10.08 9.83 10.51 10.37 10.48 10.43 10.61 11.02 10.92 11.49 11.87 12.10 12.10 11.71 12.05 12.05 12.05 12.12 12.12 11.83 11.83 11.83 11.84 11.84 12.18 12.18 12.18 12.18 12.18 11.52 11.70 11.11 11.16 11.29 11.36 11.88 11.91 11.82 12.05 12.03 12.03 12.03 12.03 11.46 11.17 11.37 11.33 11.70 11.71 12.03 11.57 10.67 10.98 11.00 11.38 11.38 11.38 11.38 11.38 11.38 11.38 11.43 11.43 11.43 11.43 11.43 10.98 10.98
9.17 8.89 9.04 8.91 8.38 9.04 9.23 9.82 9.78 9.51 10.07 10.28 10.35 10.42 10.52 10.53 11.02 10.92 11.49 11.49 12.10 12.10 12.10 12.05 12.05 12.05 12.12 12.12 12.12 11.83 11.83 11.84 11.84 12.18 12.18 12.18 12.18 12.18 11.52 11.70 11.11 11.16 11.29 11.36 11.88 11.91 11.82 12.05 12.03 12.03 12.03 12.03 12.03 11.17 11.37 11.33 11.70 11.71 12.03 11.57 10.67 10.98 11.38 11.38 11.38 11.38 11.38 11.38 11.38 11.38 11.38 11.43 11.43 11.43 11.43 10.98 10.98
9.16 8.88 9.38 9.65 9.35 9.41 9.89 10.18 10.24 9.67 10.38 10.48 10.43 10.42 10.52 10.53 10.53 10.92 11.49 11.49 11.49 12.10 12.10 12.05 12.05 12.05 12.05 12.12 12.12 11.83 11.83 11.83 11.84 12.18 12.18 12.18 12.18 12.18 12.18 11.70 11.11 11.16 11.29 11.36 11.88 11.91 11.82 12.05 12.03 12.03 12.03 12.03 12.03 11.17 11.37 11.33 11.70 11.71 12.03 11.57 10.67 10.98 11.38 11.38 11.38 11.38 11.38 11.38 11.38 11.38 11.38 11.43 11.43 11.43 11.43 10.98 10.98
9.06 8.72 9.36 9.87 10.03 10.06 9.55 9.88 10.36 9.67 10.38 10.48 10.43 10.43 10.52 10.53 10.53 10.53 11.49 11.49 11.49 12.10 12.10 12.05 12.05 12.05 12.05 12.12 12.12 12.12 11.83 11.83 11.84 11.84 12.18 12.18 12.18 12.18 12.18 11.70 11.11 11.16 11.29 11.36 11.88 11.91 11.82 12.05 12.03 12.03 12.03 12.03 12.03 12.03 12.03 12.03 12.03 12.03 11.38 11.38 11.38 11.38 11.38 11.38 11.38 11.38 11.38 11.38 11.38 11.38 11.38 11.38 11.38 11.38 11.38 11.29 11.29
