Files/BOM data/2019072420190724.grid
ncols 839
nrows 679
xllcenter 112.0500
yllcenter -43.9500
cellsize 0.0500
nodata_value 99999.90
[rows 476 to 509 of 679, columns 616 to 692 of 839]
11.60 11.83 11.73 11.94 11.72 11.66 11.59 11.32 11.43 11.23 11.34 11.38 11.12 11.36 11.82 11.81 12.04 11.94 11.99 11.83 11.98 11.78 11.80 11.83 11.95 11.86 12.10 11.91 11.59 11.77 11.34 11.21 11.52 11.06 11.70 11.39 11.58 11.82 11.71 11.79 11.77 11.65 12.13 12.23 12.26 12.21 12.31 12.31 12.34 12.27 12.38 12.43 12.56 12.57 12.57 12.56 12.55 12.57 12.57 12.57 12.56 12.57 12.57 12.54 12.49 12.56 12.57 12.32 12.50 12.56 12.57 12.57 12.56 12.54 12.58 12.56 12.57
11.39 10.95 11.19 11.79 11.61 11.31 11.42 11.33 11.03 11.14 11.07 10.92 11.43 11.59 11.80 12.18 11.79 11.70 11.81 11.86 11.60 11.69 11.68 11.68 11.83 11.73 11.78 11.72 11.57 11.45 11.28 11.24 11.12 11.55 11.59 11.77 11.73 11.87 11.94 11.90 11.80 11.97 11.82 12.14 12.27 12.27 12.20 12.30 12.28 12.35 12.42 12.54 12.53 12.53 12.54 12.53 12.53 12.55 12.55 12.53 12.53 12.54 12.54 12.50 12.51 12.52 12.39 12.27 12.50 12.53 12.53 12.54 12.53 12.55 12.53 12.57 12.55
11.24 11.33 11.40 11.43 11.12 11.17 10.95 10.89 11.13 10.65 10.82 11.30 11.46 11.61 11.65 11.37 11.59 11.65 11.45 11.54 11.48 11.39 11.53 11.68 11.83 11.86 11.44 11.73 11.44 11.29 11.31 11.18 11.46 11.61 11.42 11.70 11.72 11.52 11.80 11.85 11.91 12.06 11.95 12.11 12.20 12.19 12.12 12.17 12.29 12.40 12.49 12.49 12.50 12.52 12.49 12.50 12.51 12.51 12.52 12.50 12.51 12.51 12.48 12.47 12.47 12.42 12.25 12.44 12.49 12.52 12.52 12.52 12.49 12.49 12.53 12.54 12.49
11.20 11.33 11.11 10.51 10.82 10.54 10.64 10.54 10.62 10.81 10.99 11.29 11.40 11.15 11.17 11.34 11.31 11.15 11.28 11.19 11.36 11.68 11.56 11.77 11.81 11.60 11.70 11.56 11.51 11.71 11.27 11.25 11.40 11.48 11.69 11.69 11.52 11.76 11.83 11.68 12.00 11.97 12.03 11.95 12.07 12.17 12.18 12.17 12.30 12.32 12.42 12.46 12.49 12.48 12.48 12.49 12.50 12.49 12.50 12.49 12.49 12.47 12.47 12.44 12.41 12.43 12.30 12.31 12.47 12.49 12.50 12.50 12.49 12.51 12.51 12.51 12.46
11.04 10.54 10.67 10.34 10.30 10.41 10.66 10.94 10.68 10.70 10.74 10.91 11.01 11.07 11.42 11.43 11.10 11.30 11.22 11.06 11.46 11.48 11.65 11.68 11.05 11.27 11.39 11.36 11.42 11.13 11.32 11.58 11.70 11.78 11.70 11.54 11.72 11.61 11.64 11.79 11.82 11.80 11.99 11.78 11.91 12.20 12.32 12.35 12.32 12.34 12.37 12.39 12.38 12.37 12.46 12.47 12.47 12.48 12.48 12.46 12.45 12.38 12.44 12.48 12.41 12.45 12.40 12.24 12.35 12.45 12.47 12.49 12.48 12.47 12.49 12.48 12.44
10.37 10.27 10.30 10.10 10.38 10.28 10.57 10.75 10.73 10.63 10.59 10.97 11.18 11.34 11.15 11.02 11.20 11.13 11.28 11.26 11.21 11.44 11.36 10.96 11.11 10.78 11.13 11.38 11.12 11.13 11.54 11.62 11.62 11.54 11.59 11.73 11.73 11.48 11.81 11.81 11.82 11.94 12.15 12.16 12.32 12.25 12.38 12.41 12.36 12.36 12.38 12.29 12.41 12.38 12.43 12.43 12.44 12.45 12.44 12.46 12.45 12.39 12.41 12.41 12.41 12.42 12.43 12.25 12.25 12.42 12.41 12.44 12.45 12.44 12.45 12.45 12.42
9.61 9.77 9.93 10.09 10.19 10.12 10.21 10.61 10.69 10.31 10.85 10.92 10.95 10.59 10.93 10.92 11.01 11.26 11.24 11.20 11.45 11.16 10.96 11.10 11.25 11.08 11.31 11.01 10.98 11.22 11.26 11.43 11.34 11.28 11.42 11.60 11.55 11.75 11.89 11.88 12.14 12.17 12.22 12.31 12.25 12.30 12.34 12.45 12.38 12.36 12.33 12.36 12.32 12.37 12.40 12.41 12.41 12.42 12.39 12.42 12.40 12.40 12.40 12.24 12.31 12.36 12.42 12.31 12.24 12.40 12.41 12.43 12.43 12.42 12.42 12.37 12.38
9.62 9.87 10.15 10.15 10.21 10.01 10.18 10.59 10.40 10.39 10.79 10.60 10.64 10.76 10.65 11.05 11.11 11.01 11.09 10.93 10.99 10.73 10.74 10.86 10.97 10.96 10.66 10.50 10.83 11.05 11.35 11.47 11.42 11.46 11.70 11.61 11.81 11.92 11.88 12.04 12.03 12.18 12.17 12.23 12.37 12.33 12.37 12.34 12.33 12.35 12.36 12.39 12.38 12.36 12.28 12.38 12.33 12.36 12.38 12.37 12.39 12.34 12.38 12.29 12.30 12.35 12.31 12.31 12.30 12.37 12.40 12.42 12.41 12.40 12.41 12.40 12.41
9.64 9.74 9.94 10.21 10.45 10.11 9.89 10.28 10.72 10.46 10.46 10.70 10.69 10.76 10.94 10.95 10.92 11.08 10.83 10.82 10.70 10.72 10.38 10.73 10.81 10.61 10.64 11.05 11.21 11.40 11.53 11.47 11.43 11.68 11.67 11.96 11.81 11.89 11.87 12.12 12.14 12.06 12.19 12.32 12.33 12.38 12.35 12.32 12.33 12.41 12.41 12.38 12.35 12.33 12.26 12.34 12.36 12.36 12.35 12.34 12.35 12.30 12.23 12.14 12.14 12.20 12.32 12.30 12.32 12.35 12.39 12.39 12.39 12.37 12.39 12.37 12.38
10.06 10.21 9.70 10.05 10.03 10.32 10.48 10.25 10.05 10.51 10.60 10.83 11.12 10.75 10.66 10.99 10.80 10.69 10.31 10.29 10.30 10.47 10.52 10.83 10.53 10.71 10.84 11.03 11.05 11.46 11.43 11.46 11.63 11.27 11.75 11.98 11.91 11.88 11.88 12.20 12.11 12.20 12.31 12.32 12.33 12.39 12.30 12.33 12.40 12.43 12.42 12.39 12.34 12.33 12.36 12.33 12.32 12.30 12.33 12.35 12.35 12.30 12.33 12.27 12.23 12.22 12.30 12.30 12.34 12.35 12.36 12.37 12.37 12.37 12.33 12.33 12.33
10.35 9.99 9.87 10.04 10.57 10.18 10.19 10.39 10.04 10.39 10.75 10.65 10.52 10.64 10.74 10.29 10.07 9.76 9.63 9.74 9.98 10.25 10.62 10.46 10.37 10.68 10.80 10.92 11.18 11.38 11.16 11.55 11.23 11.56 11.69 11.79 11.68 11.68 12.06 11.94 12.02 12.27 12.21 12.36 12.33 12.37 12.35 12.35 12.38 12.38 12.39 12.38 12.29 12.36 12.34 12.34 12.34 12.32 12.32 12.33 12.29 12.26 12.30 12.26 12.17 12.24 12.28 12.27 12.30 12.27 12.33 12.33 12.35 12.34 12.35 12.29 12.23
10.49 10.24 10.65 10.71 10.34 9.93 9.88 10.14 10.18 10.03 10.00 10.21 10.03 10.14 10.03 9.89 10.00 10.03 9.77 10.04 10.26 10.50 10.56 10.35 10.57 10.73 10.76 10.91 11.17 11.07 11.24 11.33 11.39 11.48 11.48 11.47 11.72 11.90 11.79 12.07 12.11 12.21 12.24 12.35 12.26 12.38 12.29 12.31 12.35 12.36 12.38 12.36 12.29 12.29 12.29 12.30 12.33 12.28 12.30 12.19 12.25 12.26 12.27 12.24 12.22 12.20 12.29 12.27 12.29 12.26 12.29 12.31 12.30 12.31 12.23 12.25 12.26
10.90 10.81 10.69 10.34 10.18 10.06 10.37 9.92 9.99 9.69 10.09 9.86 10.15 9.98 10.28 10.17 10.38 10.07 9.91 9.95 10.21 10.00 10.34 10.68 10.76 10.91 10.66 10.42 10.85 11.15 10.97 11.01 11.39 11.46 11.65 11.71 11.79 11.90 11.99 12.00 11.97 12.24 12.28 12.13 12.29 12.23 12.26 12.32 12.34 12.29 12.25 12.25 12.25 12.19 12.24 12.17 12.24 12.24 12.25 12.28 12.18 12.16 12.21 12.21 12.21 12.20 12.26 12.26 12.19 12.23 12.28 12.27 12.22 12.24 12.27 12.25 12.27
10.34 10.51 10.78 10.94 10.14 9.86 10.20 10.16 9.83 10.24 10.25 10.09 9.86 9.83 10.05 10.30 10.51 9.98 9.95 9.89 10.24 10.20 10.24 10.29 10.56 10.60 10.56 10.59 11.01 10.82 11.12 11.54 11.56 11.47 11.52 11.78 11.94 12.01 12.01 11.90 12.01 12.04 12.10 12.15 12.13 12.20 12.16 12.16 12.22 12.26 12.27 12.23 12.25 12.29 12.24 12.26 12.25 12.23 12.25 12.18 12.14 12.17 12.08 12.12 12.17 12.23 12.19 12.17 12.19 12.23 12.21 12.17 12.15 12.05 12.19 12.17 12.12
10.26 10.58 10.54 10.27 9.97 10.11 9.78 10.10 9.80 9.92 10.23 10.27 9.85 9.57 10.18 10.10 9.89 9.96 10.28 10.43 10.00 10.17 10.26 10.41 10.58 10.55 10.86 10.82 10.90 10.96 11.53 11.46 11.49 11.68 11.48 11.82 11.73 11.89 11.88 11.73 11.94 11.82 11.92 11.88 12.16 12.09 12.08 12.16 12.21 12.23 12.28 12.22 12.25 12.22 12.23 12.20 12.24 12.20 12.17 12.14 12.11 12.06 12.03 11.99 12.11 12.12 12.12 12.17 12.18 12.21 12.16 12.15 12.16 12.24 12.10 12.19 11.99
10.42 10.72 10.85 10.27 10.21 10.26 9.95 9.74 9.78 9.85 10.12 9.85 10.17 10.19 9.85 9.66 9.86 9.99 10.21 10.27 10.17 10.44 10.37 10.67 10.53 10.85 10.52 10.82 10.84 11.18 11.48 11.29 11.40 11.57 11.82 11.59 11.79 11.78 11.69 11.68 11.84 11.73 12.04 12.12 12.06 12.19 12.21 12.21 12.18 12.24 12.23 12.25 12.24 12.25 12.22 12.22 12.22 12.22 12.21 12.17 12.09 12.04 12.02 12.05 12.03 12.10 12.10 12.11 12.15 12.14 12.12 11.97 12.14 12.20 12.17 12.07 11.99
10.80 10.43 10.18 9.78 9.58 9.93 10.05 10.09 9.98 9.83 9.99 10.43 10.12 10.04 9.98 10.06 9.98 9.73 10.50 10.47 10.24 10.65 10.79 10.32 10.76 10.84 10.75 10.90 11.11 10.85 10.89 11.10 11.23 11.49 11.51 11.61 11.47 11.44 11.77 11.61 11.59 11.95 11.96 12.02 12.22 12.16 12.12 12.21 12.17 12.22 12.22 12.21 12.16 12.17 12.22 12.22 12.24 12.20 12.20 12.07 12.12 12.01 12.08 12.04 12.13 12.08 12.10 12.16 12.17 12.16 11.97 12.09 12.17 12.06 12.22 12.09 11.90
10.13 9.85 9.55 9.44 9.97 9.45 9.61 9.82 10.22 10.02 9.95 9.62 9.86 10.23 9.87 9.66 9.86 10.38 10.34 10.17 10.28 10.85 10.51 10.32 10.77 10.76 10.80 11.01 11.14 10.88 10.93 11.07 11.29 11.46 11.21 11.33 11.44 11.44 11.39 11.64 11.79 11.92 12.05 12.05 12.14 12.19 12.11 12.17 12.16 12.20 12.20 12.19 12.17 12.18 12.19 12.20 12.20 12.17 12.14 12.09 12.02 12.00 12.02 12.13 12.07 11.99 12.17 12.06 12.04 12.19 12.18 12.05 11.87 12.07 12.06 12.08 11.88
10.12 10.09 9.97 9.95 9.80 9.87 9.98 10.21 10.37 10.48 10.37 10.26 9.87 9.43 9.35 9.62 10.17 10.23 10.06 10.65 10.40 10.28 10.82 11.09 10.98 10.88 11.00 10.87 11.02 11.02 11.12 11.55 11.49 10.87 11.24 11.35 11.48 11.45 11.55 11.69 11.75 11.97 12.06 12.17 12.16 12.07 12.11 12.16 12.14 12.09 12.17 12.15 12.14 12.15 12.17 12.18 12.19 12.17 12.11 12.15 11.99 12.03 12.06 12.01 12.08 12.11 12.06 12.09 12.12 12.14 11.99 12.12 12.09 11.91 11.83 11.80 11.97
10.23 10.34 9.67 9.61 9.84 10.32 9.71 10.06 10.25 10.02 9.38 9.52 9.59 10.02 9.95 10.19 10.40 10.17 9.85 10.42 10.53 10.66 10.95 10.57 11.12 11.08 10.77 10.74 10.63 10.89 11.43 11.09 11.01 11.07 11.11 11.16 11.14 11.27 11.51 11.52 11.67 12.04 12.01 11.86 12.08 12.06 12.10 12.10 12.07 12.01 12.12 12.15 12.11 12.15 12.14 12.15 12.13 12.00 12.00 11.97 11.98 12.08 12.05 12.07 12.04 11.93 11.87 12.11 12.16 12.00 12.00 12.16 12.06 11.80 12.03 11.90 11.79
9.68 9.88 10.21 10.60 10.83 10.06 10.30 10.30 10.15 9.66 9.49 9.20 9.59 9.74 9.65 10.32 10.23 10.33 10.29 10.50 10.14 10.36 10.68 10.90 10.83 10.83 10.86 11.01 11.37 11.35 11.09 10.93 10.90 10.82 10.99 11.05 11.25 11.39 11.56 11.65 11.86 11.79 12.00 11.95 11.89 12.08 12.11 12.07 12.07 12.11 12.13 12.11 12.03 12.01 12.06 12.13 12.00 11.95 11.84 12.03 11.98 11.99 12.08 12.02 11.93 11.99 12.04 12.10 12.12 12.11 12.11 12.07 12.02 12.05 12.05 11.87 11.65
10.67 10.94 10.82 10.87 10.76 10.93 10.83 10.41 10.37 10.36 9.47 9.72 9.75 9.55 10.26 10.15 10.57 10.57 10.51 10.68 10.62 10.51 10.64 10.88 10.81 10.58 10.69 11.33 11.37 11.02 10.83 10.84 11.05 11.07 11.08 11.16 11.26 11.37 11.68 11.80 11.84 11.95 11.95 11.92 12.02 12.12 11.96 12.00 12.01 12.05 12.02 12.04 12.01 12.07 12.08 11.99 12.00 11.82 11.95 11.96 11.88 11.98 12.07 11.97 12.06 12.06 12.06 12.07 12.09 12.09 12.10 12.09 12.08 12.03 11.98 11.74 11.87
10.95 11.09 11.23 10.92 11.21 10.93 10.57 10.05 10.39 9.74 9.66 10.33 9.93 9.76 10.01 9.89 10.23 10.23 9.99 10.51 10.46 10.77 10.23 10.75 10.64 10.89 10.95 11.17 10.86 10.89 10.92 10.97 11.00 11.14 11.20 11.03 11.35 11.50 11.61 11.58 11.64 11.93 11.92 11.89 11.94 11.89 11.96 12.07 12.06 12.04 12.04 12.05 12.04 11.98 11.90 11.96 11.81 11.91 11.94 11.95 12.00 12.01 12.01 12.06 12.07 12.03 12.06 12.03 12.06 12.07 12.09 12.07 11.90 11.75 11.75 11.75 11.89
11.72 11.17 10.98 10.87 10.70 10.47 10.06 10.52 10.92 9.86 10.17 10.07 10.04 10.17 10.43 10.25 9.83 10.05 10.46 10.11 9.76 10.22 10.62 10.71 10.68 10.97 10.94 10.57 11.00 10.94 11.09 11.03 11.22 10.87 10.95 11.28 11.29 11.42 11.21 11.57 11.86 11.91 11.93 11.89 11.88 11.87 12.01 12.03 11.97 12.01 12.01 12.04 12.01 11.95 11.95 11.83 11.93 12.02 11.95 11.91 11.98 11.98 12.02 12.05 12.03 12.05 12.02 12.03 12.02 12.09 12.07 12.02 11.72 11.72 11.65 12.04 11.91
10.83 10.64 10.38 10.15 10.77 10.62 10.57 10.56 10.27 9.89 9.71 10.44 10.04 9.97 10.02 10.08 10.44 10.42 10.11 9.99 9.68 10.36 10.56 10.71 10.41 10.39 10.68 10.69 10.83 10.80 10.81 11.18 10.77 11.15 11.08 11.39 11.31 11.60 11.43 11.61 11.73 11.70 11.72 11.84 11.79 11.77 11.96 11.95 12.01 12.03 12.01 12.03 12.00 11.92 11.86 11.88 11.91 12.03 11.99 11.90 11.96 11.93 11.99 12.00 12.00 12.02 11.98 11.90 11.95 12.05 12.01 11.86 11.75 11.81 11.95 12.02 11.92
10.55 10.51 10.53 11.11 11.01 10.65 10.41 10.14 10.08 10.02 9.73 10.40 10.63 10.63 10.75 10.66 10.75 10.15 10.14 9.88 9.95 10.20 10.24 10.27 10.10 10.25 10.35 10.30 10.55 10.66 10.94 10.45 10.64 10.81 11.21 11.18 11.42 11.44 11.55 11.57 11.70 11.74 11.62 11.79 11.67 11.83 11.93 11.87 11.88 11.89 12.02 11.87 11.91 11.82 11.95 11.99 12.00 11.96 11.95 11.89 11.91 11.99 11.98 11.95 11.99 11.99 11.90 11.90 11.95 11.96 11.95 11.78 11.63 11.91 11.98 11.97 11.85
9.93 10.80 10.98 10.70 10.71 10.41 10.16 10.34 10.00 10.01 9.93 10.39 10.36 10.43 10.48 10.36 10.84 10.18 10.14 9.91 10.46 10.23 10.32 10.18 10.54 10.78 10.42 10.28 10.82 10.38 10.86 11.04 10.83 11.13 11.15 11.33 11.64 11.71 11.37 11.83 11.66 11.59 11.82 11.43 11.53 11.89 11.93 11.96 11.78 11.95 11.92 11.78 11.90 11.94 11.95 11.94 11.90 11.95 11.97 11.95 11.95 11.97 11.94 11.97 11.95 11.89 11.88 11.90 11.88 11.78 11.95 11.93 11.78 11.94 11.89 11.83 11.97
10.99 10.52 10.35 10.43 10.15 9.93 10.12 10.09 10.40 10.50 10.62 10.42 10.19 10.27 10.07 10.79 10.41 10.19 10.15 9.88 10.05 10.22 10.47 10.48 10.35 10.24 10.20 10.75 10.50 10.59 10.86 10.84 10.99 10.59 10.82 11.20 11.71 11.37 11.60 11.57 11.27 11.76 11.46 11.43 11.68 11.79 11.83 11.90 11.88 11.86 11.83 11.92 11.90 11.92 11.95 11.94 11.96 11.97 11.99 12.01 11.98 11.98 11.98 11.98 11.85 11.73 11.94 11.95 11.74 11.82 11.86 11.95 11.94 11.81 11.95 11.89 11.85
10.15 10.23 10.96 10.41 10.17 10.23 10.59 10.69 10.10 10.10 10.36 10.45 10.40 10.19 10.31 10.54 10.56 10.28 10.14 10.21 10.29 10.37 10.01 9.94 10.12 10.38 10.37 10.48 10.55 10.55 10.62 10.41 10.30 10.75 10.68 11.00 11.36 11.67 11.34 11.36 11.54 11.32 11.55 11.66 11.65 11.74 11.74 11.62 11.77 11.73 11.85 11.90 11.84 11.89 11.90 11.91 11.93 11.97 11.94 11.95 11.95 11.96 11.89 11.92 11.74 11.91 11.81 11.66 11.83 11.90 11.88 11.87 11.84 11.94 11.94 11.88 11.89
10.22 10.75 10.41 10.49 10.35 10.17 10.54 10.44 9.97 10.52 10.73 10.89 10.57 10.36 10.42 10.40 10.34 10.66 10.77 10.36 10.33 10.16 10.06 9.96 10.36 10.08 10.27 10.23 10.55 10.66 10.53 10.32 10.35 10.51 10.77 11.00 11.46 11.35 11.62 11.65 11.52 11.51 11.69 11.71 11.69 11.75 11.49 11.64 11.62 11.73 11.70 11.81 11.83 11.87 11.86 11.81 11.93 11.94 11.95 11.96 11.97 11.88 11.84 11.66 11.84 11.94 11.80 11.77 11.83 11.86 11.91 11.83 11.92 11.91 11.92 11.87 11.83
9.90 10.55 10.51 10.02 10.00 10.27 10.31 10.67 10.31 10.58 10.38 10.60 10.63 10.50 10.67 10.44 10.81 10.48 10.48 10.41 10.44 10.39 10.75 10.36 10.17 10.44 10.85 10.41 10.12 10.28 10.77 10.79 10.86 10.71 10.86 10.83 11.01 11.31 11.57 11.66 11.61 11.56 11.61 11.51 11.72 11.39 11.67 11.55 11.73 11.79 11.78 11.71 11.70 11.69 11.72 11.80 11.90 11.88 11.91 11.90 11.85 11.86 11.73 11.82 11.84 11.80 11.88 11.77 11.83 11.88 11.90 11.81 11.82 11.85 11.78 11.82 11.79
9.72 10.09 10.42 10.66 10.15 10.28 10.48 10.52 10.33 10.35 10.25 10.22 10.53 10.67 10.85 10.59 10.44 10.43 10.30 10.87 10.80 10.62 9.98 10.23 10.35 10.46 10.55 10.79 10.68 11.01 11.04 10.71 10.80 11.09 11.05 11.01 11.14 11.43 11.27 11.50 11.58 11.54 11.57 11.48 11.50 11.51 11.64 11.76 11.49 11.53 11.80 11.77 11.52 11.55 11.67 11.81 11.88 11.86 11.86 11.86 11.84 11.78 11.81 11.86 11.79 11.70 11.73 11.76 11.71 11.79 11.76 11.89 11.78 11.80 11.72 11.69 11.76
10.15 10.80 10.79 10.47 10.45 10.12 10.50 10.45 10.06 10.21 10.17 10.68 10.12 10.43 10.58 10.71 10.33 10.58 10.72 10.17 10.27 10.19 10.20 9.96 10.11 10.22 10.06 10.39 10.85 11.01 10.87 10.86 10.97 10.85 11.00 11.19 11.19 11.55 11.52 11.60 11.43 11.50 11.48 11.41 11.62 11.51 11.59 11.47 11.52 11.57 11.57 11.53 11.57 11.77 11.78 11.84 11.74 11.76 11.80 11.64 11.58 11.59 11.63 11.57 11.77 11.67 11.81 11.72 11.86 11.84 11.77 11.70 11.79 11.68 11.81 11.63 11.79
10.45 10.38 10.55 10.52 10.19 10.47 10.28 10.41 10.39 10.49 10.47 10.28 10.67 10.39 10.89 10.84 10.69 10.42 10.12 10.15 10.40 10.63 10.12 10.05 10.34 10.37 10.17 10.18 10.30 10.68 10.84 10.73 10.72 10.71 10.86 10.97 11.23 11.29 11.39 11.60 11.39 11.37 11.51 11.38 11.50 11.54 11.44 11.24 11.52 11.42 11.40 11.54 11.69 11.67 11.72 11.83 11.79 11.80 11.71 11.77 11.66 11.68 11.78 11.62 11.75 11.84 11.72 11.82 11.76 11.77 11.69 11.82 11.79 11.79 11.69 11.55 11.81
