Files/BOM data/2019071220190712.grid
ncols 839
nrows 679
xllcenter 112.0500
yllcenter -43.9500
cellsize 0.0500
nodata_value 99999.90
[rows 136 to 169 of 679, columns 539 to 615 of 839]
18.90 18.90 18.90 18.61 18.61 18.61 17.81 17.81 17.81 17.47 17.47 17.47 17.47 17.47 17.47 17.47 17.47 17.76 17.76 17.76 17.76 17.76 17.76 17.76 99999.90 99999.90 99999.90 99999.90 17.47 15.97 13.61 13.61 13.61 13.61 13.61 13.61 13.61 13.61 12.01 12.01 11.88 11.88 11.88 13.77 14.32 13.41 14.48 15.63 15.18 16.36 15.46 15.73 15.00 13.33 14.67 14.60 15.17 15.93 16.20 16.17 16.74 16.10 16.49 16.98 16.52 16.97 16.36 17.19 17.22 16.64 16.98 16.88 17.05 16.37 16.67 17.66 17.23
18.90 18.90 18.90 18.90 18.90 18.61 17.81 17.81 17.47 17.47 17.47 17.47 17.47 17.47 17.47 17.47 17.47 17.47 17.47 17.47 17.47 17.76 17.76 17.76 99999.90 99999.90 99999.90 99999.90 17.47 15.97 13.61 13.61 13.61 13.61 13.61 13.61 13.61 13.61 13.61 12.01 12.01 13.15 13.15 14.95 13.83 12.66 14.01 13.96 13.84 15.28 15.34 14.55 14.46 15.60 16.56 17.18 17.11 16.59 16.83 16.47 16.31 16.31 16.49 17.20 16.71 15.73 16.68 17.10 15.67 16.46 17.47 16.85 16.85 17.20 17.36 17.23 17.83
18.90 18.90 18.90 18.90 18.78 18.78 18.78 17.47 17.47 17.47 17.47 17.47 17.47 17.47 17.47 17.47 17.47 17.47 17.47 17.47 17.47 17.76 17.76 17.76 99999.90 99999.90 99999.90 17.29 17.47 15.97 13.61 13.61 13.61 13.61 13.61 13.61 13.61 13.61 13.61 13.61 12.01 12.01 13.61 13.01 11.51 11.65 14.09 15.62 14.62 15.33 15.56 15.70 16.06 16.63 16.49 16.14 15.67 16.11 16.19 16.99 16.78 17.05 17.04 16.76 17.37 16.86 17.30 17.30 17.56 17.95 17.43 17.30 17.07 17.45 17.47 17.73 17.75
18.72 18.90 18.90 18.78 18.78 18.78 18.78 17.47 17.47 17.47 17.47 17.47 17.47 17.47 17.47 17.47 17.47 17.47 17.47 17.47 17.47 17.76 17.76 17.76 99999.90 99999.90 18.11 17.29 17.47 15.97 15.97 15.97 13.61 13.61 13.61 13.61 13.61 13.61 13.61 13.61 13.61 13.73 13.73 14.12 12.98 14.33 14.43 13.01 13.79 15.68 15.83 16.25 16.03 15.66 15.32 14.36 14.20 15.66 15.77 16.34 16.79 16.27 16.76 17.10 16.52 16.68 17.44 16.90 17.67 17.72 17.87 16.92 17.05 17.17 17.28 17.58 17.25
18.64 18.81 18.78 18.78 18.78 18.78 18.78 17.47 17.47 17.47 17.47 17.47 17.47 17.47 17.47 17.47 17.47 17.47 17.47 17.47 17.47 18.79 18.74 99999.90 17.75 17.75 17.75 17.75 17.47 15.97 15.97 15.97 15.97 15.97 15.97 13.87 13.87 13.87 13.87 13.87 13.87 12.77 13.10 12.75 14.01 14.97 13.01 13.23 14.90 15.17 15.84 14.76 14.97 16.34 16.36 16.78 16.50 16.11 15.75 15.31 16.32 15.69 16.72 16.71 16.25 16.57 17.26 17.01 17.20 17.09 17.00 17.46 17.03 17.09 17.30 17.14 17.38
18.57 18.66 18.63 18.63 18.63 18.63 18.63 17.99 17.99 17.99 17.99 17.99 17.99 17.99 17.99 17.99 17.99 17.99 17.99 17.99 17.99 18.62 18.62 18.62 18.62 17.75 17.75 17.75 17.75 15.97 15.97 15.97 15.97 15.97 15.97 15.97 15.97 15.97 14.06 14.06 14.06 13.91 14.51 15.03 14.80 14.27 15.01 15.64 15.68 15.87 15.80 15.16 17.29 17.44 17.51 17.38 16.98 16.80 16.93 17.13 16.65 16.45 17.25 16.39 16.60 17.14 16.65 16.95 17.45 17.63 18.01 17.50 17.43 17.79 17.26 18.01 17.78
18.49 18.61 18.83 18.83 18.83 18.66 18.66 17.99 17.99 17.99 17.99 17.99 17.99 17.99 17.99 17.99 17.99 17.99 17.99 17.99 18.62 18.62 18.56 18.56 18.56 16.91 16.91 17.75 17.75 17.75 17.47 15.97 15.97 15.97 15.97 15.97 15.97 15.97 15.97 16.15 16.15 15.02 15.89 16.26 15.00 16.20 16.19 16.15 16.53 16.48 16.14 16.72 16.94 15.98 16.52 15.96 16.34 16.61 16.94 17.05 16.24 17.16 17.31 17.16 16.94 17.07 17.10 17.44 17.71 17.70 17.93 17.53 17.59 17.51 18.00 17.68 17.78
18.48 18.57 18.60 18.60 18.66 18.66 18.66 17.99 17.99 17.99 17.99 17.99 17.99 17.99 17.99 17.99 17.99 17.99 17.99 18.62 18.62 18.62 18.56 18.56 17.36 17.36 17.36 16.91 17.75 17.75 17.75 17.47 17.47 17.47 15.97 15.97 15.97 15.97 15.97 15.97 15.81 15.79 14.49 15.54 16.14 16.96 17.04 15.59 16.71 16.46 16.06 16.15 16.15 15.33 15.10 15.31 15.15 16.22 15.83 15.64 16.29 16.37 16.64 17.00 17.50 16.63 17.11 17.30 17.24 17.22 17.42 17.20 17.17 17.76 17.42 17.58 17.43
18.46 18.52 18.59 18.66 18.66 18.66 18.51 18.76 18.77 17.99 17.99 17.99 17.99 17.99 17.99 17.99 17.99 18.62 18.62 18.62 18.62 18.56 18.56 18.56 17.36 17.36 17.36 16.91 17.75 17.75 17.75 17.75 17.47 17.47 17.47 17.47 17.47 16.33 16.33 16.33 15.88 15.88 15.59 16.03 16.94 17.01 16.27 16.26 17.02 17.18 17.41 16.57 16.33 16.50 17.00 16.09 16.26 15.89 16.18 15.85 16.68 16.69 16.43 16.78 16.56 17.10 16.55 17.06 17.18 16.99 17.43 17.43 17.64 17.58 17.34 17.35 17.28
18.32 18.43 18.50 18.54 18.54 18.51 18.44 18.76 18.77 18.77 18.77 18.84 18.84 18.84 18.84 18.79 18.62 18.62 18.62 18.62 18.62 18.56 18.56 18.56 17.36 17.36 17.36 16.91 16.91 17.75 17.75 17.75 17.75 17.29 17.47 17.47 17.47 17.47 16.23 16.23 15.97 15.96 16.80 17.25 16.44 16.53 16.59 16.80 17.14 16.08 16.38 16.08 16.41 16.68 16.71 16.61 15.61 16.09 16.99 16.27 16.55 16.47 16.57 16.72 16.79 16.69 17.27 16.54 16.84 17.15 17.37 17.07 17.36 17.74 17.49 17.87 17.97
18.17 17.70 18.21 18.15 18.51 18.51 18.44 18.76 18.77 18.77 18.84 18.84 18.84 18.84 18.79 18.79 18.62 18.62 18.62 18.62 18.56 18.56 18.56 18.56 18.33 17.36 17.36 17.36 16.91 16.91 17.75 17.75 17.75 17.75 17.29 17.29 17.47 17.47 17.47 15.88 16.10 16.44 16.51 16.89 16.68 17.45 17.47 16.95 16.56 15.90 16.97 17.12 16.31 16.37 17.61 16.56 16.06 16.58 16.73 15.65 16.01 16.61 16.65 17.09 16.94 16.69 17.09 17.08 16.33 17.13 17.48 16.88 17.59 17.34 17.56 17.81 18.00
18.20 18.34 18.23 17.74 17.87 18.31 18.44 18.76 18.77 18.77 18.84 18.84 18.84 18.79 18.79 18.48 18.62 18.62 18.62 18.62 18.56 18.56 18.56 18.49 18.33 17.36 17.36 17.36 16.91 16.91 17.75 17.75 17.75 17.75 18.11 17.29 17.29 17.06 17.06 16.25 17.24 17.18 16.77 17.13 17.30 16.99 17.10 16.89 17.13 16.49 16.99 16.62 16.96 17.37 16.47 17.43 16.85 17.13 16.67 17.18 17.08 17.20 17.58 17.16 16.89 16.78 16.78 17.35 16.89 17.12 17.28 17.56 17.79 17.68 17.85 17.48 17.59
17.85 18.20 17.82 17.87 17.83 17.71 17.76 18.42 18.63 18.78 18.84 18.84 18.79 18.79 18.74 18.48 18.62 18.62 18.62 18.56 18.56 18.56 18.56 18.49 18.33 17.36 17.36 17.36 16.91 16.91 16.91 17.75 17.75 17.75 17.75 18.11 17.29 17.29 17.63 17.45 17.91 17.06 17.32 17.40 17.19 17.01 17.32 16.80 17.29 17.04 16.56 16.03 16.06 16.35 16.57 16.76 16.11 16.60 16.82 17.05 16.56 17.14 16.37 16.36 17.27 17.51 17.45 17.72 17.39 17.25 17.05 17.72 17.32 18.15 17.68 17.59 18.32
18.17 18.15 18.19 18.10 18.12 17.62 17.02 17.64 18.53 18.60 18.79 18.79 18.79 18.74 18.51 18.48 18.62 18.62 18.62 18.56 18.56 18.56 18.56 18.49 18.33 17.36 17.36 17.36 17.36 16.91 16.91 16.58 17.75 17.75 17.75 18.11 18.11 17.77 18.10 18.00 17.85 16.95 16.92 17.36 17.15 17.52 17.38 16.66 17.51 16.98 16.46 16.83 17.07 16.14 16.91 16.40 17.04 16.50 17.06 17.06 16.35 16.93 17.29 17.23 17.38 17.02 17.06 18.05 17.70 17.61 17.66 17.46 17.68 17.71 17.50 17.58 17.63
18.13 18.13 18.19 18.27 17.92 18.09 17.31 17.02 18.11 18.32 18.53 18.74 18.74 18.74 18.51 18.48 18.62 18.62 18.56 18.56 18.56 18.56 18.29 18.49 18.33 17.81 17.36 17.36 17.36 16.91 16.91 16.91 16.58 17.75 17.75 17.15 17.47 17.71 17.64 18.02 18.31 17.70 17.62 17.36 17.47 17.42 16.76 17.43 17.32 17.55 17.11 17.49 17.38 16.96 16.48 16.36 16.53 16.86 16.54 16.96 17.19 16.27 17.11 17.80 17.32 17.15 17.57 17.95 18.07 17.44 17.99 17.81 17.57 17.54 17.41 17.42 17.37
17.88 17.99 18.14 18.07 18.11 17.81 17.73 17.17 17.86 18.07 18.62 18.63 18.62 18.56 18.51 18.48 18.62 18.62 18.56 18.56 18.56 18.41 18.29 18.49 18.33 17.81 17.36 17.36 17.36 16.74 16.91 16.91 16.58 16.58 16.44 17.14 17.57 17.30 18.31 18.24 18.18 18.08 17.99 17.72 17.55 16.97 17.63 17.81 17.33 17.27 17.66 17.54 17.39 17.53 16.62 16.86 16.64 16.58 17.18 16.74 15.85 16.99 17.12 16.49 17.75 17.49 16.84 17.31 17.76 17.78 17.83 17.86 17.95 17.81 17.80 18.00 17.70
18.26 18.06 17.92 17.89 18.03 17.81 17.86 17.88 17.77 17.82 18.17 18.26 18.21 18.38 18.52 18.55 18.55 18.61 18.56 18.56 18.41 18.23 18.29 18.49 18.33 17.81 17.58 17.36 17.36 16.74 16.91 16.91 16.92 16.22 16.71 17.63 17.88 17.41 17.60 17.74 17.81 18.04 18.30 17.64 17.94 17.70 17.66 17.68 17.36 17.51 17.49 17.17 17.40 17.77 17.41 17.27 16.70 17.68 17.14 17.21 16.94 16.85 16.70 16.95 17.43 16.40 16.85 17.65 17.47 17.78 17.73 17.99 17.91 17.79 18.28 18.09 18.03
18.42 18.32 17.98 17.77 17.56 17.51 18.08 17.86 17.74 18.10 17.44 17.64 17.99 18.22 18.37 18.38 18.43 18.49 18.52 18.41 18.41 18.23 18.29 18.49 18.33 17.81 17.58 17.36 17.36 16.74 16.83 17.23 16.71 16.67 17.48 17.52 17.82 17.74 17.62 17.68 17.51 17.83 17.97 17.99 17.99 18.00 17.87 18.10 17.51 17.84 17.66 17.41 17.20 17.75 17.86 17.12 17.66 16.87 17.44 17.20 17.78 17.23 16.92 17.11 16.80 17.31 17.75 16.97 17.53 17.94 17.72 17.93 18.04 17.88 18.08 18.11 17.95
18.38 18.42 18.19 18.00 17.89 17.69 17.68 17.56 17.89 17.82 18.17 18.07 17.75 17.90 18.01 18.05 18.12 18.21 18.26 18.37 18.11 18.23 18.29 18.49 18.33 17.81 17.58 17.22 16.81 17.15 17.44 17.20 17.79 17.62 17.46 17.51 17.46 17.23 17.47 17.67 17.93 17.58 17.94 17.58 17.72 17.95 17.76 17.86 18.11 17.83 17.41 17.70 17.86 17.46 17.58 17.36 17.12 17.36 16.90 17.27 17.48 17.40 17.50 17.31 17.22 17.69 17.52 17.60 17.66 18.07 17.93 17.81 17.76 17.88 17.66 18.00 17.74
18.32 18.37 18.18 18.14 18.20 17.89 17.62 17.87 17.69 17.38 17.92 17.58 17.59 18.11 17.95 17.86 17.70 17.94 17.93 17.85 17.95 18.08 17.79 17.56 17.45 16.53 17.31 16.96 16.84 17.53 18.17 17.81 17.62 18.27 17.65 17.40 17.57 17.69 17.77 17.80 17.72 17.48 18.07 17.71 17.50 17.62 17.94 17.99 17.90 17.72 17.78 17.74 17.70 17.73 17.54 17.19 17.55 17.16 16.93 17.31 17.33 17.29 17.63 17.12 17.29 17.62 17.33 17.82 17.93 17.94 18.15 18.13 18.04 18.16 17.82 18.11 18.11
18.24 18.32 18.27 18.04 18.20 18.10 17.99 18.04 17.87 17.71 17.96 18.11 18.07 17.75 18.02 17.86 17.58 17.65 17.97 17.74 17.42 17.75 17.38 17.42 17.15 17.10 17.56 17.61 17.79 17.81 17.87 17.65 17.96 17.70 17.41 17.94 17.86 17.34 17.70 17.56 17.62 17.86 17.64 17.66 17.60 17.80 17.80 17.76 18.02 18.08 17.97 18.07 17.80 17.43 17.84 17.99 17.58 17.59 17.09 17.45 17.40 17.73 17.37 17.55 17.13 17.15 17.57 17.59 17.60 17.93 18.23 18.36 18.17 18.26 18.22 18.12 18.00
18.24 18.32 18.34 18.17 18.27 18.42 18.42 18.18 17.85 18.01 18.06 18.16 18.21 18.06 17.80 18.00 18.10 17.88 18.12 17.71 17.59 17.47 17.55 17.59 17.76 17.65 17.95 17.71 17.74 17.99 18.01 17.70 17.64 17.42 17.85 17.81 18.03 17.96 17.34 17.77 17.74 17.84 17.96 17.85 17.76 17.55 17.76 17.80 17.96 17.89 18.10 18.10 18.05 17.89 17.74 17.72 17.08 17.62 17.44 17.28 17.19 17.26 17.43 17.84 17.74 17.36 17.70 17.75 17.80 17.82 18.26 18.35 18.33 18.28 18.23 18.10 18.05
18.32 18.21 18.25 18.32 18.32 18.34 18.22 18.09 17.86 18.01 18.06 18.26 18.31 18.07 17.86 18.10 18.24 18.05 17.98 18.09 18.10 18.03 18.11 18.07 17.89 17.83 18.05 18.05 17.85 18.10 18.10 18.00 17.29 17.54 17.91 17.63 17.89 17.77 17.62 17.91 17.99 17.73 17.89 17.80 17.63 17.74 17.89 17.80 17.97 17.94 18.11 18.04 18.07 18.23 18.18 18.09 17.87 17.78 17.54 17.34 17.70 17.35 17.53 17.85 17.68 17.87 17.81 17.82 17.68 18.07 18.21 18.25 18.38 18.35 18.34 18.38 18.25
18.32 18.22 18.25 18.25 18.33 18.24 18.18 18.12 17.99 18.01 17.94 17.92 18.09 18.21 17.92 18.14 18.24 18.03 18.01 18.24 18.24 18.28 18.19 18.19 18.28 18.18 18.02 18.23 17.86 17.77 18.07 17.84 17.81 17.65 17.69 17.57 17.62 17.89 17.81 17.68 17.85 17.74 18.12 18.02 17.85 17.92 17.74 17.95 17.87 18.06 18.13 18.08 18.10 18.08 18.24 18.21 18.23 18.00 17.92 17.84 17.72 17.66 17.90 17.99 17.90 17.98 18.04 17.77 17.90 18.20 18.23 18.25 18.27 18.42 18.33 18.23 18.32
18.41 18.12 18.03 18.19 17.99 17.98 18.06 17.99 17.83 18.16 18.18 18.03 18.09 18.13 18.15 18.23 18.18 18.11 18.02 18.07 18.15 18.36 18.20 18.19 18.21 18.29 18.31 18.36 18.14 18.03 18.11 18.10 17.83 17.85 17.51 17.94 17.88 17.99 17.85 17.82 17.97 18.15 18.07 18.06 17.96 18.08 17.98 17.91 18.09 17.98 18.15 18.10 18.23 18.13 18.21 18.24 18.24 18.16 18.03 18.08 17.91 18.00 17.98 17.82 17.96 17.95 18.23 18.11 18.20 18.26 18.29 18.28 18.28 18.32 18.35 18.25 18.25
18.37 18.17 17.98 17.94 18.17 18.08 18.03 18.01 17.96 18.05 18.16 18.17 18.02 18.19 18.12 18.23 18.20 18.21 18.02 18.02 18.22 18.27 18.16 18.22 18.24 18.28 18.32 18.32 18.14 18.24 18.08 18.18 18.09 17.85 18.03 18.05 17.97 18.19 17.98 18.09 17.89 18.07 17.97 18.11 17.99 18.05 18.07 17.99 18.04 18.11 18.20 18.05 18.29 18.25 18.31 18.30 18.25 18.21 18.03 18.07 18.17 18.12 18.08 18.16 17.98 18.04 18.18 18.25 18.24 18.23 18.25 18.26 18.25 18.26 18.33 18.33 18.15
18.23 18.34 18.02 17.99 18.10 18.21 18.07 18.08 18.09 18.09 18.19 18.18 18.01 18.09 18.22 18.33 18.25 18.30 18.23 18.11 18.24 18.25 18.26 18.31 18.23 18.31 18.33 18.35 18.35 18.13 18.34 18.24 18.20 18.03 18.15 18.05 17.97 18.23 17.96 18.02 17.94 18.01 18.04 18.18 17.92 18.12 18.04 18.14 18.03 18.22 18.18 18.20 18.13 18.29 18.16 18.28 18.33 18.29 18.30 18.19 18.13 18.15 18.17 18.16 18.13 18.06 18.13 18.15 18.20 18.21 18.13 18.16 18.14 18.18 18.20 18.28 18.21
18.28 18.11 18.09 18.02 18.17 18.28 18.12 18.05 17.86 17.89 18.06 18.23 18.06 18.05 18.08 18.08 18.25 18.27 18.27 18.24 18.12 18.22 18.22 18.26 18.17 18.33 18.36 18.34 18.31 18.15 18.18 18.24 18.29 18.10 18.27 18.13 18.03 18.32 18.10 18.02 18.12 18.09 18.12 18.13 18.15 18.11 18.15 18.01 18.25 18.16 18.19 18.22 18.18 18.27 18.25 18.20 18.29 18.30 18.26 18.28 18.26 18.19 18.18 18.22 18.18 18.21 18.08 18.20 18.14 18.10 18.00 18.06 18.12 18.25 18.29 18.31 18.34
18.17 18.16 18.20 18.00 18.13 18.25 18.19 18.32 18.07 17.74 17.83 18.16 18.13 18.19 18.19 18.13 18.24 18.31 18.28 18.32 18.30 18.22 18.24 18.25 18.23 18.32 18.32 18.34 18.31 18.19 18.21 18.29 18.28 18.14 18.13 18.05 18.11 18.25 18.22 18.13 18.07 18.11 18.24 18.21 18.24 18.06 18.23 18.19 18.22 18.25 18.22 18.27 18.21 18.26 18.26 18.27 18.29 18.28 18.30 18.28 18.28 18.28 18.20 18.24 18.25 18.19 18.21 18.24 18.27 18.22 18.15 18.19 18.25 18.34 18.31 18.33 18.35
18.03 18.10 18.18 18.07 18.17 18.21 18.30 18.21 18.11 18.06 17.92 18.19 18.24 18.31 18.39 18.34 18.32 18.36 18.25 18.33 18.32 18.31 18.32 18.35 18.31 18.32 18.29 18.29 18.32 18.30 18.25 18.21 18.27 18.11 18.20 18.01 18.14 18.27 18.28 18.02 18.05 18.12 18.28 18.30 18.21 18.08 18.26 18.26 18.26 18.16 18.30 18.24 18.20 18.25 18.28 18.19 18.17 18.29 18.32 18.33 18.29 18.30 18.29 18.25 18.23 18.23 18.21 18.26 18.33 18.31 18.22 18.16 18.28 18.27 18.28 18.31 18.31
18.11 18.08 18.04 18.19 18.22 18.14 18.33 18.21 18.18 18.00 17.98 18.08 18.18 18.31 18.27 18.31 18.33 18.29 18.14 18.29 18.24 18.31 18.29 18.25 18.28 18.29 18.28 18.28 18.28 18.32 18.33 18.21 18.18 18.21 18.12 18.03 18.12 18.27 18.19 18.09 18.09 18.16 18.24 18.21 18.28 18.31 18.20 18.26 18.24 18.21 18.23 18.25 18.18 18.23 18.25 18.26 18.24 18.29 18.32 18.33 18.29 18.29 18.27 18.28 18.28 18.26 18.26 18.26 18.27 18.26 18.21 18.22 18.25 18.11 18.16 18.25 18.27
18.13 17.98 18.00 18.04 18.23 18.22 18.19 18.22 18.23 18.14 17.99 17.88 18.04 18.25 18.25 18.19 18.27 18.27 18.25 18.30 18.26 18.25 18.27 18.29 18.29 18.25 18.27 18.26 18.25 18.29 18.31 18.22 18.24 18.22 18.10 18.04 18.14 18.18 18.05 17.95 18.07 18.10 18.22 18.23 18.30 18.33 18.26 18.24 18.21 18.21 18.19 18.23 18.23 18.23 18.27 18.28 18.26 18.28 18.29 18.30 18.29 18.28 18.24 18.25 18.24 18.26 18.27 18.23 18.26 18.25 18.23 18.22 18.20 18.15 18.16 18.17 18.24
18.06 18.04 17.94 18.04 18.17 18.07 17.93 18.08 18.09 18.16 17.98 17.89 18.08 18.10 18.22 18.22 18.14 18.09 18.22 18.28 18.22 18.24 18.24 18.30 18.28 18.18 18.16 18.08 18.15 18.24 18.26 18.26 18.29 18.25 18.24 18.16 18.17 18.18 18.04 17.99 18.01 18.10 18.14 18.22 18.27 18.26 18.30 18.28 18.25 18.23 18.20 18.20 18.20 18.23 18.23 18.28 18.27 18.24 18.27 18.29 18.29 18.25 18.24 18.24 18.22 18.22 18.26 18.23 18.24 18.20 18.19 18.21 18.22 18.19 18.17 18.14 18.21
17.96 18.10 18.11 18.11 18.10 18.06 17.93 17.89 18.06 18.13 18.03 18.03 18.15 18.12 18.23 18.31 18.13 18.14 18.24 18.22 18.18 18.14 18.11 18.22 18.29 18.23 18.18 18.15 18.17 18.17 18.17 18.26 18.23 18.23 18.24 18.25 18.23 18.15 18.19 18.04 18.09 17.98 18.00 18.21 18.23 18.26 18.29 18.28 18.25 18.22 18.21 18.24 18.24 18.23 18.22 18.24 18.28 18.26 18.25 18.28 18.27 18.26 18.25 18.22 18.21 18.22 18.22 18.21 18.23 18.18 18.18 18.22 18.22 18.22 18.17 18.20 18.25
