Files/BOM data/2019072420190724.grid
ncols 839
nrows 679
xllcenter 112.0500
yllcenter -43.9500
cellsize 0.0500
nodata_value 99999.90
[rows 374 to 407 of 679, columns 231 to 307 of 839]
11.99 12.04 11.79 11.86 12.13 12.15 12.23 12.25 12.28 12.53 13.10 12.32 12.46 12.29 12.36 12.56 13.22 13.22 12.86 12.68 12.66 12.73 12.53 12.44 12.80 13.33 13.30 13.29 12.99 12.89 12.86 13.03 13.13 13.00 12.74 12.60 12.72 12.67 12.63 12.74 12.85 12.99 13.12 13.26 13.32 13.55 13.66 13.60 13.62 13.49 13.56 13.52 13.41 13.42 13.45 13.58 13.79 13.84 13.84 13.78 13.67 13.73 13.75 13.73 13.90 13.96 13.95 14.07 14.30 14.49 14.67 14.77 14.82 14.72 14.66 14.59 14.57
11.59 11.65 11.76 11.94 12.07 12.09 11.87 12.00 11.95 12.00 12.14 12.26 12.29 12.13 12.08 12.35 12.53 13.36 13.20 12.71 12.46 12.58 12.67 12.85 12.88 12.95 13.07 12.90 12.73 12.48 12.51 12.70 12.70 12.77 12.77 12.94 13.17 13.32 13.44 13.49 13.53 13.55 13.38 13.60 13.63 13.64 13.66 13.62 13.76 13.85 13.98 13.98 13.83 13.83 13.84 13.90 13.88 13.77 13.76 13.68 13.68 13.73 13.80 13.87 13.92 14.08 14.35 14.55 14.68 14.71 14.66 14.64 14.63 14.59 14.50 14.55 14.58
11.84 11.90 11.91 11.99 11.80 11.73 11.64 11.90 11.98 12.04 12.07 11.98 12.03 12.12 12.26 12.24 12.30 12.41 12.58 12.41 12.50 12.56 12.80 12.85 12.59 12.43 12.34 12.32 12.48 12.55 12.84 12.95 12.82 13.15 13.11 13.48 13.53 13.54 13.53 13.51 13.51 13.76 13.73 13.85 13.98 14.05 13.93 13.85 13.99 14.08 14.05 14.02 13.95 13.87 13.63 13.48 13.56 13.60 13.70 13.60 13.71 13.87 14.01 14.18 14.36 14.54 14.63 14.68 14.60 14.48 14.46 14.43 14.37 14.40 14.40 14.57 14.63
11.82 11.86 11.83 11.75 11.76 11.99 12.03 12.16 11.81 11.81 12.06 12.10 12.17 12.33 12.34 12.15 12.19 12.25 12.35 12.35 12.30 12.23 12.09 11.99 11.85 11.87 12.03 12.30 12.35 12.60 13.11 13.29 13.27 13.52 13.67 13.69 13.73 13.48 13.58 13.72 13.69 13.80 13.98 14.07 14.05 13.91 13.87 13.89 13.87 13.78 13.67 13.56 13.52 13.36 13.32 13.61 13.77 13.80 13.84 13.97 14.08 14.22 14.40 14.48 14.54 14.51 14.49 14.45 14.38 14.30 14.21 14.11 14.08 14.17 14.43 14.39 14.37
11.37 11.46 11.22 10.91 11.13 11.61 11.80 11.88 11.90 11.98 12.12 12.13 12.30 12.37 12.05 12.11 12.05 12.04 12.15 12.24 11.89 11.86 12.00 12.18 12.22 12.41 12.56 12.41 12.56 12.87 12.80 12.79 13.07 13.44 13.68 13.61 13.66 13.25 13.52 13.54 13.72 13.83 13.97 13.85 13.70 13.73 13.69 13.73 13.57 13.32 13.14 13.16 13.20 13.34 13.47 13.66 13.83 13.98 14.11 14.13 14.20 14.25 14.28 14.24 14.27 14.26 14.29 14.28 14.27 14.25 14.21 14.18 14.17 14.21 14.16 14.18 14.16
11.35 11.73 11.74 11.64 11.28 11.53 11.57 11.65 11.94 11.92 12.19 12.24 12.13 11.99 12.01 11.95 11.87 11.92 12.02 12.31 12.24 12.54 12.71 12.77 12.82 12.99 13.24 13.07 12.92 12.85 12.74 12.90 13.02 13.48 13.67 13.53 13.23 13.09 13.08 13.13 13.39 13.52 13.42 13.39 13.31 13.34 13.39 13.43 13.36 13.25 13.20 13.28 13.39 13.75 14.01 14.06 14.01 14.12 14.19 14.24 14.27 14.29 14.30 14.34 14.37 14.31 14.33 14.33 14.35 14.36 14.34 14.37 14.19 14.19 14.16 14.15 14.16
11.76 12.12 12.09 12.01 12.10 12.03 11.95 11.87 11.77 11.64 12.10 12.17 12.35 12.31 12.17 12.13 12.49 12.74 12.79 13.11 13.10 13.10 13.15 13.44 13.41 13.37 13.23 12.91 12.83 13.10 12.94 12.98 13.17 13.36 13.21 13.02 12.99 12.87 12.82 12.93 13.00 13.12 13.22 13.10 13.19 13.29 13.53 13.64 13.76 13.73 13.89 14.03 14.08 14.22 14.33 14.34 14.36 14.37 14.39 14.32 14.51 14.40 14.24 14.27 14.22 14.24 14.26 14.26 14.21 14.26 14.17 14.07 14.06 14.05 13.96 14.05 14.07
11.75 12.03 11.98 11.80 11.86 12.35 12.36 12.34 11.88 12.35 12.55 12.59 12.59 13.01 13.12 13.15 13.23 13.13 13.16 13.22 13.02 13.03 13.23 13.00 12.86 12.82 12.80 12.68 12.90 12.98 13.10 13.15 13.16 13.15 13.07 12.94 13.09 13.01 12.94 12.97 12.99 12.93 13.06 13.25 13.47 13.58 13.60 13.65 13.81 13.99 14.20 14.38 14.41 14.47 14.38 14.38 14.40 14.39 14.35 14.31 14.38 14.38 14.23 14.27 14.25 14.31 14.36 14.14 13.98 14.00 14.08 14.15 14.13 14.08 14.05 14.13 14.18
11.74 11.92 11.94 11.91 11.73 11.90 12.12 12.24 12.51 12.71 12.94 13.00 12.95 12.99 13.01 12.90 13.06 13.18 13.04 12.96 12.60 12.54 12.47 12.47 12.68 13.12 12.92 12.84 12.99 13.12 12.89 12.95 12.97 12.84 12.85 12.88 12.99 12.99 12.91 12.83 12.97 12.99 13.19 13.19 13.61 13.71 13.83 14.05 14.13 14.17 14.30 14.31 14.24 14.17 14.09 14.06 14.00 13.98 14.03 14.30 14.14 14.15 14.21 14.27 14.31 14.29 14.32 14.37 14.30 14.23 14.22 14.13 14.01 14.04 14.24 14.38 14.35
11.34 11.26 11.02 11.22 11.33 11.43 12.02 12.48 12.63 12.60 12.72 12.73 12.63 12.61 12.78 12.75 12.79 12.59 12.67 12.60 12.78 12.89 13.02 12.98 12.97 13.02 12.79 12.80 12.81 12.87 12.81 12.82 12.77 12.61 12.85 12.94 12.93 12.77 12.89 13.00 13.17 13.24 13.55 13.48 13.62 13.75 13.77 13.79 13.86 14.01 14.07 14.04 13.99 13.96 13.92 13.87 13.91 13.94 14.08 14.28 14.25 14.26 14.20 14.18 14.26 14.35 14.39 14.33 14.30 14.23 14.15 14.17 14.23 14.28 14.35 14.39 14.34
11.39 11.22 11.39 10.89 10.91 11.13 11.65 11.83 11.95 12.25 12.22 12.08 11.99 12.24 12.23 12.22 12.42 12.41 12.51 12.76 12.57 12.54 12.49 12.22 12.41 12.43 12.25 12.47 12.48 12.47 12.53 12.64 12.64 12.69 12.77 12.84 12.93 13.06 13.12 13.24 13.34 13.39 13.59 13.54 13.53 13.62 13.82 14.02 14.14 13.99 13.95 13.94 13.93 13.91 13.88 13.88 14.06 14.10 14.11 14.09 14.10 14.18 14.18 14.34 14.37 14.29 14.19 14.24 14.32 14.04 14.14 14.39 14.33 14.31 14.20 14.11 14.11
11.05 11.07 11.18 11.25 11.35 11.36 11.44 11.56 11.77 12.11 11.95 12.31 12.38 12.59 12.59 12.56 12.56 12.51 12.50 12.21 12.17 12.70 12.97 12.78 12.47 12.51 12.51 12.73 12.79 12.92 12.75 12.81 12.85 12.81 12.88 12.88 12.96 13.14 13.28 13.40 13.58 13.81 13.83 13.87 13.99 14.05 14.05 14.09 14.08 13.98 13.91 13.98 14.01 13.89 13.98 13.92 14.01 13.75 13.75 13.93 14.15 14.18 14.16 14.31 14.24 14.22 14.25 14.32 14.37 14.42 14.45 14.36 14.38 14.34 14.38 14.42 14.44
11.20 11.16 11.12 11.08 11.37 11.59 11.82 11.59 11.93 12.38 12.42 12.63 12.28 12.36 12.95 12.94 12.44 12.65 12.51 12.51 12.78 12.66 12.64 12.70 12.58 12.82 12.82 13.05 13.01 13.15 13.12 12.83 12.88 12.93 13.11 13.21 13.28 13.50 13.67 13.85 13.96 14.03 13.97 13.91 13.84 14.01 13.97 14.02 13.94 13.92 13.86 14.11 14.23 14.16 14.16 13.90 13.74 13.66 13.67 13.82 14.11 14.23 14.23 14.28 14.31 14.38 14.44 14.42 14.39 14.36 14.34 14.31 14.32 14.32 14.32 14.28 14.31
11.22 11.55 11.54 11.57 11.71 12.02 12.17 12.14 12.27 12.49 12.21 12.36 12.91 13.25 13.07 12.82 12.99 13.22 13.13 12.88 12.57 12.39 12.67 12.92 13.22 13.36 13.44 13.49 13.36 13.59 13.33 13.37 13.10 13.45 13.57 13.68 13.70 13.79 13.84 13.92 13.92 13.89 13.85 13.81 14.05 14.17 14.19 14.15 14.11 14.11 14.13 14.21 14.18 14.09 13.92 13.77 13.94 13.81 13.93 14.08 14.22 14.37 14.36 14.32 14.21 14.25 14.27 14.13 14.06 14.04 14.18 14.28 14.33 14.39 14.36 14.40 14.42
11.58 11.51 11.61 11.95 11.86 12.29 12.46 12.40 12.59 12.82 12.65 12.86 13.02 13.15 13.05 13.23 13.08 13.09 13.15 13.16 13.06 13.09 13.43 13.44 13.68 13.64 13.56 13.67 13.74 13.70 13.77 13.80 13.90 14.04 14.20 14.08 13.90 13.94 13.95 13.99 14.09 14.04 13.99 13.89 13.92 13.82 13.75 13.74 13.73 13.69 13.64 13.64 13.60 13.58 13.68 13.76 13.96 13.99 14.06 14.07 14.15 14.11 14.12 14.07 14.10 14.02 14.06 14.23 14.29 14.32 14.29 14.27 14.27 14.35 14.38 14.44 14.48
11.88 11.47 11.31 11.34 11.91 12.43 12.56 12.82 13.12 13.15 13.08 13.25 13.23 13.13 12.94 12.81 12.79 12.86 13.01 13.09 13.14 13.21 13.17 13.39 13.57 13.52 13.41 13.56 13.52 13.54 13.50 13.51 13.61 13.72 13.80 13.67 13.58 13.56 13.64 13.73 13.72 13.66 13.63 13.49 13.48 13.45 13.46 13.40 13.47 13.59 13.66 13.72 13.78 13.78 13.84 13.87 13.93 13.93 13.93 13.92 13.96 13.97 14.00 14.20 14.23 14.35 14.43 14.36 14.32 14.35 14.33 14.30 14.34 14.32 14.37 14.40 14.44
12.40 12.42 11.98 11.73 11.95 12.14 12.59 12.60 12.62 12.72 12.99 12.86 12.77 12.60 12.67 12.49 12.60 13.05 13.20 13.33 13.00 13.05 13.11 13.07 13.35 13.28 13.40 13.63 13.49 13.23 13.26 13.22 13.40 13.50 13.46 13.50 13.50 13.54 13.54 13.70 13.65 13.58 13.51 13.46 13.54 13.69 13.73 13.88 13.75 13.74 13.70 13.75 13.86 13.91 13.88 13.81 13.78 13.67 13.76 13.75 13.79 13.95 14.30 14.38 14.41 14.36 14.37 14.30 14.22 14.23 14.21 14.31 14.31 14.26 14.31 14.36 14.33
12.41 12.51 12.53 12.64 12.67 12.59 12.13 12.26 12.72 12.81 12.91 12.87 12.70 12.57 12.46 12.32 12.35 12.39 12.91 13.04 13.05 13.08 13.28 13.26 13.20 13.38 13.27 13.46 13.36 13.08 13.48 13.47 13.24 13.48 13.57 13.65 13.53 13.54 13.38 13.32 13.30 13.23 13.21 13.45 13.73 13.92 13.96 13.82 13.73 13.62 13.60 13.66 13.64 13.74 13.74 13.67 13.47 13.56 13.84 13.90 14.06 14.20 14.25 14.26 14.25 14.28 14.29 14.31 14.30 14.29 14.31 14.33 14.25 14.19 14.20 14.21 14.21
12.71 12.60 12.89 12.83 12.68 12.70 12.70 12.64 12.26 12.03 12.17 12.01 11.74 12.18 12.16 12.20 12.38 12.52 12.80 12.66 12.64 12.87 13.11 13.28 13.34 13.35 13.22 13.37 13.58 13.25 13.41 13.51 13.51 13.58 13.62 13.67 13.59 13.60 13.68 13.62 13.63 13.48 13.51 13.52 13.69 13.83 13.83 13.75 13.65 13.49 13.54 13.63 13.63 13.76 13.83 13.79 13.82 13.97 14.05 14.10 13.98 14.13 14.16 14.13 14.18 14.16 14.11 14.14 14.14 14.11 14.06 14.05 14.00 14.06 14.15 14.20 14.29
12.66 12.48 12.64 12.49 12.42 12.79 12.80 12.73 12.49 12.37 12.68 12.40 12.13 12.00 12.24 12.01 12.03 12.27 12.34 12.52 12.32 12.48 12.74 12.84 12.90 13.10 13.08 13.17 13.29 13.18 13.17 13.29 13.37 13.43 13.54 13.57 13.68 13.70 13.78 13.88 13.76 13.54 13.61 13.65 13.73 13.71 13.64 13.54 13.46 13.46 13.49 13.63 13.69 13.73 13.69 13.67 13.85 13.98 14.06 14.11 14.07 14.19 14.11 13.98 14.06 14.03 14.05 14.06 14.03 14.07 14.07 14.13 14.12 14.13 14.17 14.21 14.26
12.44 12.35 12.45 12.58 12.56 12.65 12.78 12.86 12.83 12.85 12.92 12.99 12.90 12.57 12.54 12.74 12.48 12.18 12.32 12.34 12.43 12.23 12.21 12.25 12.46 12.58 12.70 12.70 12.82 13.06 13.20 13.40 13.35 13.27 13.33 13.33 13.33 13.55 13.69 13.84 13.76 13.37 13.47 13.71 13.75 13.53 13.62 13.56 13.67 13.62 13.68 13.76 13.88 13.83 14.02 14.12 14.05 14.13 14.19 14.12 14.08 14.02 14.00 14.08 14.09 14.07 14.00 14.00 14.04 14.13 14.13 14.13 14.15 14.15 14.21 14.20 14.29
12.48 12.45 12.73 12.70 12.54 12.71 12.85 12.91 12.60 12.47 12.69 12.90 12.93 12.78 12.89 12.91 13.17 13.12 13.16 13.11 12.96 12.65 12.57 12.47 12.37 12.51 12.65 12.89 13.03 13.24 13.41 13.57 13.53 13.41 13.45 13.49 13.38 13.54 13.59 13.70 13.66 13.56 13.66 13.85 13.84 13.54 13.53 13.52 13.67 13.67 13.77 13.86 14.12 14.21 14.16 14.23 14.13 14.13 14.09 14.10 14.14 14.25 14.29 14.22 14.21 14.24 14.17 14.16 14.15 14.17 14.19 14.20 14.17 14.08 14.10 14.14 14.20
12.39 12.41 12.56 12.42 12.42 12.64 12.67 12.78 12.77 12.61 12.66 12.74 12.82 12.73 12.80 12.81 13.01 12.98 13.14 12.94 12.91 12.91 12.98 13.13 13.20 13.23 13.22 13.16 13.10 13.10 13.34 13.47 13.61 13.68 13.68 13.60 13.64 13.66 13.79 13.76 13.73 13.75 13.77 13.78 13.78 13.85 13.82 13.58 13.77 13.85 13.98 14.15 14.14 14.03 14.05 14.08 14.12 14.13 14.15 14.20 14.27 14.27 14.27 14.23 14.25 14.24 14.15 14.11 14.02 14.02 14.10 14.07 13.89 13.81 13.86 14.01 14.18
12.65 12.74 12.69 12.70 12.55 12.47 12.58 12.74 12.78 12.61 12.71 12.81 12.63 12.75 12.93 12.85 12.95 13.05 13.27 13.17 13.19 13.17 13.31 13.36 13.30 13.33 13.27 13.28 13.25 13.15 13.32 13.43 13.39 13.41 13.33 13.27 13.42 13.54 13.71 13.73 13.71 13.74 13.83 13.87 13.88 13.96 14.05 13.99 13.97 14.05 14.03 14.03 14.04 14.05 14.05 14.05 14.08 14.08 14.02 14.07 14.06 14.12 14.14 14.10 14.08 14.04 13.96 13.94 13.89 13.82 13.93 13.82 13.82 13.84 13.96 14.11 14.21
13.08 13.06 12.94 12.88 12.91 12.79 12.70 12.66 12.68 12.69 12.57 12.96 13.05 12.90 12.82 12.84 12.95 13.03 13.09 12.77 12.34 12.61 12.85 12.79 13.13 13.09 12.95 13.26 13.38 13.12 13.03 13.11 13.15 13.07 13.25 13.26 13.29 13.41 13.47 13.53 13.49 13.44 13.46 13.53 13.67 13.71 13.78 13.87 13.96 14.06 13.98 13.95 13.98 13.90 13.99 14.03 14.07 14.06 13.99 14.01 14.00 13.99 13.96 13.97 13.90 13.94 13.87 13.71 13.79 13.90 13.88 13.88 14.07 14.17 14.26 14.30 14.36
12.69 12.89 13.00 13.15 12.97 13.12 13.07 12.99 13.22 13.22 13.17 13.30 13.35 13.22 13.08 12.92 12.78 12.86 12.82 12.89 12.70 12.74 13.12 13.20 13.28 13.28 13.27 13.40 13.39 13.18 13.04 13.06 13.22 13.21 13.17 13.24 13.15 13.04 13.20 13.36 13.43 13.57 13.40 13.49 13.42 13.50 13.55 13.68 13.73 13.65 13.86 13.87 13.77 13.75 13.87 13.98 14.07 14.05 14.06 14.00 13.98 13.92 13.80 13.79 13.69 13.67 13.67 13.68 13.80 13.92 13.99 14.14 14.25 14.25 14.28 14.31 14.32
12.93 12.96 12.91 13.06 13.07 13.21 13.32 13.19 13.52 13.48 13.51 13.43 13.50 13.41 13.36 13.27 13.17 12.98 12.90 12.84 13.04 13.01 13.27 13.57 13.57 13.55 13.61 13.70 13.57 13.28 13.17 13.05 13.09 13.27 13.32 13.33 13.33 13.24 13.29 13.39 13.61 13.65 13.69 13.57 13.55 13.52 13.49 13.51 13.67 13.64 13.86 13.83 13.83 13.87 13.95 14.03 14.02 14.07 14.11 14.05 13.96 14.17 13.81 13.99 14.01 13.99 14.00 14.06 14.13 14.21 14.25 14.29 14.30 14.24 14.24 14.29 14.30
13.13 12.92 13.01 13.12 13.05 12.99 13.11 13.22 13.38 13.61 13.54 13.46 13.30 13.43 13.41 13.54 13.54 13.45 13.32 13.17 13.27 13.42 13.41 13.38 13.48 13.61 13.63 13.59 13.56 13.51 13.46 13.43 13.31 13.27 13.38 13.43 13.45 13.47 13.39 13.44 13.57 13.70 13.64 13.47 13.44 13.55 13.47 13.67 13.84 13.86 14.00 13.99 13.96 14.03 13.99 14.01 14.08 14.06 14.08 14.17 14.20 14.09 13.97 14.08 14.17 14.17 14.11 14.18 14.20 14.21 14.24 14.27 14.28 14.30 14.29 14.29 14.30
13.35 13.46 13.22 13.29 13.27 13.19 13.08 13.14 13.19 13.43 13.59 13.49 13.33 13.20 13.39 13.46 13.44 13.51 13.45 13.42 13.53 13.56 13.51 13.39 13.45 13.51 13.49 13.48 13.56 13.55 13.50 13.44 13.31 13.28 13.38 13.46 13.48 13.52 13.47 13.44 13.41 13.38 13.34 13.54 13.65 13.65 13.72 13.77 13.87 14.10 14.08 14.00 13.86 13.96 13.98 13.96 13.91 14.01 14.11 14.18 14.20 14.13 14.15 14.23 14.28 14.29 14.27 14.27 14.25 14.25 14.26 14.28 14.28 14.28 14.29 14.28 14.31
13.63 13.53 13.48 13.46 13.58 13.59 13.53 13.40 13.41 13.47 13.56 13.43 13.04 13.17 13.37 13.56 13.58 13.62 13.61 13.55 13.56 13.55 13.55 13.44 13.36 13.42 13.41 13.43 13.47 13.45 13.39 13.36 13.33 13.34 13.39 13.44 13.45 13.45 13.35 13.35 13.30 13.28 13.36 13.49 13.52 13.68 13.68 13.76 13.82 13.86 13.79 14.02 14.04 14.06 14.09 14.08 14.10 14.11 14.01 14.06 14.07 14.14 14.19 14.21 14.26 14.27 14.26 14.24 14.24 14.25 14.26 14.24 14.25 14.26 14.27 14.24 14.25
13.45 13.33 13.42 13.43 13.47 13.39 13.29 13.35 13.46 13.59 13.60 13.55 13.32 13.27 13.47 13.58 13.59 13.64 13.61 13.59 13.54 13.45 13.38 13.40 13.35 13.37 13.41 13.47 13.41 13.35 13.37 13.37 13.36 13.37 13.40 13.42 13.44 13.50 13.38 13.51 13.57 13.62 13.70 13.73 13.82 13.95 14.02 14.09 14.14 14.18 14.24 14.22 14.13 14.06 14.00 13.92 13.97 13.94 13.87 13.87 14.00 14.19 14.23 14.24 14.23 14.29 14.25 14.23 14.20 14.19 14.20 14.22 14.22 14.24 14.26 14.22 14.18
13.42 13.44 13.18 13.10 13.06 13.12 13.27 13.33 13.43 13.46 13.46 13.47 13.49 13.58 13.65 13.61 13.58 13.70 13.78 13.69 13.63 13.57 13.43 13.39 13.40 13.49 13.58 13.46 13.36 13.43 13.39 13.40 13.45 13.48 13.53 13.59 13.57 13.68 13.74 13.76 13.79 13.89 13.91 13.95 14.03 14.10 14.14 14.14 14.13 14.05 13.93 14.02 13.97 13.87 13.82 13.73 13.75 13.83 13.87 13.88 14.03 14.21 14.20 14.20 14.17 14.20 14.23 14.22 14.24 14.23 14.20 14.22 14.22 14.24 14.21 14.17 14.14
13.57 13.54 13.37 13.37 13.29 13.29 13.59 13.49 13.47 13.52 13.48 13.47 13.59 13.60 13.54 13.48 13.54 13.66 13.80 13.75 13.70 13.68 13.65 13.70 13.68 13.66 13.64 13.52 13.58 13.55 13.56 13.52 13.60 13.65 13.66 13.70 13.74 13.81 13.84 13.80 13.77 13.86 13.90 13.96 14.02 14.06 14.10 14.11 14.17 14.07 13.98 14.04 14.07 14.08 14.06 14.10 14.13 14.16 14.16 14.17 14.10 14.02 13.92 13.93 13.98 14.03 14.08 14.09 14.12 14.17 14.19 14.19 14.20 14.20 14.20 14.19 14.08
13.73 13.57 13.41 13.47 13.40 13.43 13.64 13.53 13.59 13.55 13.58 13.52 13.55 13.60 13.60 13.54 13.53 13.60 13.63 13.63 13.56 13.55 13.59 13.71 13.68 13.61 13.61 13.55 13.53 13.47 13.48 13.50 13.44 13.54 13.69 13.72 13.72 13.76 13.76 13.76 13.74 13.84 13.88 13.99 14.06 14.06 14.06 14.09 14.13 14.14 14.09 13.99 14.02 14.00 13.96 13.95 13.95 13.94 13.94 13.97 13.92 13.90 13.87 13.89 13.91 13.92 13.93 14.03 14.12 14.15 14.17 14.19 14.19 14.19 14.19 14.18 14.19
