Files/BOM data/2019071220190712.grid
ncols 839
nrows 679
xllcenter 112.0500
yllcenter -43.9500
cellsize 0.0500
nodata_value 99999.90
[rows 408 to 441 of 679, columns 616 to 692 of 839]
13.24 13.22 13.15 13.22 13.16 13.17 13.10 13.15 13.15 13.24 13.23 13.26 13.21 13.27 13.22 13.26 13.23 13.14 13.13 13.17 13.18 13.14 13.02 13.04 13.13 13.20 13.16 13.08 13.01 12.92 12.96 12.99 13.15 13.17 13.06 13.04 13.04 13.02 13.11 13.10 13.10 13.13 13.13 13.08 12.96 12.50 12.71 12.40 12.55 12.62 13.02 13.11 13.02 13.09 13.13 13.15 13.08 13.11 13.06 12.95 12.97 13.05 13.04 13.10 13.08 13.05 13.01 13.06 12.94 12.91 12.86 12.87 12.98 13.00 13.05 13.11 13.11
13.20 13.20 13.17 13.16 13.16 13.21 13.05 13.13 13.18 13.22 13.23 13.20 13.22 13.21 13.23 13.22 13.16 13.16 13.25 13.08 13.12 13.08 12.97 12.97 13.14 13.22 13.16 13.07 13.09 13.09 13.11 13.15 13.09 13.11 13.14 13.02 12.95 13.05 13.03 13.12 13.13 13.13 13.14 12.82 12.18 12.80 13.06 12.98 12.93 13.01 12.88 12.95 13.03 12.99 13.01 13.04 12.94 12.82 12.93 13.03 12.92 13.04 13.07 13.07 13.08 13.07 13.06 12.99 13.00 12.99 12.92 13.00 13.01 13.02 12.99 13.11 13.04
13.15 13.16 13.18 13.15 13.16 13.13 13.04 12.93 13.08 13.19 13.17 13.16 13.19 13.22 13.18 13.15 13.18 13.12 13.19 13.10 13.03 13.07 12.90 13.02 13.14 13.19 13.18 13.21 13.21 13.14 13.12 13.11 12.98 13.15 13.06 13.06 13.05 12.98 13.01 13.07 13.16 13.05 12.62 12.22 12.44 12.94 13.00 13.02 13.06 13.02 13.01 12.92 13.02 12.98 12.87 12.94 12.87 12.94 12.86 12.87 12.88 13.03 13.08 13.05 13.00 13.05 13.07 13.06 13.00 13.00 13.02 12.95 12.94 12.91 13.03 13.00 13.02
13.11 13.13 13.15 13.20 13.17 13.17 13.13 13.04 12.97 12.98 13.11 13.15 13.11 13.11 13.17 13.18 13.19 13.17 13.22 13.08 12.99 12.96 12.89 13.09 13.04 13.08 13.18 13.13 13.20 13.16 13.19 13.11 13.09 13.11 13.07 13.12 13.08 13.07 12.91 12.64 12.32 12.19 11.99 12.34 12.82 13.00 13.03 12.95 13.00 12.98 13.07 12.93 12.91 12.88 12.88 12.82 12.89 12.87 12.98 12.97 13.08 12.97 13.06 13.06 13.02 12.95 12.96 13.02 13.01 13.02 13.02 12.95 12.95 12.93 13.01 12.96 12.95
13.07 13.13 13.19 13.16 13.15 13.13 13.13 13.14 13.09 13.06 13.08 13.08 13.08 13.07 13.06 13.11 13.15 13.12 13.15 13.17 12.97 12.91 12.95 12.99 12.98 12.94 13.05 12.95 13.07 12.96 13.12 13.03 13.06 13.10 13.02 12.98 13.03 12.77 12.15 12.12 11.99 12.39 12.81 12.88 13.01 13.00 12.94 12.93 12.86 12.91 12.96 12.91 12.89 12.85 12.82 12.80 12.82 12.89 13.03 13.01 12.98 12.91 12.91 12.94 13.01 13.03 12.99 13.03 12.98 13.03 12.99 12.99 12.97 12.92 12.97 12.94 12.96
13.06 13.10 13.15 13.14 13.12 13.10 13.09 13.12 13.13 13.11 13.14 13.07 13.09 13.08 13.02 13.09 13.09 13.16 13.07 13.11 13.12 13.08 12.98 12.96 12.94 12.85 12.83 12.89 12.76 12.81 12.97 12.85 12.59 12.61 12.95 12.93 12.41 12.22 12.28 12.39 12.64 12.54 12.73 12.89 12.97 12.87 12.84 12.59 12.71 12.84 12.87 12.87 12.82 12.83 12.80 12.81 12.81 12.85 12.86 12.89 12.91 12.92 12.89 12.74 12.90 12.89 12.91 12.91 12.95 12.99 12.97 12.96 12.90 12.93 12.92 12.98 12.86
13.05 13.10 13.05 13.14 13.04 13.07 13.05 13.06 13.06 13.10 13.10 13.08 13.07 13.08 13.08 13.13 12.85 13.00 13.00 13.06 13.11 13.12 13.04 13.11 12.99 12.97 13.01 12.83 12.65 12.66 12.53 12.56 12.55 12.57 12.60 12.38 12.15 12.21 12.63 12.68 12.70 12.84 12.89 12.98 12.99 12.96 13.00 12.82 12.79 12.67 12.64 12.80 12.86 12.88 12.81 12.82 12.85 12.76 12.79 12.90 12.83 12.85 12.85 12.92 12.96 12.96 12.97 12.88 12.73 12.81 12.89 12.89 12.83 12.80 12.88 12.88 12.86
13.04 13.01 12.96 13.05 13.05 13.04 13.02 13.02 13.05 13.05 13.04 13.05 13.02 13.03 13.06 13.09 13.04 12.99 12.97 12.94 12.95 12.87 12.76 13.02 12.77 12.96 13.09 12.82 12.76 12.81 12.65 12.91 12.60 12.57 12.44 12.34 12.07 12.39 12.79 12.90 12.93 13.04 13.07 13.00 12.96 12.89 12.84 12.74 12.67 12.46 12.58 12.53 12.72 12.75 12.84 12.90 12.90 12.95 12.86 12.90 12.81 12.92 12.83 12.83 12.86 12.89 12.85 12.83 12.85 12.69 12.65 12.82 12.82 12.84 12.90 12.99 12.86
12.98 12.97 12.97 12.96 12.99 12.88 12.92 12.92 12.98 13.06 13.02 13.03 12.98 12.99 13.00 12.96 13.01 13.00 12.97 12.94 12.95 12.92 12.76 12.68 12.70 12.82 13.01 12.81 12.98 12.98 13.08 13.03 13.05 12.91 12.48 12.34 12.28 12.58 12.84 12.89 12.95 12.96 12.98 12.91 12.97 12.86 12.85 12.54 12.52 12.67 12.53 12.58 12.52 12.55 12.74 12.86 12.97 12.91 12.93 12.94 12.91 12.89 12.89 12.85 12.83 12.90 12.79 12.66 12.73 12.53 12.67 12.79 12.91 12.92 12.89 12.84 12.82
12.93 12.92 12.93 12.86 12.88 12.82 12.91 12.95 12.97 12.95 12.96 12.94 13.00 12.97 12.92 12.91 12.96 12.94 12.90 12.87 12.89 12.95 12.94 12.83 12.83 12.71 12.99 13.07 13.08 13.00 12.90 13.01 12.87 12.82 12.72 12.74 12.96 12.86 12.98 13.04 12.92 12.92 12.88 12.81 12.82 12.88 12.80 12.76 12.65 12.62 12.61 12.62 12.49 12.51 12.63 12.62 12.78 12.74 12.83 12.82 12.76 12.91 12.90 12.94 12.94 12.93 12.84 12.71 12.66 12.68 12.53 12.65 12.73 12.82 12.90 12.89 12.82
12.87 12.83 12.88 12.80 12.76 12.87 12.91 12.90 12.95 12.82 12.87 12.96 12.90 12.97 12.96 12.97 12.92 12.92 12.93 12.89 12.89 12.88 12.94 12.98 12.94 12.67 12.67 13.05 13.01 12.69 12.65 12.60 12.59 12.68 12.48 12.57 12.75 12.96 12.97 12.95 12.97 12.92 12.86 12.74 12.70 12.69 12.67 12.55 12.67 12.61 12.61 12.70 12.79 12.58 12.51 12.47 12.61 12.75 12.79 12.88 12.86 12.83 12.82 12.84 12.85 12.89 12.88 12.80 12.74 12.68 12.73 12.60 12.68 12.65 12.77 12.84 12.83
12.86 12.85 12.81 12.84 12.82 12.89 12.84 12.79 12.90 12.86 12.83 12.97 12.92 12.95 12.90 12.93 12.90 12.90 12.90 12.91 12.94 12.92 12.90 12.95 12.97 12.95 12.50 12.98 12.81 12.67 12.77 12.70 12.45 12.46 12.45 12.91 12.98 12.98 12.99 12.96 12.85 12.83 12.80 12.83 12.59 12.62 12.67 12.67 12.68 12.53 12.56 12.60 12.36 12.52 12.58 12.70 12.69 12.64 12.75 12.77 12.71 12.73 12.76 12.80 12.81 12.80 12.79 12.80 12.77 12.69 12.67 12.73 12.50 12.67 12.69 12.86 12.85
12.77 12.76 12.82 12.83 12.85 12.83 12.79 12.62 12.86 12.78 12.83 12.86 12.92 12.90 12.81 12.86 12.93 12.89 12.91 12.94 12.97 12.93 12.89 12.91 12.94 12.78 12.75 12.91 12.67 12.73 12.61 12.61 12.57 12.89 12.89 12.98 12.97 12.97 12.95 12.94 12.93 12.87 12.81 12.70 12.67 12.65 12.63 12.51 12.70 12.47 12.63 12.71 12.50 12.59 12.68 12.63 12.55 12.66 12.54 12.56 12.56 12.65 12.66 12.68 12.74 12.70 12.71 12.67 12.61 12.67 12.41 12.49 12.63 12.72 12.64 12.83 12.76
12.77 12.77 12.76 12.80 12.79 12.84 12.86 12.85 12.90 12.85 12.79 12.79 12.86 12.88 12.87 12.75 12.93 12.88 12.85 12.83 12.93 12.93 12.90 12.93 12.92 12.79 12.97 12.92 12.78 12.64 12.79 12.87 12.79 12.82 12.96 12.95 12.95 12.96 12.94 12.92 12.91 12.91 12.83 12.71 12.66 12.67 12.46 12.45 12.42 12.42 12.64 12.70 12.57 12.57 12.58 12.52 12.69 12.63 12.50 12.50 12.55 12.57 12.63 12.59 12.65 12.56 12.57 12.59 12.46 12.54 12.54 12.62 12.53 12.59 12.71 12.64 12.77
12.86 12.81 12.76 12.78 12.77 12.78 12.85 12.85 12.88 12.88 12.82 12.85 12.84 12.90 12.93 12.69 12.80 12.77 12.84 12.78 12.66 12.78 12.92 12.90 12.63 12.66 12.76 12.83 12.71 12.89 12.92 12.93 12.93 12.93 12.92 12.92 12.92 12.89 12.88 12.89 12.88 12.88 12.86 12.81 12.55 12.62 12.72 12.49 12.58 12.55 12.69 12.55 12.60 12.59 12.57 12.58 12.59 12.57 12.51 12.55 12.40 12.57 12.66 12.67 12.67 12.75 12.64 12.50 12.53 12.51 12.42 12.29 12.56 12.47 12.47 12.37 12.60
12.68 12.73 12.70 12.76 12.82 12.72 12.80 12.85 12.89 12.72 12.70 12.85 12.89 12.92 12.93 12.89 12.83 12.79 12.72 12.78 12.70 12.55 12.67 12.81 12.41 12.53 12.72 12.52 12.54 12.82 12.88 12.88 12.84 12.88 12.89 12.89 12.89 12.87 12.86 12.86 12.86 12.85 12.86 12.78 12.76 12.63 12.55 12.61 12.33 12.14 12.48 12.33 12.50 12.67 12.67 12.65 12.47 12.43 12.44 12.40 12.56 12.55 12.59 12.57 12.50 12.55 12.53 12.61 12.58 12.59 12.61 12.45 12.23 12.41 12.53 12.30 12.27
12.70 12.62 12.69 12.74 12.74 12.77 12.81 12.85 12.86 12.72 12.78 12.79 12.90 12.85 12.87 12.90 12.84 12.80 12.69 12.65 12.62 12.46 12.45 12.48 12.44 12.38 12.52 12.35 12.47 12.80 12.86 12.84 12.77 12.75 12.86 12.85 12.83 12.82 12.82 12.82 12.81 12.79 12.81 12.83 12.80 12.70 12.54 12.61 12.24 12.44 12.30 12.32 12.45 12.52 12.66 12.63 12.67 12.68 12.49 12.53 12.42 12.56 12.48 12.38 12.35 12.41 12.43 12.54 12.66 12.65 12.54 12.46 12.35 12.29 12.19 12.22 12.42
12.60 12.75 12.75 12.78 12.74 12.77 12.81 12.83 12.77 12.78 12.75 12.54 12.62 12.77 12.81 12.87 12.83 12.78 12.68 12.63 12.39 12.40 12.14 12.37 12.63 12.45 12.35 12.34 12.57 12.70 12.73 12.68 12.79 12.63 12.71 12.81 12.81 12.79 12.79 12.80 12.75 12.77 12.77 12.76 12.71 12.69 12.58 12.65 12.49 12.50 12.41 12.47 12.35 12.49 12.58 12.56 12.56 12.45 12.38 12.51 12.45 12.30 12.45 12.40 12.38 12.15 12.15 12.32 12.48 12.53 12.49 12.54 12.35 12.20 12.09 12.23 12.32
12.58 12.63 12.74 12.72 12.59 12.70 12.69 12.66 12.65 12.66 12.54 12.48 12.41 12.46 12.57 12.69 12.82 12.74 12.57 12.49 12.27 12.27 12.16 12.25 12.37 12.55 12.20 12.27 12.61 12.68 12.63 12.59 12.72 12.73 12.72 12.77 12.76 12.73 12.74 12.76 12.72 12.70 12.68 12.75 12.75 12.72 12.71 12.63 12.50 12.53 12.44 12.29 12.46 12.41 12.65 12.65 12.53 12.37 12.44 12.32 12.29 12.34 12.25 12.36 12.37 12.35 12.23 12.00 12.33 12.39 12.35 12.50 12.11 12.20 12.41 12.33 12.39
12.33 12.63 12.55 12.57 12.63 12.72 12.66 12.71 12.61 12.42 12.43 12.40 12.35 12.40 12.63 12.26 12.65 12.64 12.55 12.35 12.17 12.23 12.32 12.19 12.40 12.45 12.45 12.34 12.48 12.65 12.71 12.59 12.56 12.58 12.62 12.63 12.71 12.76 12.69 12.62 12.60 12.57 12.60 12.68 12.66 12.57 12.68 12.53 12.59 12.59 12.40 12.54 12.48 12.52 12.61 12.51 12.66 12.58 12.47 12.55 12.39 12.25 12.24 12.22 12.20 12.22 12.35 12.09 11.92 12.09 12.19 12.51 12.16 12.29 12.16 12.18 12.33
12.04 12.43 12.39 12.47 12.37 12.48 12.69 12.68 12.61 12.35 12.43 12.40 12.18 12.48 12.26 12.33 12.21 12.36 12.15 12.06 12.09 12.20 12.04 12.03 12.16 12.48 12.57 12.58 12.57 12.64 12.67 12.66 12.51 12.54 12.61 12.61 12.63 12.69 12.68 12.42 12.58 12.53 12.56 12.72 12.63 12.62 12.60 12.66 12.60 12.57 12.64 12.51 12.56 12.48 12.61 12.66 12.47 12.52 12.52 12.38 12.37 12.34 12.23 12.18 12.25 12.38 12.26 12.14 11.86 12.10 12.10 12.10 12.36 12.08 12.19 12.24 12.28
12.11 12.33 12.04 12.10 12.32 12.19 12.48 12.51 12.31 11.95 12.02 12.08 11.92 11.93 12.01 11.83 11.66 11.97 12.06 12.01 11.85 11.99 12.15 12.14 12.15 12.38 12.35 12.52 12.51 12.45 12.48 12.45 12.23 12.18 12.24 12.23 12.45 12.39 12.48 12.40 12.39 12.65 12.61 12.60 12.64 12.63 12.57 12.65 12.59 12.56 12.60 12.62 12.72 12.53 12.64 12.62 12.65 12.68 12.42 12.39 12.43 12.45 12.25 12.10 12.18 12.31 12.34 12.24 12.02 11.92 12.02 12.03 12.07 12.17 12.17 12.27 12.29
12.27 12.32 12.18 11.84 11.84 12.37 12.37 12.31 12.02 11.61 12.07 12.00 11.50 11.72 12.03 11.82 11.45 11.82 11.91 11.79 11.54 11.31 11.99 12.04 11.73 12.05 12.07 12.26 12.24 12.42 12.32 12.45 12.34 12.02 12.05 12.20 12.32 12.39 12.25 12.31 12.15 12.51 12.57 12.61 12.55 12.51 12.60 12.46 12.44 12.62 12.55 12.66 12.56 12.61 12.62 12.61 12.50 12.44 12.43 12.58 12.35 12.44 12.28 12.07 11.95 12.07 12.22 12.18 12.20 11.88 12.14 12.15 11.80 12.24 12.15 12.26 12.22
12.47 12.41 12.13 12.05 11.92 11.78 12.16 11.82 11.66 11.49 11.78 11.70 11.19 11.44 11.66 11.56 11.47 11.68 11.87 11.88 11.58 11.23 11.46 11.61 11.92 11.97 12.04 12.12 12.18 12.35 12.31 12.30 12.19 12.15 12.10 12.12 11.92 12.14 12.32 12.27 12.23 12.18 12.36 12.66 12.55 12.52 12.49 12.54 12.56 12.59 12.67 12.62 12.59 12.63 12.66 12.60 12.55 12.35 12.40 12.40 12.29 12.29 12.13 12.00 12.12 11.98 11.88 12.20 12.11 11.98 11.99 11.98 12.31 12.14 12.18 12.30 12.16
12.09 12.05 12.30 12.03 12.07 12.12 12.00 11.89 11.91 11.85 11.24 11.16 10.77 11.17 11.58 11.92 11.85 11.54 11.64 11.82 11.45 11.40 11.44 11.17 11.48 11.41 11.62 11.89 12.02 11.99 12.01 11.96 12.16 11.96 12.18 12.13 11.78 12.02 12.24 12.14 12.28 12.31 12.11 12.58 12.44 12.61 12.53 12.35 12.33 12.53 12.63 12.62 12.51 12.59 12.61 12.48 12.46 12.52 12.46 12.50 12.30 12.27 12.34 12.17 12.00 12.03 12.15 12.23 12.29 11.96 11.83 11.64 11.71 12.01 12.10 12.08 11.99
11.93 12.02 12.34 12.19 11.99 11.96 12.09 11.98 11.82 11.38 11.32 11.64 11.69 11.73 11.55 11.97 11.98 11.60 11.63 11.73 11.52 11.33 11.57 11.13 11.26 11.43 11.26 11.63 11.81 12.11 12.10 12.17 11.81 11.95 12.07 11.94 11.80 12.02 12.23 12.14 12.28 12.17 12.32 12.15 12.18 12.35 12.17 12.29 12.27 12.38 12.31 12.56 12.48 12.61 12.60 12.56 12.43 12.48 12.49 12.44 12.07 12.21 12.26 12.09 12.00 12.13 12.03 12.13 12.31 12.21 11.95 11.96 11.58 11.55 11.50 11.76 12.03
11.85 12.15 12.08 12.27 12.20 11.99 11.69 11.93 11.40 11.34 11.45 11.99 11.83 11.64 11.87 11.82 11.74 11.60 11.51 11.53 11.93 11.82 11.36 11.48 11.56 11.41 11.43 11.72 11.71 11.78 11.88 11.87 11.56 11.51 11.76 11.78 11.74 11.99 11.89 12.15 12.37 12.44 12.28 12.22 12.22 12.08 11.96 12.09 12.12 12.04 12.21 12.48 12.42 12.47 12.50 12.45 12.41 12.12 12.36 12.08 12.03 12.02 11.97 12.08 12.03 12.09 12.15 11.95 12.21 11.93 12.05 11.61 11.68 11.50 11.65 11.66 11.65
12.21 12.04 12.22 12.03 12.24 12.14 11.74 11.47 11.51 11.82 11.51 11.80 11.49 11.78 11.63 11.58 11.42 11.51 11.50 11.35 11.46 11.25 11.55 10.95 11.49 11.48 11.68 11.68 11.80 11.55 11.95 11.78 11.78 11.71 11.46 11.60 11.60 11.87 11.80 11.94 12.06 12.12 12.05 12.02 12.11 11.90 11.91 11.94 11.97 11.88 11.95 11.85 12.30 12.36 12.26 12.33 12.55 12.27 12.10 12.18 12.03 12.03 11.88 12.07 12.10 12.16 12.08 12.01 12.21 12.01 11.84 11.61 11.26 11.96 11.75 11.68 12.18
12.20 12.24 12.36 12.37 11.98 11.55 11.72 11.59 11.58 11.72 11.67 11.35 11.22 11.03 11.41 11.10 11.65 11.27 11.35 11.21 11.36 11.02 11.56 10.83 11.06 11.05 11.27 11.25 11.31 11.71 11.53 11.58 11.46 11.41 11.45 11.36 11.40 11.56 11.76 11.81 11.84 11.98 12.06 12.03 11.93 11.94 11.88 11.89 11.98 11.80 11.80 11.64 11.63 11.77 11.70 12.06 12.30 12.25 12.01 11.98 12.01 11.68 11.73 11.77 12.06 12.18 12.04 11.91 11.76 11.89 11.60 11.55 11.07 10.88 11.42 11.63 11.97
12.00 12.27 12.33 12.04 12.07 11.89 11.36 11.73 11.52 11.62 11.73 11.55 11.60 10.94 11.29 10.85 11.34 11.41 11.53 11.37 11.49 10.94 11.29 10.34 11.04 11.06 11.25 11.14 11.31 11.30 11.30 10.88 11.09 11.34 11.25 11.38 11.20 11.61 11.73 11.61 11.75 11.93 12.13 11.97 11.89 11.79 11.74 11.85 11.69 11.66 11.75 11.85 11.65 11.66 11.59 11.81 11.55 11.63 11.65 11.79 11.83 11.89 11.57 11.59 11.70 11.81 11.67 11.56 11.22 11.32 11.47 11.37 10.79 10.59 10.49 10.93 11.50
11.96 11.95 12.22 12.06 12.23 11.77 11.67 11.79 11.54 11.74 11.58 11.77 11.69 11.03 11.37 11.28 10.77 11.11 10.59 10.88 11.45 10.96 10.69 10.86 10.43 10.80 11.01 11.10 10.89 10.82 10.74 10.90 10.88 11.42 11.32 11.05 11.35 11.69 11.57 11.42 11.47 11.70 11.94 11.67 11.66 11.88 11.73 11.73 11.85 11.82 11.52 11.45 11.74 11.39 11.31 11.50 11.52 11.61 11.39 11.63 11.33 11.40 11.82 11.81 11.91 11.88 11.78 11.31 11.12 11.00 11.14 11.21 10.57 10.66 10.50 10.55 11.03
11.59 11.78 12.03 11.97 11.95 12.29 12.16 11.53 10.95 11.16 11.17 11.35 11.38 11.07 10.82 11.11 11.05 11.38 11.31 10.97 11.15 10.81 10.75 10.74 10.59 10.41 10.09 10.49 10.86 10.48 10.55 10.80 10.60 10.62 10.78 10.81 10.50 11.44 11.51 11.39 11.40 11.28 11.34 11.46 11.42 11.52 11.71 11.52 11.51 11.43 11.50 11.54 11.37 11.14 11.10 11.11 11.17 11.28 11.33 11.46 11.27 11.59 11.68 11.64 11.82 11.61 11.62 11.28 11.45 11.19 10.93 10.35 10.98 11.19 11.17 11.02 11.26
11.38 11.37 11.59 11.94 11.74 11.81 11.94 11.70 11.02 10.93 11.14 11.50 11.02 10.99 10.97 11.17 11.01 10.49 11.00 10.68 10.41 11.12 10.85 10.65 10.79 10.75 10.48 10.37 10.28 10.67 10.50 10.12 10.39 10.14 10.77 11.07 10.87 10.52 10.22 10.73 11.07 11.12 11.50 10.88 11.13 11.11 11.32 11.42 11.33 11.37 11.34 11.41 11.05 10.84 10.68 10.71 10.86 11.05 11.37 11.05 11.14 11.37 11.27 11.59 11.67 11.35 11.30 11.18 11.09 11.12 11.31 11.05 10.73 10.87 11.34 11.39 11.66
11.33 10.86 11.26 11.02 11.44 11.84 11.75 11.66 10.96 10.87 10.58 10.61 10.92 10.73 10.78 11.08 11.23 10.92 10.39 10.47 10.61 10.68 10.81 10.96 10.90 10.42 10.36 9.97 9.80 9.94 10.24 9.79 9.89 10.01 9.95 10.40 10.84 10.78 10.32 10.22 10.65 10.86 10.69 10.88 10.67 11.22 11.46 11.08 11.25 10.90 11.17 11.16 10.93 10.75 10.97 10.64 11.09 11.00 11.23 11.00 11.05 11.17 11.53 11.38 11.12 11.16 11.10 10.72 10.98 10.78 10.34 10.79 10.94 11.08 11.19 11.51 11.83
