Files/BOM data/2019071420190714.grid
ncols 839
nrows 679
xllcenter 112.0500
yllcenter -43.9500
cellsize 0.0500
nodata_value 99999.90
[rows 340 to 373 of 679, columns 539 to 615 of 839]
14.81 14.83 14.84 14.82 14.78 14.78 14.84 14.85 14.81 14.85 14.84 14.79 14.83 14.78 14.80 14.79 14.82 14.83 14.83 14.81 14.82 14.80 14.84 14.86 14.89 14.86 14.83 14.92 14.84 14.88 14.83 14.87 14.85 14.82 14.84 14.83 14.85 14.80 14.80 14.75 14.79 14.81 14.85 14.82 14.77 14.86 14.90 14.90 14.82 14.79 14.77 14.80 14.81 14.78 14.85 14.90 14.84 14.84 14.78 14.80 14.90 14.95 14.77 14.78 14.82 14.83 14.80 14.79 14.88 14.77 14.74 14.73 14.78 14.77 14.79 14.78 14.73
14.78 14.76 14.79 14.81 14.76 14.84 14.81 14.80 14.82 14.79 14.79 14.79 14.81 14.78 14.82 14.79 14.73 14.71 14.78 14.75 14.76 14.71 14.74 14.69 14.70 14.83 14.81 14.81 14.79 14.83 14.85 14.81 14.81 14.80 14.84 14.80 14.82 14.86 14.89 14.91 14.85 14.78 14.83 14.85 14.80 14.82 14.83 14.79 14.77 14.78 14.79 14.82 14.80 14.84 14.80 14.82 14.88 14.84 14.78 14.78 14.85 14.96 14.77 14.82 14.80 14.82 14.72 14.75 14.83 14.79 14.70 14.76 14.74 14.82 14.81 14.80 14.74
14.74 14.73 14.75 14.78 14.75 14.78 14.76 14.78 14.74 14.77 14.76 14.74 14.77 14.73 14.74 14.75 14.81 14.79 14.80 14.70 14.76 14.77 14.76 14.78 14.85 14.90 14.83 14.79 14.77 14.80 14.80 14.81 14.81 14.77 14.79 14.80 14.79 14.82 14.84 14.84 14.85 14.84 14.79 14.84 14.75 14.74 14.76 14.74 14.73 14.72 14.72 14.75 14.82 14.80 14.81 14.82 14.83 14.80 14.73 14.74 14.77 14.86 14.88 14.77 14.78 14.76 14.68 14.70 14.73 14.76 14.69 14.73 14.75 14.80 14.77 14.76 14.74
14.76 14.77 14.72 14.75 14.75 14.78 14.76 14.74 14.77 14.75 14.77 14.74 14.75 14.71 14.74 14.79 14.77 14.79 14.82 14.80 14.77 14.75 14.81 14.60 14.55 14.80 14.71 14.80 14.87 14.77 14.76 14.76 14.73 14.75 14.76 14.80 14.83 14.80 14.82 14.82 14.83 14.84 14.78 14.86 14.72 14.72 14.74 14.72 14.65 14.63 14.68 14.71 14.76 14.76 14.76 14.77 14.80 14.83 14.76 14.73 14.73 14.78 14.87 14.78 14.78 14.75 14.70 14.70 14.73 14.73 14.73 14.72 14.71 14.71 14.74 14.74 14.72
14.73 14.75 14.73 14.73 14.72 14.74 14.74 14.74 14.73 14.73 14.74 14.70 14.71 14.71 14.75 14.72 14.77 14.73 14.79 14.78 14.78 14.69 14.72 14.73 14.72 14.71 14.61 14.66 14.76 14.74 14.72 14.73 14.70 14.72 14.70 14.73 14.75 14.79 14.82 14.82 14.84 14.83 14.85 14.82 14.83 14.83 14.85 14.82 14.81 14.73 14.74 14.67 14.75 14.71 14.73 14.76 14.75 14.77 14.65 14.72 14.71 14.73 14.83 14.74 14.74 14.74 14.75 14.73 14.71 14.71 14.74 14.73 14.72 14.70 14.74 14.70 14.72
14.68 14.70 14.71 14.69 14.67 14.69 14.72 14.74 14.71 14.69 14.70 14.54 14.60 14.64 14.69 14.70 14.74 14.63 14.73 14.71 14.70 14.69 14.68 14.71 14.64 14.68 14.58 14.62 14.71 14.70 14.65 14.69 14.70 14.70 14.68 14.69 14.75 14.81 14.77 14.77 14.79 14.82 14.82 14.80 14.74 14.76 14.79 14.79 14.77 14.73 14.75 14.70 14.69 14.67 14.70 14.70 14.74 14.75 14.73 14.70 14.69 14.70 14.81 14.70 14.74 14.72 14.72 14.68 14.72 14.71 14.73 14.73 14.72 14.70 14.70 14.70 14.67
14.64 14.66 14.63 14.68 14.69 14.65 14.69 14.72 14.68 14.70 14.66 14.61 14.65 14.69 14.64 14.65 14.65 14.57 14.70 14.68 14.70 14.68 14.66 14.76 14.69 14.69 14.68 14.64 14.65 14.68 14.65 14.65 14.61 14.68 14.72 14.74 14.75 14.74 14.77 14.78 14.81 14.81 14.79 14.77 14.76 14.77 14.78 14.75 14.73 14.75 14.70 14.73 14.70 14.68 14.69 14.71 14.65 14.73 14.73 14.70 14.69 14.70 14.78 14.76 14.73 14.68 14.71 14.68 14.70 14.66 14.72 14.79 14.79 14.74 14.68 14.70 14.63
14.62 14.67 14.66 14.66 14.69 14.70 14.66 14.67 14.66 14.65 14.67 14.66 14.65 14.64 14.61 14.60 14.66 14.64 14.60 14.70 14.73 14.69 14.53 14.65 14.72 14.77 14.67 14.65 14.56 14.64 14.64 14.65 14.63 14.67 14.68 14.71 14.73 14.76 14.78 14.77 14.79 14.78 14.78 14.77 14.76 14.76 14.74 14.74 14.73 14.72 14.73 14.73 14.71 14.72 14.69 14.72 14.75 14.72 14.71 14.71 14.65 14.70 14.73 14.64 14.71 14.73 14.71 14.70 14.71 14.70 14.71 14.76 14.75 14.70 14.68 14.63 14.66
14.63 14.64 14.62 14.60 14.57 14.58 14.55 14.52 14.51 14.55 14.61 14.60 14.61 14.62 14.63 14.57 14.63 14.63 14.52 14.63 14.60 14.64 14.68 14.63 14.74 14.73 14.66 14.63 14.60 14.55 14.57 14.65 14.63 14.61 14.66 14.68 14.70 14.71 14.74 14.73 14.75 14.76 14.74 14.75 14.75 14.73 14.73 14.69 14.78 14.74 14.70 14.72 14.69 14.67 14.66 14.68 14.67 14.70 14.68 14.65 14.65 14.69 14.68 14.71 14.70 14.69 14.69 14.68 14.68 14.68 14.66 14.67 14.71 14.71 14.66 14.67 14.61
14.61 14.60 14.60 14.58 14.56 14.58 14.53 14.47 14.38 14.49 14.48 14.59 14.58 14.59 14.62 14.58 14.60 14.60 14.66 14.62 14.57 14.53 14.59 14.64 14.70 14.76 14.68 14.64 14.59 14.57 14.51 14.59 14.62 14.63 14.62 14.63 14.67 14.68 14.70 14.70 14.71 14.70 14.72 14.72 14.72 14.70 14.77 14.71 14.74 14.71 14.71 14.72 14.69 14.65 14.65 14.70 14.68 14.65 14.71 14.66 14.66 14.67 14.69 14.64 14.64 14.67 14.65 14.65 14.65 14.66 14.67 14.64 14.67 14.66 14.63 14.60 14.52
14.58 14.63 14.59 14.46 14.34 14.46 14.44 14.37 14.26 14.28 14.32 14.53 14.50 14.59 14.61 14.61 14.57 14.49 14.57 14.55 14.53 14.48 14.52 14.45 14.67 14.67 14.71 14.63 14.55 14.50 14.48 14.56 14.61 14.61 14.60 14.59 14.63 14.67 14.69 14.67 14.67 14.66 14.69 14.68 14.72 14.76 14.77 14.74 14.72 14.71 14.72 14.70 14.70 14.73 14.70 14.66 14.68 14.73 14.64 14.64 14.67 14.69 14.69 14.62 14.61 14.61 14.66 14.62 14.62 14.61 14.64 14.65 14.65 14.63 14.64 14.62 14.53
14.58 14.55 14.56 14.51 14.33 14.33 14.35 14.25 14.31 14.44 14.50 14.52 14.45 14.51 14.54 14.58 14.59 14.51 14.49 14.49 14.54 14.47 14.38 14.59 14.34 14.63 14.63 14.59 14.45 14.40 14.35 14.45 14.49 14.54 14.56 14.59 14.60 14.60 14.62 14.64 14.64 14.64 14.68 14.66 14.68 14.70 14.72 14.71 14.68 14.58 14.59 14.63 14.64 14.60 14.63 14.67 14.65 14.60 14.62 14.61 14.67 14.68 14.68 14.67 14.62 14.59 14.62 14.64 14.62 14.60 14.62 14.57 14.63 14.62 14.63 14.56 14.56
14.49 14.55 14.45 14.46 14.49 14.36 14.26 14.15 14.34 14.46 14.46 14.53 14.51 14.51 14.54 14.53 14.55 14.56 14.51 14.50 14.53 14.50 14.34 14.56 14.45 14.39 14.49 14.52 14.43 14.33 14.17 14.30 14.41 14.48 14.48 14.55 14.56 14.58 14.59 14.58 14.57 14.63 14.66 14.62 14.63 14.62 14.64 14.62 14.67 14.59 14.66 14.61 14.56 14.57 14.56 14.55 14.59 14.61 14.60 14.58 14.66 14.61 14.65 14.69 14.66 14.62 14.56 14.57 14.60 14.58 14.59 14.60 14.59 14.59 14.59 14.49 14.51
14.52 14.51 14.50 14.48 14.46 14.36 14.24 14.18 14.12 14.47 14.54 14.49 14.51 14.50 14.53 14.51 14.51 14.52 14.52 14.50 14.51 14.51 14.30 14.33 14.45 14.43 14.31 14.44 14.37 14.39 14.38 14.18 14.36 14.29 14.39 14.47 14.52 14.53 14.57 14.58 14.62 14.50 14.57 14.64 14.59 14.63 14.61 14.59 14.60 14.62 14.58 14.60 14.59 14.58 14.56 14.58 14.62 14.61 14.62 14.63 14.63 14.55 14.59 14.60 14.55 14.57 14.57 14.51 14.53 14.56 14.56 14.56 14.55 14.57 14.58 14.54 14.60
14.43 14.49 14.49 14.46 14.48 14.42 14.29 14.22 14.23 14.39 14.50 14.51 14.49 14.49 14.48 14.48 14.47 14.51 14.52 14.49 14.46 14.50 14.49 14.43 14.37 14.36 14.37 14.51 14.37 14.46 14.45 14.22 14.24 14.11 14.27 14.34 14.39 14.49 14.50 14.61 14.60 14.60 14.54 14.59 14.63 14.61 14.59 14.56 14.57 14.59 14.56 14.56 14.62 14.60 14.62 14.54 14.60 14.61 14.61 14.61 14.55 14.54 14.59 14.56 14.50 14.57 14.59 14.59 14.51 14.50 14.51 14.54 14.56 14.61 14.56 14.55 14.53
14.42 14.46 14.41 14.37 14.43 14.45 14.38 14.29 14.36 14.33 14.43 14.47 14.51 14.48 14.48 14.45 14.48 14.48 14.49 14.46 14.45 14.43 14.50 14.47 14.39 14.36 14.32 14.43 14.39 14.27 14.19 14.06 14.04 14.19 14.08 14.24 14.24 14.20 14.31 14.47 14.52 14.51 14.53 14.54 14.56 14.55 14.56 14.53 14.49 14.49 14.56 14.59 14.52 14.57 14.59 14.57 14.57 14.59 14.55 14.52 14.51 14.57 14.54 14.46 14.39 14.47 14.49 14.51 14.58 14.35 14.47 14.51 14.53 14.54 14.58 14.59 14.60
14.40 14.35 14.32 14.31 14.30 14.13 13.83 14.28 14.30 14.35 14.42 14.43 14.45 14.47 14.41 14.47 14.48 14.46 14.47 14.43 14.46 14.46 14.48 14.45 14.21 14.14 14.13 14.26 14.27 14.25 13.96 13.84 13.98 14.24 14.12 14.10 14.14 14.12 14.08 14.25 14.36 14.42 14.48 14.47 14.51 14.50 14.52 14.50 14.50 14.49 14.48 14.50 14.54 14.50 14.52 14.53 14.59 14.56 14.53 14.51 14.51 14.55 14.54 14.51 14.42 14.44 14.50 14.49 14.46 14.47 14.37 14.36 14.41 14.48 14.54 14.56 14.55
14.37 14.36 14.34 14.28 14.17 14.13 14.07 14.25 14.16 14.28 14.28 14.35 14.36 14.41 14.43 14.46 14.46 14.42 14.44 14.41 14.43 14.41 14.38 14.38 14.35 14.31 14.23 14.26 14.33 14.34 14.02 13.96 13.94 14.13 14.22 14.11 14.10 14.21 14.13 14.11 14.19 14.30 14.38 14.45 14.46 14.47 14.47 14.46 14.45 14.47 14.47 14.50 14.52 14.51 14.49 14.53 14.50 14.54 14.52 14.51 14.50 14.47 14.51 14.53 14.47 14.50 14.51 14.46 14.43 14.49 14.44 14.36 14.41 14.45 14.50 14.48 14.52
14.19 14.34 14.32 14.27 14.29 14.15 14.29 14.32 14.39 14.30 14.35 14.31 14.25 14.33 14.33 14.39 14.45 14.42 14.36 14.37 14.37 14.38 14.40 14.38 14.31 14.37 14.31 14.33 14.32 14.36 14.26 14.00 13.94 14.00 14.13 14.13 14.25 14.37 14.29 14.15 14.11 14.20 14.22 14.29 14.39 14.42 14.37 14.39 14.41 14.44 14.51 14.52 14.46 14.51 14.36 14.47 14.47 14.49 14.51 14.45 14.44 14.45 14.45 14.44 14.47 14.37 14.35 14.35 14.45 14.46 14.46 14.42 14.44 14.48 14.46 14.49 14.48
14.24 14.10 14.00 14.04 14.11 14.14 14.24 14.23 14.22 14.30 14.29 14.35 14.31 14.37 14.31 14.30 14.35 14.31 14.26 14.31 14.40 14.34 14.33 14.35 14.37 14.38 14.41 14.38 14.26 14.25 14.33 14.36 14.31 14.15 14.11 14.10 14.15 14.21 14.21 14.14 14.26 14.19 14.12 14.16 14.18 14.34 14.41 14.38 14.40 14.42 14.47 14.49 14.41 14.42 14.36 14.37 14.40 14.46 14.45 14.46 14.42 14.43 14.44 14.48 14.42 14.42 14.37 14.36 14.34 14.41 14.42 14.41 14.44 14.43 14.46 14.45 14.44
14.32 14.27 14.13 14.07 13.94 14.06 14.28 14.19 14.13 14.26 14.36 14.32 14.34 14.36 14.36 14.30 14.28 14.24 14.33 14.36 14.34 14.35 14.32 14.31 14.38 14.38 14.39 14.40 14.45 14.37 14.23 14.21 14.16 14.12 14.13 14.17 14.14 14.16 14.26 14.21 14.23 14.20 14.20 14.12 14.06 14.24 14.32 14.38 14.41 14.39 14.42 14.41 14.36 14.33 14.32 14.35 14.37 14.48 14.47 14.48 14.38 14.43 14.43 14.43 14.46 14.42 14.38 14.37 14.40 14.38 14.39 14.38 14.41 14.41 14.41 14.41 14.41
14.33 14.32 14.28 14.33 14.29 14.13 14.12 14.16 14.23 14.28 14.32 14.34 14.31 14.35 14.34 14.33 14.35 14.35 14.35 14.36 14.36 14.35 14.34 14.33 14.32 14.34 14.34 14.43 14.43 14.46 14.29 14.28 14.07 14.05 14.09 14.10 14.15 14.14 14.18 14.14 14.17 14.21 14.21 14.15 14.09 14.25 14.27 14.26 14.29 14.27 14.35 14.30 14.25 14.23 14.34 14.41 14.38 14.41 14.35 14.41 14.42 14.50 14.38 14.41 14.43 14.44 14.44 14.42 14.39 14.38 14.39 14.41 14.38 14.40 14.43 14.40 14.39
14.32 14.34 14.32 14.31 14.31 14.32 14.20 14.02 14.19 14.27 14.27 14.30 14.29 14.28 14.32 14.31 14.32 14.34 14.33 14.30 14.32 14.36 14.33 14.34 14.28 14.34 14.33 14.39 14.44 14.36 14.30 14.30 14.12 14.04 14.03 14.05 14.10 14.11 14.15 14.13 14.13 14.16 14.21 14.16 14.08 14.11 14.20 14.24 14.20 14.24 14.29 14.32 14.30 14.29 14.28 14.26 14.24 14.29 14.31 14.35 14.37 14.43 14.44 14.41 14.38 14.41 14.42 14.40 14.39 14.36 14.38 14.34 14.39 14.38 14.37 14.37 14.35
14.31 14.34 14.33 14.32 14.32 14.32 13.99 14.20 14.19 14.19 14.26 14.29 14.35 14.27 14.28 14.31 14.29 14.30 14.30 14.30 14.30 14.31 14.32 14.30 14.28 14.32 14.32 14.34 14.36 14.32 14.31 14.36 14.26 14.30 14.19 14.10 14.12 14.04 14.08 14.08 14.05 14.12 14.17 14.09 14.05 14.06 14.08 14.11 14.13 14.18 14.21 14.27 14.33 14.31 14.24 14.24 14.29 14.30 14.24 14.33 14.35 14.32 14.40 14.37 14.38 14.38 14.39 14.40 14.39 14.38 14.38 14.37 14.35 14.36 14.33 14.32 14.34
14.29 14.31 14.32 14.31 14.32 14.31 14.31 14.30 14.30 14.23 14.21 14.28 14.29 14.25 14.28 14.27 14.31 14.28 14.27 14.27 14.29 14.29 14.28 14.32 14.31 14.34 14.33 14.33 14.29 14.29 14.28 14.29 14.27 14.31 14.29 14.25 14.18 14.08 14.02 14.04 14.11 14.08 14.14 14.07 14.07 14.11 14.06 14.03 14.07 14.09 14.14 14.20 14.23 14.21 14.17 14.27 14.31 14.32 14.22 14.34 14.26 14.33 14.30 14.35 14.31 14.31 14.37 14.35 14.36 14.35 14.35 14.32 14.36 14.32 14.31 14.29 14.33
14.20 14.29 14.26 14.28 14.28 14.29 14.30 14.28 14.32 14.28 14.27 14.20 14.29 14.26 14.28 14.27 14.28 14.29 14.27 14.28 14.27 14.27 14.24 14.26 14.27 14.30 14.33 14.29 14.29 14.26 14.31 14.31 14.30 14.30 14.26 14.25 14.21 14.20 14.15 14.09 14.06 14.06 14.08 14.01 14.01 14.03 14.08 14.04 14.07 14.13 14.12 14.08 14.09 14.15 14.28 14.36 14.28 14.28 14.35 14.39 14.38 14.34 14.32 14.30 14.30 14.29 14.33 14.35 14.32 14.31 14.33 14.31 14.31 14.23 14.14 14.24 14.25
14.12 14.19 14.23 14.27 14.24 14.25 14.29 14.27 14.27 14.26 14.26 14.25 14.22 14.24 14.26 14.26 14.24 14.23 14.21 14.23 14.22 14.28 14.26 14.24 14.24 14.26 14.27 14.31 14.26 14.24 14.26 14.27 14.29 14.27 14.27 14.25 14.21 14.17 14.16 14.16 14.14 14.13 14.09 14.01 14.00 14.14 14.09 14.00 14.05 14.06 14.07 13.99 13.98 14.18 14.29 14.30 14.21 14.24 14.29 14.37 14.37 14.35 14.30 14.33 14.32 14.30 14.29 14.31 14.30 14.28 14.27 14.27 14.29 14.15 13.99 14.06 14.06
14.11 14.17 14.16 14.21 14.24 14.26 14.21 14.21 14.25 14.24 14.23 14.26 14.27 14.18 14.21 14.21 14.26 14.20 14.21 14.21 14.20 14.24 14.21 14.23 14.24 14.26 14.22 14.22 14.24 14.27 14.28 14.25 14.27 14.28 14.22 14.23 14.23 14.18 14.15 14.11 14.12 14.14 14.11 14.07 13.93 13.91 13.99 14.03 13.96 14.04 14.00 14.03 14.17 14.12 14.20 14.26 14.18 14.17 14.16 14.30 14.33 14.34 14.32 14.31 14.29 14.26 14.29 14.28 14.28 14.27 14.17 13.95 14.14 14.10 14.03 14.09 14.11
14.12 14.12 14.14 14.15 14.16 14.16 14.22 14.23 14.21 14.17 14.24 14.24 14.23 14.17 14.21 14.18 14.19 14.21 14.20 14.19 14.20 14.22 14.22 14.23 14.23 14.25 14.24 14.20 14.21 14.24 14.25 14.24 14.23 14.28 14.25 14.20 14.21 14.21 14.19 14.17 14.13 14.06 14.07 14.06 14.06 14.03 13.96 13.95 13.95 13.96 13.99 13.96 14.10 14.07 14.13 14.13 14.12 14.05 14.18 14.26 14.27 14.29 14.28 14.29 14.30 14.29 14.27 14.24 14.24 14.25 13.99 13.94 14.08 14.16 14.06 14.08 14.12
14.13 14.06 14.10 14.12 14.15 14.03 14.07 14.13 14.15 14.01 14.07 14.15 14.19 14.18 14.20 14.18 14.18 14.17 14.19 14.18 14.17 14.21 14.24 14.21 14.20 14.26 14.23 14.20 14.22 14.24 14.22 14.21 14.23 14.24 14.25 14.19 14.18 14.20 14.23 14.14 14.11 14.05 14.03 14.01 14.06 14.01 13.92 13.92 13.87 13.94 13.93 13.97 14.06 14.02 14.09 14.11 14.17 14.08 14.11 14.22 14.25 14.24 14.28 14.28 14.26 14.24 14.26 14.23 14.21 14.13 14.00 14.01 14.06 14.23 14.21 14.12 14.03
13.27 14.08 14.03 14.09 14.15 14.08 14.03 13.99 13.68 13.94 14.00 13.74 14.00 14.14 14.18 14.18 14.16 14.15 14.13 14.14 14.16 14.14 14.14 14.21 14.19 14.19 14.19 14.20 14.21 14.24 14.24 14.19 14.18 14.20 14.20 14.18 14.16 14.16 14.19 14.17 14.13 14.05 14.04 13.98 13.98 13.98 13.93 13.91 13.97 13.98 13.99 13.95 13.95 14.00 13.97 14.10 14.08 14.10 14.12 14.18 14.11 14.14 14.26 14.24 14.25 14.25 14.27 14.23 14.16 14.09 13.97 13.91 14.11 14.05 14.13 14.20 14.03
13.88 14.10 14.05 14.04 14.06 14.08 14.00 13.98 13.97 13.97 13.99 13.93 13.92 13.95 14.06 14.15 14.17 14.12 14.13 14.11 14.16 14.13 14.14 14.12 14.14 14.18 14.21 14.22 14.20 14.21 14.20 14.20 14.18 14.19 14.18 14.20 14.19 14.15 14.21 14.20 14.06 13.98 13.99 13.96 13.96 13.90 13.94 13.96 14.02 13.97 14.00 14.00 13.97 13.95 14.05 14.02 14.06 14.07 14.09 14.17 14.18 14.16 14.23 14.25 14.23 14.22 14.23 14.24 14.17 14.06 14.03 14.00 14.12 14.14 14.03 13.96 14.06
14.07 14.11 14.10 14.07 14.00 13.99 13.94 13.90 13.97 13.94 14.00 13.99 13.90 13.97 13.84 13.90 14.06 14.14 14.08 14.11 14.10 14.11 14.15 14.14 14.13 14.17 14.17 14.20 14.19 14.19 14.20 14.20 14.11 14.14 14.17 14.19 14.16 14.18 14.17 14.15 14.12 14.02 13.98 13.93 14.01 14.01 14.07 14.03 14.03 14.07 13.99 13.94 13.99 14.04 14.03 13.93 14.00 14.04 14.09 14.15 14.16 14.19 14.21 14.24 14.24 14.19 14.18 14.23 14.17 14.17 14.17 14.09 14.06 14.02 14.01 13.95 13.90
14.12 14.06 13.80 14.06 14.04 13.95 14.01 13.94 13.97 14.05 13.52 13.70 13.91 13.88 13.98 13.78 13.93 14.03 14.09 14.14 14.10 14.10 14.11 14.08 14.09 14.13 14.15 14.16 14.15 14.17 14.18 14.17 14.11 14.05 14.09 14.10 14.17 14.19 14.15 14.15 14.12 14.03 13.94 13.90 13.97 14.04 14.00 13.99 13.99 13.95 13.95 13.93 13.96 13.99 14.01 14.01 13.91 13.97 14.07 14.08 14.05 14.09 14.17 14.22 14.25 14.24 14.21 14.17 13.88 14.13 14.06 14.02 14.12 14.00 13.95 13.79 13.85
